date: '2026-02-21 16:32:02'
test/T-mAP: 0.1202227994799614
test/T-mAP-weighted: 0.40624040365219116
test/horizon-max-f-score: 0.18403194844722748
test/horizon-max-f-score-weighted: 0.4636313319206238
test/horizon-mean-time-step: 0.40869393944740295
test/loss: 2.53240704536438
test/loss_labels: 1.8537575006484985
test/loss_timestamps: 0.6786496639251709
test/mean-predicted-length: 22.656517028808594
test/mean-target-length: 15.583646774291992
test/next-item-accuracy: 0.40059712529182434
test/next-item-mae: 0.6772058010101318
test/next-item-map: 0.10405212640762329
test/next-item-map-weighted: 0.31985658407211304
test/next-item-max-f-score: 0.1614459753036499
test/next-item-max-f-score-weighted: 0.42250242829322815
test/next-item-mean-time-step: 0.90064936876297
test/next-item-rmse: 1.0926313400268555
test/next-k-label-distribution-delta: 8.86897087097168
test/optimal-transport-distance: 13.50343132019043
test/sequence-labels-entropy: 0.6227253079414368
test/target-sequence-labels-entropy: 1.4227652549743652
val/T-mAP: 0.1264486163854599
val/T-mAP-weighted: 0.4137223958969116
val/horizon-max-f-score: 0.1946769803762436
val/horizon-max-f-score-weighted: 0.46978825330734253
val/horizon-mean-time-step: 0.4140620827674866
val/loss: 2.492213487625122
val/loss_labels: 1.801564335823059
val/loss_timestamps: 0.6906492710113525
val/mean-predicted-length: 22.578834533691406
val/mean-target-length: 15.263496398925781
val/next-item-accuracy: 0.41757169365882874
val/next-item-mae: 0.6873779892921448
val/next-item-map: 0.10575351119041443
val/next-item-map-weighted: 0.3357399106025696
val/next-item-max-f-score: 0.16808505356311798
val/next-item-max-f-score-weighted: 0.43737584352493286
val/next-item-mean-time-step: 0.9263876676559448
val/next-item-rmse: 1.1127651929855347
val/next-k-label-distribution-delta: 8.576332092285156
val/optimal-transport-distance: 13.38573169708252
val/sequence-labels-entropy: 0.6231009364128113
val/target-sequence-labels-entropy: 1.385812759399414
