date: '2025-12-14 16:33:38'
test/T-mAP: 0.13114334642887115
test/T-mAP-weighted: 0.4435543715953827
test/horizon-max-f-score: 0.18640528619289398
test/horizon-max-f-score-weighted: 0.4833800792694092
test/horizon-mean-time-step: 0.38629886507987976
test/loss: 2.3384928703308105
test/loss_labels: 1.6817331314086914
test/loss_timestamps: 0.6567596197128296
test/mean-predicted-length: 23.679439544677734
test/mean-target-length: 15.583646774291992
test/next-item-accuracy: 0.4360668659210205
test/next-item-mae: 0.6556182503700256
test/next-item-map: 0.11519089341163635
test/next-item-map-weighted: 0.3383989930152893
test/next-item-max-f-score: 0.17377227544784546
test/next-item-max-f-score-weighted: 0.43587368726730347
test/next-item-mean-time-step: 0.8845604062080383
test/next-item-rmse: 1.0763182640075684
test/next-k-label-distribution-delta: 9.61683177947998
test/optimal-transport-distance: 13.573741912841797
test/sequence-labels-entropy: 0.3594912588596344
test/target-sequence-labels-entropy: 1.4227653741836548
val/T-mAP: 0.14030060172080994
val/T-mAP-weighted: 0.4550016224384308
val/horizon-max-f-score: 0.19884520769119263
val/horizon-max-f-score-weighted: 0.4944034218788147
val/horizon-mean-time-step: 0.389651358127594
val/loss: 2.3042945861816406
val/loss_labels: 1.6335399150848389
val/loss_timestamps: 0.670754611492157
val/mean-predicted-length: 23.618877410888672
val/mean-target-length: 15.263496398925781
val/next-item-accuracy: 0.45088469982147217
val/next-item-mae: 0.6677470803260803
val/next-item-map: 0.12122664600610733
val/next-item-map-weighted: 0.3545227646827698
val/next-item-max-f-score: 0.178175151348114
val/next-item-max-f-score-weighted: 0.4498162269592285
val/next-item-mean-time-step: 0.9122883677482605
val/next-item-rmse: 1.101473331451416
val/next-k-label-distribution-delta: 9.38791561126709
val/optimal-transport-distance: 13.462807655334473
val/sequence-labels-entropy: 0.3326405882835388
val/target-sequence-labels-entropy: 1.3858129978179932
