date: '2024-05-27 19:01:10'
val/detection-mAP: 0.06974942982196808
val/horizon-mean-time-step: 0.7562819123268127
val/loss: 2.989041566848755
val/loss_labels: 2.3332176208496094
val/loss_timestamps: 0.655823290348053
val/mean-predicted-length: 3.0
val/mean-target-length: 9.149765014648438
val/next-item-accuracy: 0.38509321212768555
val/next-item-mae: 0.5692923069000244
val/next-item-mean-time-step: 0.8243224024772644
test/detection-mAP: 0.07028912752866745
test/horizon-mean-time-step: 0.759002685546875
test/loss: 3.007420539855957
test/loss_labels: 2.3510358333587646
test/loss_timestamps: 0.6563848257064819
test/mean-predicted-length: 3.0
test/mean-target-length: 9.136935234069824
test/next-item-accuracy: 0.3821362555027008
test/next-item-mae: 0.57113116979599
test/next-item-mean-time-step: 0.8239291310310364
