date: '2024-08-09 05:53:17'
test/T-mAP: 0.04402654245495796
test/horizon-mean-time-step: 0.6098790764808655
test/loss: 3.0352721214294434
test/loss_labels: 2.4175057411193848
test/loss_timestamps: 0.6177660226821899
test/mean-predicted-length: 10.580366134643555
test/mean-target-length: 9.136935234069824
test/next-item-accuracy: 0.37626370787620544
test/next-item-mae: 0.640211284160614
test/next-item-mean-time-step: 0.8289051651954651
test/next-item-rmse: 1.1943755149841309
test/optimal-transport-distance: 7.179469585418701
val/T-mAP: 0.04258017987012863
val/horizon-mean-time-step: 0.6094359755516052
val/loss: 3.0160632133483887
val/loss_labels: 2.39918851852417
val/loss_timestamps: 0.6168745160102844
val/mean-predicted-length: 10.582818984985352
val/mean-target-length: 9.149765014648438
val/next-item-accuracy: 0.37812814116477966
val/next-item-mae: 0.6393071413040161
val/next-item-mean-time-step: 0.8292524218559265
val/next-item-rmse: 1.1900140047073364
val/optimal-transport-distance: 7.168879508972168
