date: '2024-08-05 01:03:53'
test/detection-mAP: 0.05257997289299965
test/horizon-mean-time-step: 0.6388026475906372
test/loss: 2.9576122760772705
test/loss_labels: 2.3528082370758057
test/loss_timestamps: 0.6048036217689514
test/mean-predicted-length: 2.9999477863311768
test/mean-target-length: 9.136935234069824
test/next-item-accuracy: 0.38228341937065125
test/next-item-mae: 0.6517768502235413
test/next-item-mean-time-step: 0.828977108001709
test/next-item-rmse: 1.2011128664016724
val/detection-mAP: 0.051012877374887466
val/horizon-mean-time-step: 0.6393662691116333
val/loss: 2.938906192779541
val/loss_labels: 2.3349757194519043
val/loss_timestamps: 0.6039308309555054
val/mean-predicted-length: 2.9998667240142822
val/mean-target-length: 9.149765014648438
val/next-item-accuracy: 0.385081022977829
val/next-item-mae: 0.651093065738678
val/next-item-mean-time-step: 0.8294631838798523
val/next-item-rmse: 1.1964253187179565
