date: '2024-06-02 08:49:24'
test/detection-mAP: 0.037326183170080185
test/horizon-mean-time-step: 0.7636678814888
test/loss: 3.1169703006744385
test/loss_labels: 2.42756986618042
test/loss_timestamps: 0.6893997192382812
test/mean-predicted-length: 9.308195114135742
test/mean-target-length: 9.136935234069824
test/next-item-accuracy: 0.37674349546432495
test/next-item-mae: 0.5724011659622192
test/next-item-mean-time-step: 0.8154287338256836
test/next-item-rmse: 1.0910671949386597
test/optimal-transport-distance: 7.100978851318359
val/detection-mAP: 0.03265412151813507
val/horizon-mean-time-step: 0.756181538105011
val/loss: 3.0979256629943848
val/loss_labels: 2.409047842025757
val/loss_timestamps: 0.6888781189918518
val/mean-predicted-length: 9.377196311950684
val/mean-target-length: 9.149765014648438
val/next-item-accuracy: 0.3798263370990753
val/next-item-mae: 0.5706101059913635
val/next-item-mean-time-step: 0.8152454495429993
val/next-item-rmse: 1.0926350355148315
val/optimal-transport-distance: 7.098290920257568
