date: '2024-08-09 03:25:09'
test/T-mAP: 0.04733850806951523
test/horizon-mean-time-step: 0.618053138256073
test/loss: 2.955775499343872
test/loss_labels: 2.355130910873413
test/loss_timestamps: 0.6006447076797485
test/mean-predicted-length: 3.0
test/mean-target-length: 9.136935234069824
test/next-item-accuracy: 0.38088497519493103
test/next-item-mae: 0.6375524997711182
test/next-item-mean-time-step: 0.8279651403427124
test/next-item-rmse: 1.192466139793396
val/T-mAP: 0.05163709446787834
val/horizon-mean-time-step: 0.6203202605247498
val/loss: 2.937014579772949
val/loss_labels: 2.3372879028320312
val/loss_timestamps: 0.5997269749641418
val/mean-predicted-length: 2.9998998641967773
val/mean-target-length: 9.149765014648438
val/next-item-accuracy: 0.3829171657562256
val/next-item-mae: 0.6366795897483826
val/next-item-mean-time-step: 0.828332781791687
val/next-item-rmse: 1.1876143217086792
