date: '2024-05-25 20:49:33'
val/detection-mAP: 0.03443130850791931
val/horizon-mean-time-step: 0.7842081785202026
val/loss: 3.1168830394744873
val/loss_labels: 2.425450563430786
val/loss_timestamps: 0.6914321780204773
val/mean-predicted-length: 12.374228477478027
val/mean-target-length: 9.149765014648438
val/next-item-accuracy: 0.37841078639030457
val/next-item-mae: 0.5795466899871826
val/next-item-mean-time-step: 0.8245997428894043
val/optimal-transport-distance: 13.569962501525879
test/detection-mAP: 0.03904474154114723
test/horizon-mean-time-step: 0.7915874719619751
test/loss: 3.136207342147827
test/loss_labels: 2.4442355632781982
test/loss_timestamps: 0.691972553730011
test/mean-predicted-length: 12.195711135864258
test/mean-target-length: 9.136935234069824
test/next-item-accuracy: 0.37589552998542786
test/next-item-mae: 0.5812174677848816
test/next-item-mean-time-step: 0.8242200016975403
test/optimal-transport-distance: 13.568718910217285
