date: '2024-05-25 00:30:53'
val/detection-mAP: 0.04894893616437912
val/horizon-mean-time-step: 0.776925802230835
val/loss: 3.0643820762634277
val/loss_labels: 2.382855176925659
val/loss_timestamps: 0.6815264821052551
val/mean-predicted-length: 7.512455463409424
val/mean-target-length: 9.149765014648438
val/next-item-accuracy: 0.38140639662742615
val/next-item-mae: 0.5711215734481812
val/next-item-mean-time-step: 0.824286162853241
val/optimal-transport-distance: 13.483591079711914
test/detection-mAP: 0.052115827798843384
test/horizon-mean-time-step: 0.7835982441902161
test/loss: 3.0829999446868896
test/loss_labels: 2.401094436645508
test/loss_timestamps: 0.6819047331809998
test/mean-predicted-length: 7.505133152008057
test/mean-target-length: 9.136935234069824
test/next-item-accuracy: 0.37841796875
test/next-item-mae: 0.5727443695068359
test/next-item-mean-time-step: 0.8239045143127441
test/optimal-transport-distance: 13.501462936401367
