date: '2024-08-05 08:03:12'
test/detection-mAP: 0.04089118540287018
test/horizon-mean-time-step: 0.621192216873169
test/loss: 3.0569443702697754
test/loss_labels: 2.4370479583740234
test/loss_timestamps: 0.6198963522911072
test/mean-predicted-length: 11.218567848205566
test/mean-target-length: 9.136935234069824
test/next-item-accuracy: 0.3761681318283081
test/next-item-mae: 0.653678297996521
test/next-item-mean-time-step: 0.8288065791130066
test/next-item-rmse: 1.21285879611969
test/optimal-transport-distance: 7.208799839019775
val/detection-mAP: 0.03914131224155426
val/horizon-mean-time-step: 0.6207834482192993
val/loss: 3.0371499061584473
val/loss_labels: 2.418210744857788
val/loss_timestamps: 0.6189393997192383
val/mean-predicted-length: 11.240203857421875
val/mean-target-length: 9.149765014648438
val/next-item-accuracy: 0.37864750623703003
val/next-item-mae: 0.6527276039123535
val/next-item-mean-time-step: 0.8292722105979919
val/next-item-rmse: 1.2088780403137207
val/optimal-transport-distance: 7.202629566192627
