date: '2024-08-05 06:12:12'
test/detection-mAP: 0.045236919075250626
test/horizon-mean-time-step: 0.6443701386451721
test/loss: 3.042713165283203
test/loss_labels: 2.423192262649536
test/loss_timestamps: 0.6195213794708252
test/mean-predicted-length: 10.710509300231934
test/mean-target-length: 9.136935234069824
test/next-item-accuracy: 0.37762659788131714
test/next-item-mae: 0.6564895510673523
test/next-item-mean-time-step: 0.8291853070259094
test/next-item-rmse: 1.2035151720046997
test/optimal-transport-distance: 7.171917915344238
val/detection-mAP: 0.04012426361441612
val/horizon-mean-time-step: 0.6439217925071716
val/loss: 3.023369550704956
val/loss_labels: 2.404742956161499
val/loss_timestamps: 0.6186266541481018
val/mean-predicted-length: 10.726381301879883
val/mean-target-length: 9.149765014648438
val/next-item-accuracy: 0.38023051619529724
val/next-item-mae: 0.6556588411331177
val/next-item-mean-time-step: 0.8296306133270264
val/next-item-rmse: 1.1991273164749146
val/optimal-transport-distance: 7.164908409118652
