date: '2024-08-04 23:43:57'
test/detection-mAP: 0.042286574840545654
test/horizon-mean-time-step: .nan
test/loss: 2.8251349925994873
test/loss_labels: 2.255690336227417
test/loss_timestamps: 0.5694447159767151
test/mean-predicted-length: 1.0
test/mean-target-length: 9.136935234069824
test/next-item-accuracy: 0.38313060998916626
test/next-item-mae: 0.648612380027771
test/next-item-mean-time-step: 0.829325795173645
test/next-item-rmse: 1.2017468214035034
val/detection-mAP: 0.04473012685775757
val/horizon-mean-time-step: .nan
val/loss: 2.8067660331726074
val/loss_labels: 2.2379159927368164
val/loss_timestamps: 0.5688495635986328
val/mean-predicted-length: 1.0
val/mean-target-length: 9.149765014648438
val/next-item-accuracy: 0.38563650846481323
val/next-item-mae: 0.647792637348175
val/next-item-mean-time-step: 0.8298181295394897
val/next-item-rmse: 1.1966288089752197
