date: '2024-05-25 17:22:28'
val/detection-mAP: 0.071099191904068
val/horizon-mean-time-step: 0.753288209438324
val/loss: 3.015279531478882
val/loss_labels: 2.349811553955078
val/loss_timestamps: 0.6654683947563171
val/mean-predicted-length: 4.0
val/mean-target-length: 9.149765014648438
val/next-item-accuracy: 0.3840969502925873
val/next-item-mae: 0.5698316097259521
val/next-item-mean-time-step: 0.8243438005447388
test/detection-mAP: 0.07162874191999435
test/horizon-mean-time-step: 0.7562497854232788
test/loss: 3.0338375568389893
test/loss_labels: 2.3679327964782715
test/loss_timestamps: 0.6659046411514282
test/mean-predicted-length: 4.0
test/mean-target-length: 9.136935234069824
test/next-item-accuracy: 0.3816186189651489
test/next-item-mae: 0.5714142918586731
test/next-item-mean-time-step: 0.8239539265632629
