date: '2024-08-09 07:24:50'
test/T-mAP: 0.03938006982207298
test/horizon-mean-time-step: 0.6382638216018677
test/loss: 3.0585784912109375
test/loss_labels: 2.4392435550689697
test/loss_timestamps: 0.6193355917930603
test/mean-predicted-length: 10.749954223632812
test/mean-target-length: 9.136935234069824
test/next-item-accuracy: 0.37354782223701477
test/next-item-mae: 0.6435710191726685
test/next-item-mean-time-step: 0.8281978368759155
test/next-item-rmse: 1.1952990293502808
test/optimal-transport-distance: 7.167282581329346
val/T-mAP: 0.03760474547743797
val/horizon-mean-time-step: 0.6371845006942749
val/loss: 3.0391781330108643
val/loss_labels: 2.4208102226257324
val/loss_timestamps: 0.6183679699897766
val/mean-predicted-length: 10.774568557739258
val/mean-target-length: 9.149765014648438
val/next-item-accuracy: 0.3756904602050781
val/next-item-mae: 0.6428415775299072
val/next-item-mean-time-step: 0.8285514712333679
val/next-item-rmse: 1.1911075115203857
val/optimal-transport-distance: 7.1646318435668945
