date: '2024-05-25 10:01:27'
val/detection-mAP: 0.04106494039297104
val/horizon-mean-time-step: 0.810680091381073
val/loss: 3.103609800338745
val/loss_labels: 2.4113752841949463
val/loss_timestamps: 0.6922341585159302
val/mean-predicted-length: 9.044018745422363
val/mean-target-length: 9.149765014648438
val/next-item-accuracy: 0.37867388129234314
val/next-item-mae: 0.5909380316734314
val/next-item-mean-time-step: 0.8245851993560791
val/optimal-transport-distance: 13.60568618774414
test/detection-mAP: 0.043763261288404465
test/horizon-mean-time-step: 0.8165139555931091
test/loss: 3.1227169036865234
test/loss_labels: 2.430004119873047
test/loss_timestamps: 0.6927123069763184
test/mean-predicted-length: 8.991196632385254
test/mean-target-length: 9.136935234069824
test/next-item-accuracy: 0.3760029673576355
test/next-item-mae: 0.5926218032836914
test/next-item-mean-time-step: 0.8241944909095764
test/optimal-transport-distance: 13.617762565612793
