date: '2024-08-09 04:01:00'
test/T-mAP: 0.05077210068702698
test/horizon-mean-time-step: 0.6590446829795837
test/loss: 2.976729154586792
test/loss_labels: 2.370293140411377
test/loss_timestamps: 0.6064359545707703
test/mean-predicted-length: 3.999790906906128
test/mean-target-length: 9.136935234069824
test/next-item-accuracy: 0.3810027241706848
test/next-item-mae: 0.6348660588264465
test/next-item-mean-time-step: 0.8279742002487183
test/next-item-rmse: 1.1936320066452026
val/T-mAP: 0.056994132697582245
val/horizon-mean-time-step: 0.6602455973625183
val/loss: 2.957749843597412
val/loss_labels: 2.352137804031372
val/loss_timestamps: 0.6056123375892639
val/mean-predicted-length: 3.9996330738067627
val/mean-target-length: 9.149765014648438
val/next-item-accuracy: 0.3826579749584198
val/next-item-mae: 0.6339129209518433
val/next-item-mean-time-step: 0.8283453583717346
val/next-item-rmse: 1.1889067888259888
