date: '2024-08-09 05:13:42'
test/T-mAP: 0.049946222454309464
test/horizon-mean-time-step: 0.6585401892662048
test/loss: 3.016089916229248
test/loss_labels: 2.400923728942871
test/loss_timestamps: 0.6151667237281799
test/mean-predicted-length: 7.918445110321045
test/mean-target-length: 9.136935234069824
test/next-item-accuracy: 0.378933310508728
test/next-item-mae: 0.6370126008987427
test/next-item-mean-time-step: 0.8276989459991455
test/next-item-rmse: 1.1947814226150513
test/optimal-transport-distance: 7.125776290893555
val/T-mAP: 0.053883761167526245
val/horizon-mean-time-step: 0.6589580774307251
val/loss: 2.9970130920410156
val/loss_labels: 2.3827083110809326
val/loss_timestamps: 0.6143051385879517
val/mean-predicted-length: 7.909794330596924
val/mean-target-length: 9.149765014648438
val/next-item-accuracy: 0.38057708740234375
val/next-item-mae: 0.6361443996429443
val/next-item-mean-time-step: 0.8280657529830933
val/next-item-rmse: 1.1904293298721313
val/optimal-transport-distance: 7.115753650665283
