date: '2024-08-05 03:35:18'
test/detection-mAP: 0.05256897583603859
test/horizon-mean-time-step: 0.6526819467544556
test/loss: 3.0153186321258545
test/loss_labels: 2.398688316345215
test/loss_timestamps: 0.6166307330131531
test/mean-predicted-length: 7.92189359664917
test/mean-target-length: 9.136935234069824
test/next-item-accuracy: 0.3804078698158264
test/next-item-mae: 0.6521443724632263
test/next-item-mean-time-step: 0.8290310502052307
test/next-item-rmse: 1.2038079500198364
test/optimal-transport-distance: 7.138828754425049
val/detection-mAP: 0.0511571429669857
val/horizon-mean-time-step: 0.6528733372688293
val/loss: 2.996201992034912
val/loss_labels: 2.3804209232330322
val/loss_timestamps: 0.6157806515693665
val/mean-predicted-length: 7.912528991699219
val/mean-target-length: 9.149765014648438
val/next-item-accuracy: 0.3835151195526123
val/next-item-mae: 0.6512653827667236
val/next-item-mean-time-step: 0.8295382857322693
val/next-item-rmse: 1.198854923248291
val/optimal-transport-distance: 7.12894868850708
