date: '2024-08-05 00:23:09'
test/detection-mAP: 0.04800811782479286
test/horizon-mean-time-step: 0.6131612658500671
test/loss: 2.9202497005462646
test/loss_labels: 2.324681520462036
test/loss_timestamps: 0.5955675840377808
test/mean-predicted-length: 2.0
test/mean-target-length: 9.136935234069824
test/next-item-accuracy: 0.38205596804618835
test/next-item-mae: 0.6496334075927734
test/next-item-mean-time-step: 0.8295996189117432
test/next-item-rmse: 1.2014005184173584
val/detection-mAP: 0.04977283999323845
val/horizon-mean-time-step: 0.6143990755081177
val/loss: 2.9017317295074463
val/loss_labels: 2.3069093227386475
val/loss_timestamps: 0.5948225855827332
val/mean-predicted-length: 1.999899983406067
val/mean-target-length: 9.149765014648438
val/next-item-accuracy: 0.3849165141582489
val/next-item-mae: 0.6488797664642334
val/next-item-mean-time-step: 0.8301154971122742
val/next-item-rmse: 1.1965197324752808
