date: '2024-08-05 04:45:55'
test/detection-mAP: 0.0435534305870533
test/horizon-mean-time-step: 0.623680591583252
test/loss: 3.0339231491088867
test/loss_labels: 2.415104866027832
test/loss_timestamps: 0.6188183426856995
test/mean-predicted-length: 10.539275169372559
test/mean-target-length: 9.136935234069824
test/next-item-accuracy: 0.3775964081287384
test/next-item-mae: 0.6497978568077087
test/next-item-mean-time-step: 0.8287914991378784
test/next-item-rmse: 1.2117165327072144
test/optimal-transport-distance: 7.192595481872559
val/detection-mAP: 0.04291098192334175
val/horizon-mean-time-step: 0.6236640810966492
val/loss: 3.0143895149230957
val/loss_labels: 2.3964195251464844
val/loss_timestamps: 0.6179694533348083
val/mean-predicted-length: 10.536565780639648
val/mean-target-length: 9.149765014648438
val/next-item-accuracy: 0.3805936872959137
val/next-item-mae: 0.6489929556846619
val/next-item-mean-time-step: 0.8292670845985413
val/next-item-rmse: 1.2072032690048218
val/optimal-transport-distance: 7.178529262542725
