date: '2024-05-25 10:28:06'
val/detection-mAP: 0.04500233381986618
val/horizon-mean-time-step: 0.775213360786438
val/loss: 3.082486391067505
val/loss_labels: 2.3953137397766113
val/loss_timestamps: 0.6871728897094727
val/mean-predicted-length: 8.432920455932617
val/mean-target-length: 9.149765014648438
val/next-item-accuracy: 0.3807581663131714
val/next-item-mae: 0.5726337432861328
val/next-item-mean-time-step: 0.8242889046669006
val/optimal-transport-distance: 13.525191307067871
test/detection-mAP: 0.04608766734600067
test/horizon-mean-time-step: 0.7823043465614319
test/loss: 3.1016194820404053
test/loss_labels: 2.413989543914795
test/loss_timestamps: 0.6876294612884521
test/mean-predicted-length: 8.394294738769531
test/mean-target-length: 9.136935234069824
test/next-item-accuracy: 0.3774966299533844
test/next-item-mae: 0.5745260119438171
test/next-item-mean-time-step: 0.8239044547080994
test/optimal-transport-distance: 13.542198181152344
