date: '2024-05-25 09:28:28'
val/detection-mAP: 0.05181414261460304
val/horizon-mean-time-step: 0.843869686126709
val/loss: 3.1437292098999023
val/loss_labels: 2.4183096885681152
val/loss_timestamps: 0.7254191040992737
val/mean-predicted-length: 8.146329879760742
val/mean-target-length: 9.149765014648438
val/next-item-accuracy: 0.37831658124923706
val/next-item-mae: 0.6933866143226624
val/next-item-mean-time-step: 0.8243259787559509
val/optimal-transport-distance: 13.485955238342285
val/timestamps-bias-mean: 0.49880459904670715
val/timestamps-current_influence: -0.2683362364768982
test/detection-mAP: 0.05249551683664322
test/horizon-mean-time-step: 0.8453748822212219
test/loss: 3.1636598110198975
test/loss_labels: 2.436986207962036
test/loss_timestamps: 0.7266736626625061
test/mean-predicted-length: 8.125518798828125
test/mean-target-length: 9.136935234069824
test/next-item-accuracy: 0.3755602538585663
test/next-item-mae: 0.694277822971344
test/next-item-mean-time-step: 0.8239386081695557
test/optimal-transport-distance: 13.506771087646484
test/timestamps-bias-mean: 0.49745869636535645
test/timestamps-current_influence: -0.2683362066745758
