date: '2024-05-27 19:01:48'
val/detection-mAP: 0.0769544467329979
val/horizon-mean-time-step: 0.8793689608573914
val/loss: 3.030762195587158
val/loss_labels: 2.332066297531128
val/loss_timestamps: 0.6986954808235168
val/mean-predicted-length: 2.999966621398926
val/mean-target-length: 9.149765014648438
val/next-item-accuracy: 0.3849868178367615
val/next-item-mae: 0.6931725740432739
val/next-item-mean-time-step: 0.8242698311805725
val/timestamps-bias-mean: 0.45894142985343933
val/timestamps-current_influence: -0.24381448328495026
test/detection-mAP: 0.07623794674873352
test/horizon-mean-time-step: 0.8792096376419067
test/loss: 3.0498714447021484
test/loss_labels: 2.3497979640960693
test/loss_timestamps: 0.7000735402107239
test/mean-predicted-length: 3.0
test/mean-target-length: 9.136935234069824
test/next-item-accuracy: 0.38253918290138245
test/next-item-mae: 0.6937879920005798
test/next-item-mean-time-step: 0.8238796591758728
test/timestamps-bias-mean: 0.4583785831928253
test/timestamps-current_influence: -0.24381446838378906
