date: '2024-08-09 11:00:34'
test/T-mAP: 0.055179350078105927
test/horizon-mean-time-step: 0.8623859286308289
test/loss: 3.2977983951568604
test/loss_labels: 2.4021952152252197
test/loss_timestamps: 0.8956029415130615
test/mean-predicted-length: 7.309239387512207
test/mean-target-length: 9.136935234069824
test/next-item-accuracy: 0.378704309463501
test/next-item-mae: 0.6849008798599243
test/next-item-mean-time-step: 0.8394535779953003
test/next-item-rmse: 1.18588125705719
test/optimal-transport-distance: 7.065092086791992
test/timestamps-bias-mean: 0.21929453313350677
test/timestamps-current_influence: -0.07682347297668457
val/T-mAP: 0.05835416540503502
val/horizon-mean-time-step: 0.8624649047851562
val/loss: 3.27870512008667
val/loss_labels: 2.3838438987731934
val/loss_timestamps: 0.8948615193367004
val/mean-predicted-length: 7.3078999519348145
val/mean-target-length: 9.149765014648438
val/next-item-accuracy: 0.38057073950767517
val/next-item-mae: 0.6841980218887329
val/next-item-mean-time-step: 0.839770495891571
val/next-item-rmse: 1.18087637424469
val/optimal-transport-distance: 7.067123889923096
val/timestamps-bias-mean: 0.22080153226852417
val/timestamps-current_influence: -0.07682348042726517
