date: '2024-08-09 13:09:38'
test/T-mAP: 0.0548398420214653
test/horizon-mean-time-step: 0.9262583255767822
test/loss: 3.338214635848999
test/loss_labels: 2.438404083251953
test/loss_timestamps: 0.8998101353645325
test/mean-predicted-length: 7.256863594055176
test/mean-target-length: 9.136935234069824
test/next-item-accuracy: 0.37395229935646057
test/next-item-mae: 0.7029450535774231
test/next-item-mean-time-step: 0.8403673768043518
test/next-item-rmse: 1.1936864852905273
test/optimal-transport-distance: 7.118712425231934
test/timestamps-bias-mean: 0.14784973859786987
test/timestamps-current_influence: -0.08446508646011353
val/T-mAP: 0.05388502776622772
val/horizon-mean-time-step: 0.9259211421012878
val/loss: 3.319031238555908
val/loss_labels: 2.4197890758514404
val/loss_timestamps: 0.8992420434951782
val/mean-predicted-length: 7.257277965545654
val/mean-target-length: 9.149765014648438
val/next-item-accuracy: 0.3757666051387787
val/next-item-mae: 0.7021796703338623
val/next-item-mean-time-step: 0.8406210541725159
val/next-item-rmse: 1.188901424407959
val/optimal-transport-distance: 7.109908103942871
val/timestamps-bias-mean: 0.14843492209911346
val/timestamps-current_influence: -0.08446510881185532
