date: '2024-08-09 10:20:06'
test/T-mAP: 0.06793202459812164
test/horizon-mean-time-step: 0.884225070476532
test/loss: 3.2703917026519775
test/loss_labels: 2.380768299102783
test/loss_timestamps: 0.8896234631538391
test/mean-predicted-length: 4.9841437339782715
test/mean-target-length: 9.136935234069824
test/next-item-accuracy: 0.3807549774646759
test/next-item-mae: 0.686286211013794
test/next-item-mean-time-step: 0.8396251797676086
test/next-item-rmse: 1.185935139656067
test/optimal-transport-distance: 7.05888032913208
test/timestamps-bias-mean: 0.19699963927268982
test/timestamps-current_influence: -0.07070297002792358
val/T-mAP: 0.0703740268945694
val/horizon-mean-time-step: 0.8838102221488953
val/loss: 3.2515625953674316
val/loss_labels: 2.362701654434204
val/loss_timestamps: 0.8888609409332275
val/mean-predicted-length: 4.98222541809082
val/mean-target-length: 9.149765014648438
val/next-item-accuracy: 0.38251250982284546
val/next-item-mae: 0.6856866478919983
val/next-item-mean-time-step: 0.8398860692977905
val/next-item-rmse: 1.180885672569275
val/optimal-transport-distance: 7.055521011352539
val/timestamps-bias-mean: 0.19819389283657074
val/timestamps-current_influence: -0.0707029476761818
