date: '2024-08-05 10:13:45'
test/detection-mAP: 0.053700823336839676
test/horizon-mean-time-step: 0.884124219417572
test/loss: 3.3368167877197266
test/loss_labels: 2.436863660812378
test/loss_timestamps: 0.8999530673027039
test/mean-predicted-length: 7.628039836883545
test/mean-target-length: 9.136935234069824
test/next-item-accuracy: 0.37576594948768616
test/next-item-mae: 0.7043787837028503
test/next-item-mean-time-step: 0.8411109447479248
test/next-item-rmse: 1.199761152267456
test/optimal-transport-distance: 7.096389293670654
test/timestamps-bias-mean: 0.19442081451416016
test/timestamps-current_influence: -0.08492035418748856
val/detection-mAP: 0.052943915128707886
val/horizon-mean-time-step: 0.8833821415901184
val/loss: 3.3174703121185303
val/loss_labels: 2.418102741241455
val/loss_timestamps: 0.8993667960166931
val/mean-predicted-length: 7.645479679107666
val/mean-target-length: 9.149765014648438
val/next-item-accuracy: 0.3786128759384155
val/next-item-mae: 0.7038567066192627
val/next-item-mean-time-step: 0.8414179682731628
val/next-item-rmse: 1.1952975988388062
val/optimal-transport-distance: 7.0914506912231445
val/timestamps-bias-mean: 0.19532912969589233
val/timestamps-current_influence: -0.08492033928632736
