date: '2024-08-09 12:23:12'
test/T-mAP: 0.05538833886384964
test/horizon-mean-time-step: 0.9299424290657043
test/loss: 3.3256568908691406
test/loss_labels: 2.4264626502990723
test/loss_timestamps: 0.8991937041282654
test/mean-predicted-length: 7.249026775360107
test/mean-target-length: 9.136935234069824
test/next-item-accuracy: 0.37506479024887085
test/next-item-mae: 0.7031905651092529
test/next-item-mean-time-step: 0.8408268690109253
test/next-item-rmse: 1.1925361156463623
test/optimal-transport-distance: 7.111644744873047
test/timestamps-bias-mean: 0.1446131318807602
test/timestamps-current_influence: -0.08247117698192596
val/T-mAP: 0.054910287261009216
val/horizon-mean-time-step: 0.9292208552360535
val/loss: 3.3065781593322754
val/loss_labels: 2.4080278873443604
val/loss_timestamps: 0.8985502123832703
val/mean-predicted-length: 7.254443645477295
val/mean-target-length: 9.149765014648438
val/next-item-accuracy: 0.37695959210395813
val/next-item-mae: 0.7028436064720154
val/next-item-mean-time-step: 0.8411495685577393
val/next-item-rmse: 1.1880143880844116
val/optimal-transport-distance: 7.103412628173828
val/timestamps-bias-mean: 0.1452564150094986
val/timestamps-current_influence: -0.08247119188308716
