date: '2024-08-09 09:45:27'
test/T-mAP: 0.06713201850652695
test/horizon-mean-time-step: 0.9217281937599182
test/loss: 3.2567620277404785
test/loss_labels: 2.3702573776245117
test/loss_timestamps: 0.8865049481391907
test/mean-predicted-length: 3.9972310066223145
test/mean-target-length: 9.136935234069824
test/next-item-accuracy: 0.38079819083213806
test/next-item-mae: 0.6977013349533081
test/next-item-mean-time-step: 0.839664101600647
test/next-item-rmse: 1.1882987022399902
test/timestamps-bias-mean: 0.1567341685295105
test/timestamps-current_influence: -0.06942184269428253
val/T-mAP: 0.07056091725826263
val/horizon-mean-time-step: 0.9226605892181396
val/loss: 3.2384016513824463
val/loss_labels: 2.3526532649993896
val/loss_timestamps: 0.8857489228248596
val/mean-predicted-length: 3.9966318607330322
val/mean-target-length: 9.149765014648438
val/next-item-accuracy: 0.38255545496940613
val/next-item-mae: 0.697184145450592
val/next-item-mean-time-step: 0.8399760723114014
val/next-item-rmse: 1.1834444999694824
val/timestamps-bias-mean: 0.1577138602733612
val/timestamps-current_influence: -0.06942185759544373
