date: '2024-08-05 08:39:45'
test/detection-mAP: 0.05644162371754646
test/horizon-mean-time-step: 0.8976524472236633
test/loss: 3.3136112689971924
test/loss_labels: 2.415104389190674
test/loss_timestamps: 0.8985074162483215
test/mean-predicted-length: 7.53378963470459
test/mean-target-length: 9.136935234069824
test/next-item-accuracy: 0.37783917784690857
test/next-item-mae: 0.7059599161148071
test/next-item-mean-time-step: 0.8415676355361938
test/next-item-rmse: 1.1981641054153442
test/optimal-transport-distance: 7.081362247467041
test/timestamps-bias-mean: 0.17899513244628906
test/timestamps-current_influence: -0.08108732849359512
val/detection-mAP: 0.05459912493824959
val/horizon-mean-time-step: 0.8974790573120117
val/loss: 3.2944493293762207
val/loss_labels: 2.39648175239563
val/loss_timestamps: 0.8979672789573669
val/mean-predicted-length: 7.533264636993408
val/mean-target-length: 9.149765014648438
val/next-item-accuracy: 0.38058245182037354
val/next-item-mae: 0.7055627703666687
val/next-item-mean-time-step: 0.8419870138168335
val/next-item-rmse: 1.1934857368469238
val/optimal-transport-distance: 7.073282718658447
val/timestamps-bias-mean: 0.17988146841526031
val/timestamps-current_influence: -0.08108734339475632
