date: '2024-08-05 06:29:34'
test/detection-mAP: 0.06511114537715912
test/horizon-mean-time-step: 0.8926190137863159
test/loss: 3.23531436920166
test/loss_labels: 2.3501415252685547
test/loss_timestamps: 0.8851729035377502
test/mean-predicted-length: 2.999817132949829
test/mean-target-length: 9.136935234069824
test/next-item-accuracy: 0.382661908864975
test/next-item-mae: 0.7012907266616821
test/next-item-mean-time-step: 0.8418379426002502
test/next-item-rmse: 1.1945915222167969
test/timestamps-bias-mean: 0.18583577871322632
test/timestamps-current_influence: -0.06581595540046692
val/detection-mAP: 0.06335999816656113
val/horizon-mean-time-step: 0.8939025402069092
val/loss: 3.2167303562164307
val/loss_labels: 2.3320319652557373
val/loss_timestamps: 0.884698748588562
val/mean-predicted-length: 2.999799966812134
val/mean-target-length: 9.149765014648438
val/next-item-accuracy: 0.38530653715133667
val/next-item-mae: 0.7010558843612671
val/next-item-mean-time-step: 0.8421951532363892
val/next-item-rmse: 1.1901042461395264
val/timestamps-bias-mean: 0.1866290420293808
val/timestamps-current_influence: -0.06581594794988632
