date: '2024-08-09 11:42:46'
test/T-mAP: 0.056215789169073105
test/horizon-mean-time-step: 0.9147797226905823
test/loss: 3.3132271766662598
test/loss_labels: 2.415686845779419
test/loss_timestamps: 0.8975400924682617
test/mean-predicted-length: 7.385961532592773
test/mean-target-length: 9.136935234069824
test/next-item-accuracy: 0.3767155706882477
test/next-item-mae: 0.6999398469924927
test/next-item-mean-time-step: 0.8402445912361145
test/next-item-rmse: 1.1902104616165161
test/optimal-transport-distance: 7.101161479949951
test/timestamps-bias-mean: 0.160932257771492
test/timestamps-current_influence: -0.08010480552911758
val/T-mAP: 0.058427244424819946
val/horizon-mean-time-step: 0.9146600961685181
val/loss: 3.2940289974212646
val/loss_labels: 2.3971481323242188
val/loss_timestamps: 0.8968806862831116
val/mean-predicted-length: 7.389835357666016
val/mean-target-length: 9.149765014648438
val/next-item-accuracy: 0.37855085730552673
val/next-item-mae: 0.6998133063316345
val/next-item-mean-time-step: 0.8406146764755249
val/next-item-rmse: 1.1857818365097046
val/optimal-transport-distance: 7.096734523773193
val/timestamps-bias-mean: 0.16187399625778198
val/timestamps-current_influence: -0.08010480552911758
