date: '2024-08-09 09:09:06'
test/T-mAP: 0.06304629147052765
test/horizon-mean-time-step: 0.9346298575401306
test/loss: 3.2387053966522217
test/loss_labels: 2.356840133666992
test/loss_timestamps: 0.8818650841712952
test/mean-predicted-length: 2.999790906906128
test/mean-target-length: 9.136935234069824
test/next-item-accuracy: 0.38019031286239624
test/next-item-mae: 0.7008582353591919
test/next-item-mean-time-step: 0.8412452936172485
test/next-item-rmse: 1.1888333559036255
test/timestamps-bias-mean: 0.14610162377357483
test/timestamps-current_influence: -0.06606223434209824
val/T-mAP: 0.06369385123252869
val/horizon-mean-time-step: 0.9346063137054443
val/loss: 3.2200145721435547
val/loss_labels: 2.339017391204834
val/loss_timestamps: 0.8809972405433655
val/mean-predicted-length: 2.9997332096099854
val/mean-target-length: 9.149765014648438
val/next-item-accuracy: 0.3819565176963806
val/next-item-mae: 0.700549304485321
val/next-item-mean-time-step: 0.8415098190307617
val/next-item-rmse: 1.1838574409484863
val/timestamps-bias-mean: 0.14678606390953064
val/timestamps-current_influence: -0.06606223434209824
