date: '2024-08-05 07:29:15'
test/detection-mAP: 0.07186540961265564
test/horizon-mean-time-step: 0.8936283588409424
test/loss: 3.269770860671997
test/loss_labels: 2.3776605129241943
test/loss_timestamps: 0.8921101093292236
test/mean-predicted-length: 4.982184410095215
test/mean-target-length: 9.136935234069824
test/next-item-accuracy: 0.3818017244338989
test/next-item-mae: 0.7063393592834473
test/next-item-mean-time-step: 0.8420118093490601
test/next-item-rmse: 1.19612717628479
test/optimal-transport-distance: 7.056103229522705
test/timestamps-bias-mean: 0.18105456233024597
test/timestamps-current_influence: -0.07299001514911652
val/detection-mAP: 0.07037391513586044
val/horizon-mean-time-step: 0.894171953201294
val/loss: 3.2509853839874268
val/loss_labels: 2.359583616256714
val/loss_timestamps: 0.891401469707489
val/mean-predicted-length: 4.979891300201416
val/mean-target-length: 9.149765014648438
val/next-item-accuracy: 0.38445475697517395
val/next-item-mae: 0.7061268091201782
val/next-item-mean-time-step: 0.8424118757247925
val/next-item-rmse: 1.1916999816894531
val/optimal-transport-distance: 7.052560329437256
val/timestamps-bias-mean: 0.1823023110628128
val/timestamps-current_influence: -0.07299003005027771
