date: '2024-08-05 05:34:33'
test/detection-mAP: 0.040760159492492676
test/horizon-mean-time-step: .nan
test/loss: 3.1182315349578857
test/loss_labels: 2.260403633117676
test/loss_timestamps: 0.8578277826309204
test/mean-predicted-length: 1.0
test/mean-target-length: 9.136935234069824
test/next-item-accuracy: 0.3823208808898926
test/next-item-mae: 0.6983350515365601
test/next-item-mean-time-step: 0.8408688902854919
test/next-item-rmse: 1.1927255392074585
test/timestamps-bias-mean: 0.21828490495681763
test/timestamps-current_influence: -0.050222840160131454
val/detection-mAP: 0.047683458775281906
val/horizon-mean-time-step: .nan
val/loss: 3.100144147872925
val/loss_labels: 2.243004083633423
val/loss_timestamps: 0.8571404814720154
val/mean-predicted-length: 1.0
val/mean-target-length: 9.149765014648438
val/next-item-accuracy: 0.38464316725730896
val/next-item-mae: 0.6980886459350586
val/next-item-mean-time-step: 0.8412359356880188
val/next-item-rmse: 1.1883949041366577
val/timestamps-bias-mean: 0.2192363142967224
val/timestamps-current_influence: -0.05022284388542175
