date: '2024-08-05 09:22:04'
test/detection-mAP: 0.054677657783031464
test/horizon-mean-time-step: 0.908419132232666
test/loss: 3.3229665756225586
test/loss_labels: 2.4235410690307617
test/loss_timestamps: 0.899426281452179
test/mean-predicted-length: 7.425145626068115
test/mean-target-length: 9.136935234069824
test/next-item-accuracy: 0.37759488821029663
test/next-item-mae: 0.7095041871070862
test/next-item-mean-time-step: 0.842211902141571
test/next-item-rmse: 1.2007050514221191
test/optimal-transport-distance: 7.090457916259766
test/timestamps-bias-mean: 0.16669565439224243
test/timestamps-current_influence: -0.0819731280207634
val/detection-mAP: 0.05439944937825203
val/horizon-mean-time-step: 0.9083442687988281
val/loss: 3.303317070007324
val/loss_labels: 2.404606580734253
val/loss_timestamps: 0.898710310459137
val/mean-predicted-length: 7.432987689971924
val/mean-target-length: 9.149765014648438
val/next-item-accuracy: 0.3804340660572052
val/next-item-mae: 0.7087154388427734
val/next-item-mean-time-step: 0.8425347805023193
val/next-item-rmse: 1.1957066059112549
val/optimal-transport-distance: 7.078548431396484
val/timestamps-bias-mean: 0.16724489629268646
val/timestamps-current_influence: -0.0819731280207634
