date: '2024-08-09 07:59:16'
test/T-mAP: 0.03746294975280762
test/horizon-mean-time-step: .nan
test/loss: 3.1123499870300293
test/loss_labels: 2.2657461166381836
test/loss_timestamps: 0.8466037511825562
test/mean-predicted-length: 1.0
test/mean-target-length: 9.136935234069824
test/next-item-accuracy: 0.3808864951133728
test/next-item-mae: 0.7029159665107727
test/next-item-mean-time-step: 0.8409906029701233
test/next-item-rmse: 1.1878893375396729
test/timestamps-bias-mean: 0.15861663222312927
test/timestamps-current_influence: -0.044378507882356644
val/T-mAP: 0.04122539982199669
val/horizon-mean-time-step: .nan
val/loss: 3.0936474800109863
val/loss_labels: 2.2484281063079834
val/loss_timestamps: 0.8452196717262268
val/mean-predicted-length: 1.0
val/mean-target-length: 9.149765014648438
val/next-item-accuracy: 0.38220545649528503
val/next-item-mae: 0.7026317715644836
val/next-item-mean-time-step: 0.8413017392158508
val/next-item-rmse: 1.182801604270935
val/timestamps-bias-mean: 0.15904341638088226
val/timestamps-current_influence: -0.044378507882356644
