date: '2024-08-09 08:33:38'
test/T-mAP: 0.05121273547410965
test/horizon-mean-time-step: 0.9194786548614502
test/loss: 3.1969518661499023
test/loss_labels: 2.325678825378418
test/loss_timestamps: 0.8712738156318665
test/mean-predicted-length: 2.0
test/mean-target-length: 9.136935234069824
test/next-item-accuracy: 0.38171303272247314
test/next-item-mae: 0.6981818675994873
test/next-item-mean-time-step: 0.8405459523200989
test/next-item-rmse: 1.187551736831665
test/timestamps-bias-mean: 0.16153407096862793
test/timestamps-current_influence: -0.05850840359926224
val/T-mAP: 0.05586900934576988
val/horizon-mean-time-step: 0.920647382736206
val/loss: 3.178330421447754
val/loss_labels: 2.3080732822418213
val/loss_timestamps: 0.8702578544616699
val/mean-predicted-length: 2.0
val/mean-target-length: 9.149765014648438
val/next-item-accuracy: 0.38325396180152893
val/next-item-mae: 0.6975424885749817
val/next-item-mean-time-step: 0.8407884836196899
val/next-item-rmse: 1.1823763847351074
val/timestamps-bias-mean: 0.16296175122261047
val/timestamps-current_influence: -0.05850839242339134
