date: '2024-08-05 08:02:19'
test/detection-mAP: 0.05977090075612068
test/horizon-mean-time-step: 0.9117853045463562
test/loss: 3.3035879135131836
test/loss_labels: 2.4066920280456543
test/loss_timestamps: 0.8968964219093323
test/mean-predicted-length: 7.075050354003906
test/mean-target-length: 9.136935234069824
test/next-item-accuracy: 0.37843555212020874
test/next-item-mae: 0.7164814472198486
test/next-item-mean-time-step: 0.8430722951889038
test/next-item-rmse: 1.2005317211151123
test/optimal-transport-distance: 7.081286907196045
test/timestamps-bias-mean: 0.16117538511753082
test/timestamps-current_influence: -0.07913827896118164
val/detection-mAP: 0.06190492957830429
val/horizon-mean-time-step: 0.9122116565704346
val/loss: 3.2842464447021484
val/loss_labels: 2.3880486488342285
val/loss_timestamps: 0.896198034286499
val/mean-predicted-length: 7.067895889282227
val/mean-target-length: 9.149765014648438
val/next-item-accuracy: 0.38114917278289795
val/next-item-mae: 0.7161465287208557
val/next-item-mean-time-step: 0.843410849571228
val/next-item-rmse: 1.19617760181427
val/optimal-transport-distance: 7.068902969360352
val/timestamps-bias-mean: 0.16202223300933838
val/timestamps-current_influence: -0.07913827151060104
