date: '2024-08-05 06:01:34'
test/detection-mAP: 0.05888327956199646
test/horizon-mean-time-step: 0.9177268147468567
test/loss: 3.1986491680145264
test/loss_labels: 2.321208953857422
test/loss_timestamps: 0.8774400949478149
test/mean-predicted-length: 2.0
test/mean-target-length: 9.136935234069824
test/next-item-accuracy: 0.38304153084754944
test/next-item-mae: 0.7070780396461487
test/next-item-mean-time-step: 0.8420853018760681
test/next-item-rmse: 1.1949406862258911
test/timestamps-bias-mean: 0.16508853435516357
test/timestamps-current_influence: -0.0605316124856472
val/detection-mAP: 0.05842435732483864
val/horizon-mean-time-step: 0.9189801812171936
val/loss: 3.1799187660217285
val/loss_labels: 2.303302049636841
val/loss_timestamps: 0.8766169548034668
val/mean-predicted-length: 2.0
val/mean-target-length: 9.149765014648438
val/next-item-accuracy: 0.38566434383392334
val/next-item-mae: 0.7069796919822693
val/next-item-mean-time-step: 0.8425164222717285
val/next-item-rmse: 1.1905546188354492
val/timestamps-bias-mean: 0.1658095270395279
val/timestamps-current_influence: -0.0605316087603569
