date: '2024-06-02 08:50:27'
test/T-mAP: 0.04755689948797226
test/horizon-mean-time-step: 0.7672675251960754
test/loss: 3.1499173641204834
test/loss_labels: 2.4262819290161133
test/loss_timestamps: 0.7236359119415283
test/mean-predicted-length: 8.982837677001953
test/mean-target-length: 9.136935234069824
test/next-item-accuracy: 0.3769744038581848
test/next-item-mae: 0.6665052175521851
test/next-item-mean-time-step: 0.8264877796173096
test/next-item-rmse: 1.035481572151184
test/optimal-transport-distance: 7.115115165710449
test/timestamps-bias-mean: 0.462254136800766
test/timestamps-current_influence: -0.2622072696685791
val/T-mAP: 0.04958605766296387
val/horizon-mean-time-step: 0.7664101123809814
val/loss: 3.1298916339874268
val/loss_labels: 2.4076473712921143
val/loss_timestamps: 0.7222436666488647
val/mean-predicted-length: 9.009237289428711
val/mean-target-length: 9.149765014648438
val/next-item-accuracy: 0.38010212779045105
val/next-item-mae: 0.6654607057571411
val/next-item-mean-time-step: 0.8261741399765015
val/next-item-rmse: 1.0372295379638672
val/optimal-transport-distance: 7.101381778717041
val/timestamps-bias-mean: 0.46339091658592224
val/timestamps-current_influence: -0.2622073292732239
