date: '2024-08-05 17:28:33'
test/detection-mAP: 0.4896376132965088
test/horizon-mean-time-step: 11.610390663146973
test/loss: 15.035070419311523
test/loss_labels: 0.7922120690345764
test/loss_timestamps: 14.242860794067383
test/mean-predicted-length: 14.021915435791016
test/mean-target-length: 21.358747482299805
test/next-item-accuracy: 0.587600827217102
test/next-item-mae: 26.395282745361328
test/next-item-mean-time-step: 30.126033782958984
test/next-item-rmse: 71.833984375
test/optimal-transport-distance: 320.00811767578125
val/detection-mAP: 0.48501846194267273
val/horizon-mean-time-step: 12.159908294677734
val/loss: 15.287745475769043
val/loss_labels: 0.794082760810852
val/loss_timestamps: 14.493659973144531
val/mean-predicted-length: 13.835521697998047
val/mean-target-length: 20.682857513427734
val/next-item-accuracy: 0.5893811583518982
val/next-item-mae: 26.92976188659668
val/next-item-mean-time-step: 30.846403121948242
val/next-item-rmse: 73.32853698730469
val/optimal-transport-distance: 322.0438232421875
