date: '2024-08-09 14:47:29'
test/T-mAP: 0.2724672257900238
test/horizon-mean-time-step: 8.757518768310547
test/loss: 15.642682075500488
test/loss_labels: 0.7724213004112244
test/loss_timestamps: 14.870258331298828
test/mean-predicted-length: 14.835543632507324
test/mean-target-length: 21.358747482299805
test/next-item-accuracy: 0.5997077822685242
test/next-item-mae: 24.382076263427734
test/next-item-mean-time-step: 30.835315704345703
test/next-item-rmse: 65.14761352539062
test/optimal-transport-distance: 53.98566818237305
val/T-mAP: 0.2861863970756531
val/horizon-mean-time-step: 9.13357162475586
val/loss: 15.85004997253418
val/loss_labels: 0.7699310183525085
val/loss_timestamps: 15.080119132995605
val/mean-predicted-length: 14.728056907653809
val/mean-target-length: 20.682857513427734
val/next-item-accuracy: 0.6025891900062561
val/next-item-mae: 24.901851654052734
val/next-item-mean-time-step: 31.577030181884766
val/next-item-rmse: 66.53759765625
val/optimal-transport-distance: 54.356712341308594
