date: '2024-08-09 14:56:31'
test/T-mAP: 0.5386886596679688
test/horizon-mean-time-step: 10.205010414123535
test/loss: 14.820775032043457
test/loss_labels: 0.782720148563385
test/loss_timestamps: 14.038052558898926
test/mean-predicted-length: 14.494475364685059
test/mean-target-length: 21.358747482299805
test/next-item-accuracy: 0.5911371111869812
test/next-item-mae: 27.60516357421875
test/next-item-mean-time-step: 29.79279327392578
test/next-item-rmse: 74.46755981445312
test/optimal-transport-distance: 571.5639038085938
val/T-mAP: 0.558684766292572
val/horizon-mean-time-step: 10.665915489196777
val/loss: 15.068495750427246
val/loss_labels: 0.7807247638702393
val/loss_timestamps: 14.287769317626953
val/mean-predicted-length: 14.343023300170898
val/mean-target-length: 20.682857513427734
val/next-item-accuracy: 0.5948759317398071
val/next-item-mae: 28.15046501159668
val/next-item-mean-time-step: 30.507863998413086
val/next-item-rmse: 75.94664764404297
val/optimal-transport-distance: 577.374267578125
