date: '2024-07-31 01:24:46'
test/detection-mAP: 0.5560428500175476
test/horizon-mean-time-step: 13.950345039367676
test/loss: 4.176065444946289
test/loss_nhp: 4.176065444946289
test/mean-predicted-length: 13.16187858581543
test/mean-target-length: 21.358747482299805
test/next-item-accuracy: 0.6006011366844177
test/next-item-mae: 18.649063110351562
test/next-item-mean-time-step: 22.434879302978516
test/next-item-rmse: 32.05755615234375
test/optimal-transport-distance: 325.11968994140625
val/detection-mAP: 0.5822633504867554
val/horizon-mean-time-step: 14.493335723876953
val/loss: 4.223968505859375
val/loss_nhp: 4.223968505859375
val/mean-predicted-length: 12.90678882598877
val/mean-target-length: 20.682857513427734
val/next-item-accuracy: 0.6038902997970581
val/next-item-mae: 18.8736515045166
val/next-item-mean-time-step: 22.796382904052734
val/next-item-rmse: 32.24431610107422
val/optimal-transport-distance: 326.0357360839844
