date: '2024-05-31 17:29:25'
test/detection-mAP: 0.5573076605796814
test/horizon-mean-time-step: 12.645230293273926
test/loss: 4.331349849700928
test/loss_labels: 0.7729910612106323
test/loss_timestamps: 3.5583581924438477
test/mean-predicted-length: 13.26132583618164
test/mean-target-length: 21.358747482299805
test/next-item-accuracy: 0.5989447236061096
test/next-item-mae: 18.52480697631836
test/next-item-mean-time-step: 22.4223575592041
test/next-item-rmse: 32.460426330566406
test/optimal-transport-distance: 789.2059936523438
test/timestamps-bias-mean: -2.531397581100464
test/timestamps-current_influence: -0.005223712418228388
val/detection-mAP: 0.5831818580627441
val/horizon-mean-time-step: 13.360428810119629
val/loss: 4.368441581726074
val/loss_labels: 0.7699982523918152
val/loss_timestamps: 3.5984432697296143
val/mean-predicted-length: 12.97993278503418
val/mean-target-length: 20.682857513427734
val/next-item-accuracy: 0.6033942103385925
val/next-item-mae: 18.770912170410156
val/next-item-mean-time-step: 22.792083740234375
val/next-item-rmse: 32.66322708129883
val/optimal-transport-distance: 793.04296875
val/timestamps-bias-mean: -2.571485996246338
val/timestamps-current_influence: -0.0052237119525671005
