date: '2024-08-05 17:02:37'
test/detection-mAP: 0.4854203462600708
test/horizon-mean-time-step: 14.24265193939209
test/loss: 4.573129653930664
test/loss_labels: 0.7707992196083069
test/loss_timestamps: 3.802330255508423
test/mean-predicted-length: 12.993370056152344
test/mean-target-length: 21.358747482299805
test/next-item-accuracy: 0.60028475522995
test/next-item-mae: 25.939586639404297
test/next-item-mean-time-step: 30.380462646484375
test/next-item-rmse: 68.58653259277344
test/optimal-transport-distance: 182.42572021484375
test/timestamps-bias-mean: -2.789085865020752
test/timestamps-current_influence: -0.004107289016246796
val/detection-mAP: 0.5094318389892578
val/horizon-mean-time-step: 14.839972496032715
val/loss: 4.6041059494018555
val/loss_labels: 0.7679210305213928
val/loss_timestamps: 3.8361854553222656
val/mean-predicted-length: 12.758626937866211
val/mean-target-length: 20.682857513427734
val/next-item-accuracy: 0.6042085886001587
val/next-item-mae: 26.477216720581055
val/next-item-mean-time-step: 31.111492156982422
val/next-item-rmse: 70.06436920166016
val/optimal-transport-distance: 183.536376953125
val/timestamps-bias-mean: -2.8154983520507812
val/timestamps-current_influence: -0.004107289016246796
