date: '2024-05-31 17:27:41'
test/detection-mAP: 0.5821782946586609
test/horizon-mean-time-step: 14.502464294433594
test/loss: 4.418891906738281
test/loss_labels: 0.7700310945510864
test/loss_timestamps: 3.6488614082336426
test/mean-predicted-length: 12.871455192565918
test/mean-target-length: 21.358747482299805
test/next-item-accuracy: 0.6005546450614929
test/next-item-mae: 18.59050941467285
test/next-item-mean-time-step: 22.42946434020996
test/next-item-rmse: 32.09957504272461
test/optimal-transport-distance: 800.3895263671875
test/timestamps-bias-mean: -2.6858932971954346
test/timestamps-current_influence: -0.0001936716289492324
val/detection-mAP: 0.6090489625930786
val/horizon-mean-time-step: 15.354735374450684
val/loss: 4.446110248565674
val/loss_labels: 0.7669513821601868
val/loss_timestamps: 3.6791598796844482
val/mean-predicted-length: 12.544635772705078
val/mean-target-length: 20.682857513427734
val/next-item-accuracy: 0.6053974032402039
val/next-item-mae: 18.859142303466797
val/next-item-mean-time-step: 22.790678024291992
val/next-item-rmse: 32.306331634521484
val/optimal-transport-distance: 805.2620239257812
val/timestamps-bias-mean: -2.718416213989258
val/timestamps-current_influence: -0.00019367164350114763
