date: '2024-08-09 14:51:27'
test/T-mAP: 0.29982197284698486
test/horizon-mean-time-step: 15.318835258483887
test/loss: 4.5676140785217285
test/loss_labels: 0.7725257873535156
test/loss_timestamps: 3.7950892448425293
test/mean-predicted-length: 12.573664665222168
test/mean-target-length: 21.358747482299805
test/next-item-accuracy: 0.5987306833267212
test/next-item-mae: 25.852338790893555
test/next-item-mean-time-step: 30.358829498291016
test/next-item-rmse: 68.64959716796875
test/optimal-transport-distance: 58.442840576171875
test/timestamps-bias-mean: -2.764326333999634
test/timestamps-current_influence: -0.0022612400352954865
val/T-mAP: 0.3132614195346832
val/horizon-mean-time-step: 15.967864036560059
val/loss: 4.599821090698242
val/loss_labels: 0.7696518898010254
val/loss_timestamps: 3.830169677734375
val/mean-predicted-length: 12.27306842803955
val/mean-target-length: 20.682857513427734
val/next-item-accuracy: 0.6021773219108582
val/next-item-mae: 26.43140411376953
val/next-item-mean-time-step: 31.086942672729492
val/next-item-rmse: 70.1400375366211
val/optimal-transport-distance: 58.8509521484375
val/timestamps-bias-mean: -2.792708158493042
val/timestamps-current_influence: -0.002261239569634199
