date: '2024-08-09 14:57:36'
test/T-mAP: 0.18726038932800293
test/horizon-mean-time-step: 13.238422393798828
test/loss: 4.420431137084961
test/loss_labels: 0.7733588218688965
test/loss_timestamps: 3.6470720767974854
test/mean-predicted-length: 13.307918548583984
test/mean-target-length: 21.358747482299805
test/next-item-accuracy: 0.599168062210083
test/next-item-mae: 26.090967178344727
test/next-item-mean-time-step: 30.239349365234375
test/next-item-rmse: 70.23473358154297
test/optimal-transport-distance: 32.16521072387695
test/timestamps-bias-mean: -2.602811336517334
test/timestamps-current_influence: -0.007168937008827925
val/T-mAP: 0.1930219680070877
val/horizon-mean-time-step: 13.885271072387695
val/loss: 4.457591533660889
val/loss_labels: 0.7700661420822144
val/loss_timestamps: 3.687525987625122
val/mean-predicted-length: 13.01950454711914
val/mean-target-length: 20.682857513427734
val/next-item-accuracy: 0.6039090752601624
val/next-item-mae: 26.65143585205078
val/next-item-mean-time-step: 30.964252471923828
val/next-item-rmse: 71.73686981201172
val/optimal-transport-distance: 32.365142822265625
val/timestamps-bias-mean: -2.6372451782226562
val/timestamps-current_influence: -0.007168937474489212
