date: '2024-08-05 17:29:07'
test/detection-mAP: 0.18833142518997192
test/horizon-mean-time-step: 13.140942573547363
test/loss: 4.425856113433838
test/loss_labels: 0.7726584076881409
test/loss_timestamps: 3.6531975269317627
test/mean-predicted-length: 13.23462200164795
test/mean-target-length: 21.358747482299805
test/next-item-accuracy: 0.5998659729957581
test/next-item-mae: 26.190032958984375
test/next-item-mean-time-step: 30.231718063354492
test/next-item-rmse: 70.25334930419922
test/optimal-transport-distance: 31.986570358276367
test/timestamps-bias-mean: -2.594209671020508
test/timestamps-current_influence: -0.009682129137217999
val/detection-mAP: 0.19668273627758026
val/horizon-mean-time-step: 13.814261436462402
val/loss: 4.464354991912842
val/loss_labels: 0.7693730592727661
val/loss_timestamps: 3.6949822902679443
val/mean-predicted-length: 12.937921524047852
val/mean-target-length: 20.682857513427734
val/next-item-accuracy: 0.6049855351448059
val/next-item-mae: 26.756376266479492
val/next-item-mean-time-step: 30.95565414428711
val/next-item-rmse: 71.7267074584961
val/optimal-transport-distance: 32.20114517211914
val/timestamps-bias-mean: -2.629436492919922
val/timestamps-current_influence: -0.009682130068540573
