date: '2024-09-25 21:24:30'
test/T-mAP: 0.13158990442752838
test/T-mAP-micro: 0.1713205724954605
test/horizon-mean-time-step: 1.045436143875122
test/loss: 6.997036933898926
test/loss_nhp: 6.997036933898926
test/mean-predicted-length: 31.999446868896484
test/mean-target-length: 21.358747482299805
test/next-item-accuracy: 0.4535311162471771
test/next-item-mae: 20.07965850830078
test/next-item-map: 0.4620105028152466
test/next-item-map-micro: 0.6070760488510132
test/next-item-mean-time-step: 29.926973342895508
test/next-item-rmse: 35.94889450073242
test/next-k-label-distribution-delta: 5.047513961791992
test/optimal-transport-distance: 178.95875549316406
test/sequence-labels-entropy: 0.640591025352478
test/thinning_accepted: 47.54998779296875
val/T-mAP: 0.1502014547586441
val/T-mAP-micro: 0.16748063266277313
val/horizon-mean-time-step: 1.0809050798416138
val/loss: 7.058333396911621
val/loss_nhp: 7.058333396911621
val/mean-predicted-length: 31.992311477661133
val/mean-target-length: 20.682857513427734
val/next-item-accuracy: 0.4549981653690338
val/next-item-mae: 20.352489471435547
val/next-item-map: 0.4811733663082123
val/next-item-map-micro: 0.6116377711296082
val/next-item-mean-time-step: 30.650869369506836
val/next-item-rmse: 36.21619415283203
val/next-k-label-distribution-delta: 5.04538631439209
val/optimal-transport-distance: 181.34585571289062
val/sequence-labels-entropy: 0.637446939945221
val/thinning_accepted: 47.79928970336914
