date: '2024-09-25 21:53:28'
test/T-mAP: 0.13046161830425262
test/T-mAP-micro: 0.16608168184757233
test/horizon-mean-time-step: 1.042485237121582
test/loss: 6.997036933898926
test/loss_nhp: 6.997036933898926
test/mean-predicted-length: 31.99650001525879
test/mean-target-length: 21.358747482299805
test/next-item-accuracy: 0.5079518556594849
test/next-item-mae: 20.07965850830078
test/next-item-map: 0.46287181973457336
test/next-item-map-micro: 0.6084003448486328
test/next-item-mean-time-step: 29.926973342895508
test/next-item-rmse: 35.94889450073242
test/next-k-label-distribution-delta: 4.345119953155518
test/optimal-transport-distance: 175.8322296142578
test/sequence-labels-entropy: 0.495684951543808
test/thinning_accepted: 47.54998779296875
val/T-mAP: 0.14908234775066376
val/T-mAP-micro: 0.16144470870494843
val/horizon-mean-time-step: 1.078377604484558
val/loss: 7.058333396911621
val/loss_nhp: 7.058333396911621
val/mean-predicted-length: 31.98968505859375
val/mean-target-length: 20.682857513427734
val/next-item-accuracy: 0.5102640390396118
val/next-item-mae: 20.352489471435547
val/next-item-map: 0.482368141412735
val/next-item-map-micro: 0.6133182644844055
val/next-item-mean-time-step: 30.650869369506836
val/next-item-rmse: 36.21619415283203
val/next-k-label-distribution-delta: 4.345461368560791
val/optimal-transport-distance: 178.6551971435547
val/sequence-labels-entropy: 0.4915977418422699
val/thinning_accepted: 47.79928970336914
