date: '2024-09-25 22:28:22'
test/T-mAP: 0.12792378664016724
test/T-mAP-micro: 0.15819865465164185
test/horizon-mean-time-step: 1.050839900970459
test/loss: 6.997036933898926
test/loss_nhp: 6.997036933898926
test/mean-predicted-length: 31.997053146362305
test/mean-target-length: 21.358747482299805
test/next-item-accuracy: 0.5864282846450806
test/next-item-mae: 20.07965850830078
test/next-item-map: 0.46164843440055847
test/next-item-map-micro: 0.6066892743110657
test/next-item-mean-time-step: 29.926973342895508
test/next-item-rmse: 35.94889450073242
test/next-k-label-distribution-delta: 7.680294990539551
test/optimal-transport-distance: 204.92369079589844
test/sequence-labels-entropy: 0.08535218983888626
test/thinning_accepted: 47.54998779296875
val/T-mAP: 0.14156512916088104
val/T-mAP-micro: 0.15217576920986176
val/horizon-mean-time-step: 1.0841422080993652
val/loss: 7.058333396911621
val/loss_nhp: 7.058333396911621
val/mean-predicted-length: 31.991186141967773
val/mean-target-length: 20.682857513427734
val/next-item-accuracy: 0.5912720561027527
val/next-item-mae: 20.352489471435547
val/next-item-map: 0.47995519638061523
val/next-item-map-micro: 0.6120815277099609
val/next-item-mean-time-step: 30.650869369506836
val/next-item-rmse: 36.21619415283203
val/next-k-label-distribution-delta: 7.675168991088867
val/optimal-transport-distance: 206.76341247558594
val/sequence-labels-entropy: 0.08705662190914154
val/thinning_accepted: 47.79928970336914
