date: '2024-09-25 22:11:02'
test/T-mAP: 0.13114500045776367
test/T-mAP-micro: 0.16261598467826843
test/horizon-mean-time-step: 1.0451923608779907
test/loss: 6.997036933898926
test/loss_nhp: 6.997036933898926
test/mean-predicted-length: 31.997421264648438
test/mean-target-length: 21.358747482299805
test/next-item-accuracy: 0.5487674474716187
test/next-item-mae: 20.07965850830078
test/next-item-map: 0.4622137248516083
test/next-item-map-micro: 0.6075837016105652
test/next-item-mean-time-step: 29.926973342895508
test/next-item-rmse: 35.94889450073242
test/next-k-label-distribution-delta: 4.91160249710083
test/optimal-transport-distance: 181.6404266357422
test/sequence-labels-entropy: 0.3328189551830292
test/thinning_accepted: 47.54998779296875
val/T-mAP: 0.15041930973529816
val/T-mAP-micro: 0.15742149949073792
val/horizon-mean-time-step: 1.0805472135543823
val/loss: 7.058333396911621
val/loss_nhp: 7.058333396911621
val/mean-predicted-length: 31.990434646606445
val/mean-target-length: 20.682857513427734
val/next-item-accuracy: 0.552331268787384
val/next-item-mae: 20.352489471435547
val/next-item-map: 0.4820050895214081
val/next-item-map-micro: 0.6128169894218445
val/next-item-mean-time-step: 30.650869369506836
val/next-item-rmse: 36.21619415283203
val/next-k-label-distribution-delta: 4.912228107452393
val/optimal-transport-distance: 184.1175079345703
val/sequence-labels-entropy: 0.3276573717594147
val/thinning_accepted: 47.79928970336914
