date: '2024-09-26 11:00:44'
test/T-mAP: 0.14500005543231964
test/T-mAP-micro: 0.1835934817790985
test/horizon-mean-time-step: 1.0506020784378052
test/loss: 7.011348247528076
test/loss_nhp: 7.011348247528076
test/mean-predicted-length: 31.993738174438477
test/mean-target-length: 21.358747482299805
test/next-item-accuracy: 0.5910719633102417
test/next-item-mae: 20.080615997314453
test/next-item-map: 0.46290233731269836
test/next-item-map-micro: 0.6084694266319275
test/next-item-mean-time-step: 29.926095962524414
test/next-item-rmse: 35.94831085205078
test/next-k-label-distribution-delta: 8.09981632232666
test/optimal-transport-distance: 208.2855224609375
test/sequence-labels-entropy: 0.07115577161312103
test/thinning_accepted: 47.76621627807617
val/T-mAP: 0.16420535743236542
val/T-mAP-micro: 0.17819209396839142
val/horizon-mean-time-step: 1.083378791809082
val/loss: 7.066944599151611
val/loss_nhp: 7.066944599151611
val/mean-predicted-length: 31.992685317993164
val/mean-target-length: 20.682857513427734
val/next-item-accuracy: 0.5944266319274902
val/next-item-mae: 20.352678298950195
val/next-item-map: 0.4823659360408783
val/next-item-map-micro: 0.6133081912994385
val/next-item-mean-time-step: 30.652549743652344
val/next-item-rmse: 36.21464538574219
val/next-k-label-distribution-delta: 8.093398094177246
val/optimal-transport-distance: 210.07077026367188
val/sequence-labels-entropy: 0.07028240710496902
val/thinning_accepted: 47.90332794189453
