date: '2024-09-25 20:49:39'
test/T-mAP: 0.13892854750156403
test/T-mAP-micro: 0.1820010542869568
test/horizon-mean-time-step: 1.056232213973999
test/loss: 6.997036933898926
test/loss_nhp: 6.997036933898926
test/mean-predicted-length: 32.0
test/mean-target-length: 21.358747482299805
test/next-item-accuracy: 0.36276161670684814
test/next-item-mae: 20.07965850830078
test/next-item-map: 0.45306679606437683
test/next-item-map-micro: 0.5936182141304016
test/next-item-mean-time-step: 29.926973342895508
test/next-item-rmse: 35.94889450073242
test/next-k-label-distribution-delta: 7.167219161987305
test/optimal-transport-distance: 191.6195831298828
test/sequence-labels-entropy: 0.7391179800033569
test/thinning_accepted: 47.54998779296875
val/T-mAP: 0.15800818800926208
val/T-mAP-micro: 0.18014313280582428
val/horizon-mean-time-step: 1.091261625289917
val/loss: 7.058333396911621
val/loss_nhp: 7.058333396911621
val/mean-predicted-length: 31.999250411987305
val/mean-target-length: 20.682857513427734
val/next-item-accuracy: 0.36412397027015686
val/next-item-mae: 20.352489471435547
val/next-item-map: 0.4717782735824585
val/next-item-map-micro: 0.5977137684822083
val/next-item-mean-time-step: 30.650869369506836
val/next-item-rmse: 36.21619415283203
val/next-k-label-distribution-delta: 7.17066764831543
val/optimal-transport-distance: 193.51095581054688
val/sequence-labels-entropy: 0.7333527207374573
val/thinning_accepted: 47.79928970336914
