date: '2024-09-26 11:08:40'
test/T-mAP: 0.567974865436554
test/T-mAP-micro: 0.7069746255874634
test/horizon-mean-time-step: 1.5021512508392334
test/loss: 9.457561492919922
test/loss__presence: 0.14661742746829987
test/loss_labels: 0.49759694933891296
test/loss_timestamps: 8.813346862792969
test/match_cost_mean: -7.168196201324463
test/match_cost_std: 8.71706485748291
test/max_cost: 83.43948364257812
test/mean-predicted-length: 20.268508911132812
test/mean-target-length: 21.358747482299805
test/next-item-accuracy: 0.5956225395202637
test/next-item-mae: 18.347734451293945
test/next-item-map: 0.438626766204834
test/next-item-map-micro: 0.5816786289215088
test/next-item-mean-time-step: 30.412137985229492
test/next-item-rmse: 33.15495300292969
test/next-k-label-distribution-delta: 6.734070301055908
test/optimal-transport-distance: 171.30235290527344
test/prediction_match_rate: 0.21650192141532898
test/sequence-labels-entropy: 0.7064891457557678
test/target_match_rate: 1.0
val/T-mAP: 0.5978929400444031
val/T-mAP-micro: 0.7086857557296753
val/horizon-mean-time-step: 1.5021703243255615
val/loss: 9.156251907348633
val/loss__presence: 0.1468896120786667
val/loss_labels: 0.5001006126403809
val/loss_timestamps: 8.509262084960938
val/match_cost_mean: -6.979323863983154
val/match_cost_std: 8.714675903320312
val/max_cost: 83.45101165771484
val/mean-predicted-length: 19.362152099609375
val/mean-target-length: 20.682857513427734
val/next-item-accuracy: 0.6002115607261658
val/next-item-mae: 18.582149505615234
val/next-item-map: 0.45711222290992737
val/next-item-map-micro: 0.5856797099113464
val/next-item-mean-time-step: 31.148359298706055
val/next-item-rmse: 33.32273864746094
val/next-k-label-distribution-delta: 6.7595648765563965
val/optimal-transport-distance: 174.36209106445312
val/prediction_match_rate: 0.2141687124967575
val/sequence-labels-entropy: 0.7056314945220947
val/target_match_rate: 1.0
