date: '2024-09-25 20:16:12'
test/T-mAP: 0.5673568248748779
test/T-mAP-micro: 0.7093113660812378
test/horizon-mean-time-step: 1.4876774549484253
test/loss: 25.242979049682617
test/loss__presence: 0.14626289904117584
test/loss_labels: 0.4957710802555084
test/loss_next_item_labels: 1.0180473327636719
test/loss_next_item_timestamps: 14.784170150756836
test/loss_timestamps: 8.798725128173828
test/match_cost_mean: -8.332653999328613
test/match_cost_std: 9.220948219299316
test/max_cost: 96.85672760009766
test/mean-predicted-length: 21.105709075927734
test/mean-target-length: 21.358747482299805
test/next-item-accuracy: 0.36358052492141724
test/next-item-mae: 18.367916107177734
test/next-item-map: 0.45930513739585876
test/next-item-map-micro: 0.6016086339950562
test/next-item-mean-time-step: 30.910064697265625
test/next-item-rmse: 32.212284088134766
test/next-k-label-distribution-delta: 6.786372184753418
test/optimal-transport-distance: 169.5605010986328
test/prediction_match_rate: 0.21644002199172974
test/sequence-labels-entropy: 0.7038308382034302
test/target_match_rate: 1.0
val/T-mAP: 0.5972340703010559
val/T-mAP-micro: 0.7098259329795837
val/horizon-mean-time-step: 1.4903862476348877
val/loss: 25.179916381835938
val/loss__presence: 0.14656217396259308
val/loss_labels: 0.49623435735702515
val/loss_next_item_labels: 1.0175673961639404
val/loss_next_item_timestamps: 14.977825164794922
val/loss_timestamps: 8.54172134399414
val/match_cost_mean: -8.0701265335083
val/match_cost_std: 9.187363624572754
val/max_cost: 97.0699234008789
val/mean-predicted-length: 20.128469467163086
val/mean-target-length: 20.682857513427734
val/next-item-accuracy: 0.361765056848526
val/next-item-mae: 18.579940795898438
val/next-item-map: 0.4789172410964966
val/next-item-map-micro: 0.6059954762458801
val/next-item-mean-time-step: 31.644563674926758
val/next-item-rmse: 32.3639030456543
val/next-k-label-distribution-delta: 6.856714248657227
val/optimal-transport-distance: 173.06646728515625
val/prediction_match_rate: 0.21416711807250977
val/sequence-labels-entropy: 0.7059201598167419
val/target_match_rate: 1.0
