date: '2024-09-25 21:24:42'
test/T-mAP: 0.5825346112251282
test/T-mAP-micro: 0.7254542708396912
test/horizon-mean-time-step: 1.4876774549484253
test/loss: 24.99610137939453
test/loss__presence: 0.14626289904117584
test/loss_labels: 0.4957710802555084
test/loss_next_item_labels: 0.7711735367774963
test/loss_next_item_timestamps: 14.784170150756836
test/loss_timestamps: 8.798725128173828
test/match_cost_mean: -8.332653999328613
test/match_cost_std: 9.220948219299316
test/max_cost: 96.85672760009766
test/mean-predicted-length: 21.105709075927734
test/mean-target-length: 21.358747482299805
test/next-item-accuracy: 0.5085846781730652
test/next-item-mae: 18.367916107177734
test/next-item-map: 0.46720144152641296
test/next-item-map-micro: 0.61339271068573
test/next-item-mean-time-step: 30.910064697265625
test/next-item-rmse: 32.212284088134766
test/next-k-label-distribution-delta: 3.8276243209838867
test/optimal-transport-distance: 139.09054565429688
test/prediction_match_rate: 0.21644002199172974
test/sequence-labels-entropy: 0.5085868239402771
test/target_match_rate: 1.0
val/T-mAP: 0.616097629070282
val/T-mAP-micro: 0.7282867431640625
val/horizon-mean-time-step: 1.4903862476348877
val/loss: 24.930082321166992
val/loss__presence: 0.14656217396259308
val/loss_labels: 0.49623435735702515
val/loss_next_item_labels: 0.7677401304244995
val/loss_next_item_timestamps: 14.977825164794922
val/loss_timestamps: 8.54172134399414
val/match_cost_mean: -8.0701265335083
val/match_cost_std: 9.187363624572754
val/max_cost: 97.0699234008789
val/mean-predicted-length: 20.128469467163086
val/mean-target-length: 20.682857513427734
val/next-item-accuracy: 0.5070345997810364
val/next-item-mae: 18.579940795898438
val/next-item-map: 0.4868568480014801
val/next-item-map-micro: 0.6178510785102844
val/next-item-mean-time-step: 31.644563674926758
val/next-item-rmse: 32.3639030456543
val/next-k-label-distribution-delta: 3.9144785404205322
val/optimal-transport-distance: 143.2379150390625
val/prediction_match_rate: 0.21416711807250977
val/sequence-labels-entropy: 0.5098674297332764
val/target_match_rate: 1.0
