date: '2024-09-26 11:09:18'
test/T-mAP: 0.5860281586647034
test/T-mAP-micro: 0.7234293222427368
test/horizon-mean-time-step: 1.5021512508392334
test/loss: 9.4486665725708
test/loss__presence: 0.1470460593700409
test/loss_labels: 0.4972634017467499
test/loss_timestamps: 8.80435562133789
test/match_cost_mean: -7.157145023345947
test/match_cost_std: 8.737030029296875
test/max_cost: 83.4578628540039
test/mean-predicted-length: 20.268508911132812
test/mean-target-length: 21.358747482299805
test/next-item-accuracy: 0.5952503085136414
test/next-item-mae: 18.347734451293945
test/next-item-map: 0.4553520381450653
test/next-item-map-micro: 0.6025630831718445
test/next-item-mean-time-step: 30.412137985229492
test/next-item-rmse: 33.15495300292969
test/next-k-label-distribution-delta: 3.4342541694641113
test/optimal-transport-distance: 134.11973571777344
test/prediction_match_rate: 0.21663260459899902
test/sequence-labels-entropy: 0.41966724395751953
test/target_match_rate: 1.0
val/T-mAP: 0.6220497488975525
val/T-mAP-micro: 0.7271274328231812
val/horizon-mean-time-step: 1.5021703243255615
val/loss: 9.165007591247559
val/loss__presence: 0.14687694609165192
val/loss_labels: 0.5000395774841309
val/loss_timestamps: 8.518091201782227
val/match_cost_mean: -6.974177360534668
val/match_cost_std: 8.71325397491455
val/max_cost: 83.47858428955078
val/mean-predicted-length: 19.362152099609375
val/mean-target-length: 20.682857513427734
val/next-item-accuracy: 0.6002957820892334
val/next-item-mae: 18.582149505615234
val/next-item-map: 0.474365234375
val/next-item-map-micro: 0.6068494319915771
val/next-item-mean-time-step: 31.148359298706055
val/next-item-rmse: 33.32273864746094
val/next-k-label-distribution-delta: 3.429107189178467
val/optimal-transport-distance: 137.49632263183594
val/prediction_match_rate: 0.21377524733543396
val/sequence-labels-entropy: 0.41686421632766724
val/target_match_rate: 1.0
