date: '2024-09-26 11:09:11'
test/T-mAP: 0.568698525428772
test/T-mAP-micro: 0.7160541415214539
test/horizon-mean-time-step: 1.5021512508392334
test/loss: 9.457561492919922
test/loss__presence: 0.14661742746829987
test/loss_labels: 0.49759694933891296
test/loss_timestamps: 8.813346862792969
test/match_cost_mean: -7.168196201324463
test/match_cost_std: 8.71706485748291
test/max_cost: 83.43948364257812
test/mean-predicted-length: 20.268508911132812
test/mean-target-length: 21.358747482299805
test/next-item-accuracy: 0.5924398899078369
test/next-item-mae: 18.347734451293945
test/next-item-map: 0.4408651292324066
test/next-item-map-micro: 0.5878216624259949
test/next-item-mean-time-step: 30.412137985229492
test/next-item-rmse: 33.15495300292969
test/next-k-label-distribution-delta: 3.4338860511779785
test/optimal-transport-distance: 134.31980895996094
test/prediction_match_rate: 0.21650192141532898
test/sequence-labels-entropy: 0.4199151396751404
test/target_match_rate: 1.0
val/T-mAP: 0.6007788181304932
val/T-mAP-micro: 0.720237672328949
val/horizon-mean-time-step: 1.5021703243255615
val/loss: 9.156251907348633
val/loss__presence: 0.1468896120786667
val/loss_labels: 0.5001006126403809
val/loss_timestamps: 8.509262084960938
val/match_cost_mean: -6.979323863983154
val/match_cost_std: 8.714675903320312
val/max_cost: 83.45101165771484
val/mean-predicted-length: 19.362152099609375
val/mean-target-length: 20.682857513427734
val/next-item-accuracy: 0.5962051749229431
val/next-item-mae: 18.582149505615234
val/next-item-map: 0.46119603514671326
val/next-item-map-micro: 0.5946652293205261
val/next-item-mean-time-step: 31.148359298706055
val/next-item-rmse: 33.32273864746094
val/next-k-label-distribution-delta: 3.463615894317627
val/optimal-transport-distance: 137.8460693359375
val/prediction_match_rate: 0.2141687124967575
val/sequence-labels-entropy: 0.4177747070789337
val/target_match_rate: 1.0
