date: '2024-09-26 10:23:28'
test/T-mAP: 0.5825346112251282
test/T-mAP-micro: 0.7254542708396912
test/horizon-mean-time-step: 1.4876774549484253
test/loss: 25.030818939208984
test/loss__presence: 0.14644157886505127
test/loss_labels: 0.4954734146595001
test/loss_next_item_labels: 0.7711735367774963
test/loss_next_item_timestamps: 14.783499717712402
test/loss_timestamps: 8.834229469299316
test/match_cost_mean: -8.300528526306152
test/match_cost_std: 9.224614143371582
test/max_cost: 96.82221221923828
test/mean-predicted-length: 21.105709075927734
test/mean-target-length: 21.358747482299805
test/next-item-accuracy: 0.5999125242233276
test/next-item-mae: 18.367916107177734
test/next-item-map: 0.46720144152641296
test/next-item-map-micro: 0.61339271068573
test/next-item-mean-time-step: 30.910064697265625
test/next-item-rmse: 32.212284088134766
test/next-k-label-distribution-delta: 3.4780848026275635
test/optimal-transport-distance: 132.97781372070312
test/prediction_match_rate: 0.21670123934745789
test/sequence-labels-entropy: 0.436452180147171
test/target_match_rate: 1.0
val/T-mAP: 0.616097629070282
val/T-mAP-micro: 0.7282867431640625
val/horizon-mean-time-step: 1.4903862476348877
val/loss: 24.899803161621094
val/loss__presence: 0.14617601037025452
val/loss_labels: 0.4969712495803833
val/loss_next_item_labels: 0.7677401304244995
val/loss_next_item_timestamps: 14.978623390197754
val/loss_timestamps: 8.510297775268555
val/match_cost_mean: -8.115500450134277
val/match_cost_std: 9.182343482971191
val/max_cost: 97.05781555175781
val/mean-predicted-length: 20.128469467163086
val/mean-target-length: 20.682857513427734
val/next-item-accuracy: 0.60416179895401
val/next-item-mae: 18.579940795898438
val/next-item-map: 0.4868568480014801
val/next-item-map-micro: 0.6178510785102844
val/next-item-mean-time-step: 31.644563674926758
val/next-item-rmse: 32.3639030456543
val/next-k-label-distribution-delta: 3.5168793201446533
val/optimal-transport-distance: 136.34539794921875
val/prediction_match_rate: 0.21394601464271545
val/sequence-labels-entropy: 0.4326963424682617
val/target_match_rate: 1.0
