date: '2024-09-25 20:49:51'
test/T-mAP: 0.5808845162391663
test/T-mAP-micro: 0.7236719131469727
test/horizon-mean-time-step: 1.4876774549484253
test/loss: 25.054508209228516
test/loss__presence: 0.14626289904117584
test/loss_labels: 0.4957710802555084
test/loss_next_item_labels: 0.829578161239624
test/loss_next_item_timestamps: 14.784170150756836
test/loss_timestamps: 8.798725128173828
test/match_cost_mean: -8.332653999328613
test/match_cost_std: 9.220948219299316
test/max_cost: 96.85672760009766
test/mean-predicted-length: 21.105709075927734
test/mean-target-length: 21.358747482299805
test/next-item-accuracy: 0.4506183862686157
test/next-item-mae: 18.367916107177734
test/next-item-map: 0.465829461812973
test/next-item-map-micro: 0.6113096475601196
test/next-item-mean-time-step: 30.910064697265625
test/next-item-rmse: 32.212284088134766
test/next-k-label-distribution-delta: 4.460405349731445
test/optimal-transport-distance: 146.51658630371094
test/prediction_match_rate: 0.21644002199172974
test/sequence-labels-entropy: 0.5871782898902893
test/target_match_rate: 1.0
val/T-mAP: 0.6136886477470398
val/T-mAP-micro: 0.7251772880554199
val/horizon-mean-time-step: 1.4903862476348877
val/loss: 24.989818572998047
val/loss__presence: 0.14656217396259308
val/loss_labels: 0.49623435735702515
val/loss_next_item_labels: 0.8274723887443542
val/loss_next_item_timestamps: 14.977825164794922
val/loss_timestamps: 8.54172134399414
val/match_cost_mean: -8.0701265335083
val/match_cost_std: 9.187363624572754
val/max_cost: 97.0699234008789
val/mean-predicted-length: 20.128469467163086
val/mean-target-length: 20.682857513427734
val/next-item-accuracy: 0.45008379220962524
val/next-item-mae: 18.579940795898438
val/next-item-map: 0.48540568351745605
val/next-item-map-micro: 0.6156587600708008
val/next-item-mean-time-step: 31.644563674926758
val/next-item-rmse: 32.3639030456543
val/next-k-label-distribution-delta: 4.576519012451172
val/optimal-transport-distance: 150.84262084960938
val/prediction_match_rate: 0.21416711807250977
val/sequence-labels-entropy: 0.5923593044281006
val/target_match_rate: 1.0
