date: '2024-09-26 11:08:55'
test/T-mAP: 0.5860281586647034
test/T-mAP-micro: 0.7234293222427368
test/horizon-mean-time-step: 1.5021512508392334
test/loss: 9.457561492919922
test/loss__presence: 0.14661742746829987
test/loss_labels: 0.49759694933891296
test/loss_timestamps: 8.813346862792969
test/match_cost_mean: -7.168196201324463
test/match_cost_std: 8.71706485748291
test/max_cost: 83.43948364257812
test/mean-predicted-length: 20.268508911132812
test/mean-target-length: 21.358747482299805
test/next-item-accuracy: 0.5952503085136414
test/next-item-mae: 18.347734451293945
test/next-item-map: 0.4553520381450653
test/next-item-map-micro: 0.6025630831718445
test/next-item-mean-time-step: 30.412137985229492
test/next-item-rmse: 33.15495300292969
test/next-k-label-distribution-delta: 3.815469741821289
test/optimal-transport-distance: 141.17918395996094
test/prediction_match_rate: 0.21650192141532898
test/sequence-labels-entropy: 0.5081987380981445
test/target_match_rate: 1.0
val/T-mAP: 0.6220497488975525
val/T-mAP-micro: 0.7271274328231812
val/horizon-mean-time-step: 1.5021703243255615
val/loss: 9.156251907348633
val/loss__presence: 0.1468896120786667
val/loss_labels: 0.5001006126403809
val/loss_timestamps: 8.509262084960938
val/match_cost_mean: -6.979323863983154
val/match_cost_std: 8.714675903320312
val/max_cost: 83.45101165771484
val/mean-predicted-length: 19.362152099609375
val/mean-target-length: 20.682857513427734
val/next-item-accuracy: 0.6002957820892334
val/next-item-mae: 18.582149505615234
val/next-item-map: 0.474365234375
val/next-item-map-micro: 0.6068494319915771
val/next-item-mean-time-step: 31.148359298706055
val/next-item-rmse: 33.32273864746094
val/next-k-label-distribution-delta: 3.868342161178589
val/optimal-transport-distance: 145.08958435058594
val/prediction_match_rate: 0.2141687124967575
val/sequence-labels-entropy: 0.5055932402610779
val/target_match_rate: 1.0
