date: '2025-02-10 15:02:46'
test/T-mAP: 0.5233026146888733
test/T-mAP-weighted: 0.6631637215614319
test/horizon-max-f-score: 0.6192691326141357
test/horizon-max-f-score-weighted: 0.7685085535049438
test/horizon-mean-time-step: 9.455408096313477
test/loss: 15.76557445526123
test/loss_decoder_labels: 0.774627149105072
test/loss_decoder_timestamps: 14.431604385375977
test/loss_diffusion: 0.5592907667160034
test/loss_embedder_regularizer: 5.2178133046254516e-05
test/mean-predicted-length: 14.915654182434082
test/mean-target-length: 21.358747482299805
test/next-item-accuracy: 0.5056905150413513
test/next-item-mae: 18.68804931640625
test/next-item-map: 0.43792828917503357
test/next-item-map-weighted: 0.5886564254760742
test/next-item-max-f-score: 0.477726012468338
test/next-item-max-f-score-weighted: 0.6376885175704956
test/next-item-mean-time-step: 29.964481353759766
test/next-item-rmse: 33.97002029418945
test/next-k-label-distribution-delta: 4.243462562561035
test/optimal-transport-distance: 155.09388732910156
test/sequence-labels-entropy: 0.5143336057662964
val/T-mAP: 0.5411710739135742
val/T-mAP-weighted: 0.6654238700866699
val/horizon-max-f-score: 0.6261223554611206
val/horizon-max-f-score-weighted: 0.7617093324661255
val/horizon-mean-time-step: 9.803213119506836
val/loss: 16.005992889404297
val/loss_decoder_labels: 0.7726719975471497
val/loss_decoder_timestamps: 14.668021202087402
val/loss_diffusion: 0.5652480125427246
val/loss_embedder_regularizer: 5.214228804106824e-05
val/mean-predicted-length: 14.791260719299316
val/mean-target-length: 20.682857513427734
val/next-item-accuracy: 0.509777307510376
val/next-item-mae: 18.90204620361328
val/next-item-map: 0.45388439297676086
val/next-item-map-weighted: 0.5908961892127991
val/next-item-max-f-score: 0.4920773208141327
val/next-item-max-f-score-weighted: 0.6388047933578491
val/next-item-mean-time-step: 30.685068130493164
val/next-item-rmse: 34.18019104003906
val/next-k-label-distribution-delta: 4.241935729980469
val/optimal-transport-distance: 156.36415100097656
val/sequence-labels-entropy: 0.5108257532119751
