date: '2025-02-10 15:01:56'
test/T-mAP: 0.5229321122169495
test/T-mAP-weighted: 0.6623529195785522
test/horizon-max-f-score: 0.6187924742698669
test/horizon-max-f-score-weighted: 0.7682017087936401
test/horizon-mean-time-step: 9.455408096313477
test/loss: 15.76557445526123
test/loss_decoder_labels: 0.774627149105072
test/loss_decoder_timestamps: 14.431604385375977
test/loss_diffusion: 0.5592907667160034
test/loss_embedder_regularizer: 5.2178133046254516e-05
test/mean-predicted-length: 14.915654182434082
test/mean-target-length: 21.358747482299805
test/next-item-accuracy: 0.4498366713523865
test/next-item-mae: 18.68804931640625
test/next-item-map: 0.4378272294998169
test/next-item-map-weighted: 0.5883748531341553
test/next-item-max-f-score: 0.4776538610458374
test/next-item-max-f-score-weighted: 0.6377713084220886
test/next-item-mean-time-step: 29.964481353759766
test/next-item-rmse: 33.97002029418945
test/next-k-label-distribution-delta: 5.034622669219971
test/optimal-transport-distance: 164.3135223388672
test/sequence-labels-entropy: 0.6371341943740845
val/T-mAP: 0.5408859848976135
val/T-mAP-weighted: 0.6644963026046753
val/horizon-max-f-score: 0.6279063820838928
val/horizon-max-f-score-weighted: 0.7620276808738708
val/horizon-mean-time-step: 9.803213119506836
val/loss: 16.005992889404297
val/loss_decoder_labels: 0.7726719975471497
val/loss_decoder_timestamps: 14.668021202087402
val/loss_diffusion: 0.5652480125427246
val/loss_embedder_regularizer: 5.214228804106824e-05
val/mean-predicted-length: 14.791260719299316
val/mean-target-length: 20.682857513427734
val/next-item-accuracy: 0.45232099294662476
val/next-item-mae: 18.90204620361328
val/next-item-map: 0.4538264274597168
val/next-item-map-weighted: 0.5905059576034546
val/next-item-max-f-score: 0.4921910762786865
val/next-item-max-f-score-weighted: 0.6390130519866943
val/next-item-mean-time-step: 30.685068130493164
val/next-item-rmse: 34.18019104003906
val/next-k-label-distribution-delta: 5.01087760925293
val/optimal-transport-distance: 166.087158203125
val/sequence-labels-entropy: 0.6329255700111389
