date: '2025-02-10 15:01:01'
test/T-mAP: 0.5220800042152405
test/T-mAP-weighted: 0.6612475514411926
test/horizon-max-f-score: 0.6183651685714722
test/horizon-max-f-score-weighted: 0.768018364906311
test/horizon-mean-time-step: 9.455408096313477
test/loss: 15.76557445526123
test/loss_decoder_labels: 0.774627149105072
test/loss_decoder_timestamps: 14.431604385375977
test/loss_diffusion: 0.5592907667160034
test/loss_embedder_regularizer: 5.2178133046254516e-05
test/mean-predicted-length: 14.915654182434082
test/mean-target-length: 21.358747482299805
test/next-item-accuracy: 0.36231493949890137
test/next-item-mae: 18.68804931640625
test/next-item-map: 0.43663275241851807
test/next-item-map-weighted: 0.5864579677581787
test/next-item-max-f-score: 0.47728583216667175
test/next-item-max-f-score-weighted: 0.6370866894721985
test/next-item-mean-time-step: 29.964481353759766
test/next-item-rmse: 33.97002029418945
test/next-k-label-distribution-delta: 7.201105117797852
test/optimal-transport-distance: 184.49435424804688
test/sequence-labels-entropy: 0.7265916466712952
val/T-mAP: 0.5400374531745911
val/T-mAP-weighted: 0.6631159782409668
val/horizon-max-f-score: 0.6288506984710693
val/horizon-max-f-score-weighted: 0.7622286677360535
val/horizon-mean-time-step: 9.803213119506836
val/loss: 16.005992889404297
val/loss_decoder_labels: 0.7726719975471497
val/loss_decoder_timestamps: 14.668021202087402
val/loss_diffusion: 0.5652480125427246
val/loss_embedder_regularizer: 5.214228804106824e-05
val/mean-predicted-length: 14.791260719299316
val/mean-target-length: 20.682857513427734
val/next-item-accuracy: 0.362804114818573
val/next-item-mae: 18.90204620361328
val/next-item-map: 0.4525153934955597
val/next-item-map-weighted: 0.5883673429489136
val/next-item-max-f-score: 0.49178290367126465
val/next-item-max-f-score-weighted: 0.6384682059288025
val/next-item-mean-time-step: 30.685068130493164
val/next-item-rmse: 34.18019104003906
val/next-k-label-distribution-delta: 7.111027717590332
val/optimal-transport-distance: 186.1430206298828
val/sequence-labels-entropy: 0.721417248249054
