date: '2025-02-10 15:03:37'
test/T-mAP: 0.5225256681442261
test/T-mAP-weighted: 0.6633557081222534
test/horizon-max-f-score: 0.6184203028678894
test/horizon-max-f-score-weighted: 0.7685545086860657
test/horizon-mean-time-step: 9.455408096313477
test/loss: 15.76557445526123
test/loss_decoder_labels: 0.774627149105072
test/loss_decoder_timestamps: 14.431604385375977
test/loss_diffusion: 0.5592907667160034
test/loss_embedder_regularizer: 5.2178133046254516e-05
test/mean-predicted-length: 14.915654182434082
test/mean-target-length: 21.358747482299805
test/next-item-accuracy: 0.5484045147895813
test/next-item-mae: 18.68804931640625
test/next-item-map: 0.43763622641563416
test/next-item-map-weighted: 0.5884965658187866
test/next-item-max-f-score: 0.47776973247528076
test/next-item-max-f-score-weighted: 0.6376345753669739
test/next-item-mean-time-step: 29.964481353759766
test/next-item-rmse: 33.97002029418945
test/next-k-label-distribution-delta: 4.374217510223389
test/optimal-transport-distance: 152.80088806152344
test/sequence-labels-entropy: 0.40512409806251526
val/T-mAP: 0.5402211546897888
val/T-mAP-weighted: 0.6655669808387756
val/horizon-max-f-score: 0.6239830851554871
val/horizon-max-f-score-weighted: 0.761380136013031
val/horizon-mean-time-step: 9.803213119506836
val/loss: 16.005992889404297
val/loss_decoder_labels: 0.7726719975471497
val/loss_decoder_timestamps: 14.668021202087402
val/loss_diffusion: 0.5652480125427246
val/loss_embedder_regularizer: 5.214228804106824e-05
val/mean-predicted-length: 14.791260719299316
val/mean-target-length: 20.682857513427734
val/next-item-accuracy: 0.5511237382888794
val/next-item-mae: 18.90204620361328
val/next-item-map: 0.4534197747707367
val/next-item-map-weighted: 0.5907717943191528
val/next-item-max-f-score: 0.49138331413269043
val/next-item-max-f-score-weighted: 0.6385379433631897
val/next-item-mean-time-step: 30.685068130493164
val/next-item-rmse: 34.18019104003906
val/next-k-label-distribution-delta: 4.446361541748047
val/optimal-transport-distance: 154.07748413085938
val/sequence-labels-entropy: 0.40297284722328186
