date: '2025-02-10 15:04:27'
test/T-mAP: 0.5191670060157776
test/T-mAP-weighted: 0.6624443531036377
test/horizon-max-f-score: 0.6148604154586792
test/horizon-max-f-score-weighted: 0.7681559324264526
test/horizon-mean-time-step: 9.455408096313477
test/loss: 15.76557445526123
test/loss_decoder_labels: 0.774627149105072
test/loss_decoder_timestamps: 14.431604385375977
test/loss_diffusion: 0.5592907667160034
test/loss_embedder_regularizer: 5.2178133046254516e-05
test/mean-predicted-length: 14.915654182434082
test/mean-target-length: 21.358747482299805
test/next-item-accuracy: 0.5825570821762085
test/next-item-mae: 18.68804931640625
test/next-item-map: 0.4367852210998535
test/next-item-map-weighted: 0.5876816511154175
test/next-item-max-f-score: 0.47695454955101013
test/next-item-max-f-score-weighted: 0.6374607086181641
test/next-item-mean-time-step: 29.964481353759766
test/next-item-rmse: 33.97002029418945
test/next-k-label-distribution-delta: 5.779374122619629
test/optimal-transport-distance: 158.4563446044922
test/sequence-labels-entropy: 0.28762903809547424
val/T-mAP: 0.5365498661994934
val/T-mAP-weighted: 0.6647046208381653
val/horizon-max-f-score: 0.6210443377494812
val/horizon-max-f-score-weighted: 0.7610123157501221
val/horizon-mean-time-step: 9.803213119506836
val/loss: 16.005992889404297
val/loss_decoder_labels: 0.7726719975471497
val/loss_decoder_timestamps: 14.668021202087402
val/loss_diffusion: 0.5652480125427246
val/loss_embedder_regularizer: 5.214228804106824e-05
val/mean-predicted-length: 14.791260719299316
val/mean-target-length: 20.682857513427734
val/next-item-accuracy: 0.5867975950241089
val/next-item-mae: 18.90204620361328
val/next-item-map: 0.45176613330841064
val/next-item-map-weighted: 0.5897829532623291
val/next-item-max-f-score: 0.48933419585227966
val/next-item-max-f-score-weighted: 0.6382480263710022
val/next-item-mean-time-step: 30.685068130493164
val/next-item-rmse: 34.18019104003906
val/next-k-label-distribution-delta: 5.84658670425415
val/optimal-transport-distance: 159.43817138671875
val/sequence-labels-entropy: 0.28638866543769836
