date: '2025-02-10 15:00:32'
test/T-mAP: 0.4557400643825531
test/T-mAP-weighted: 0.613136351108551
test/horizon-max-f-score: 0.48679086565971375
test/horizon-max-f-score-weighted: 0.6234250068664551
test/horizon-mean-time-step: 8.190728187561035
test/loss: 15.680356979370117
test/loss_labels: 0.7756839990615845
test/loss_timestamps: 14.904674530029297
test/mean-predicted-length: 25.38526725769043
test/mean-target-length: 21.358747482299805
test/next-item-accuracy: 0.3644087612628937
test/next-item-mae: 18.39893341064453
test/next-item-map: 0.4536091983318329
test/next-item-map-weighted: 0.602210283279419
test/next-item-max-f-score: 0.4937807321548462
test/next-item-max-f-score-weighted: 0.6425620317459106
test/next-item-mean-time-step: 31.011703491210938
test/next-item-rmse: 32.07710266113281
test/next-k-label-distribution-delta: 7.17753267288208
test/optimal-transport-distance: 172.19253540039062
test/sequence-labels-entropy: 0.7302138805389404
val/T-mAP: 0.47907888889312744
val/T-mAP-weighted: 0.6150683760643005
val/horizon-max-f-score: 0.5053935647010803
val/horizon-max-f-score-weighted: 0.6237128973007202
val/horizon-mean-time-step: 8.6644926071167
val/loss: 15.887064933776855
val/loss_labels: 0.7733522057533264
val/loss_timestamps: 15.113715171813965
val/mean-predicted-length: 24.712116241455078
val/mean-target-length: 20.682857513427734
val/next-item-accuracy: 0.36281347274780273
val/next-item-mae: 18.631498336791992
val/next-item-map: 0.4711554944515228
val/next-item-map-weighted: 0.6051026582717896
val/next-item-max-f-score: 0.5063216090202332
val/next-item-max-f-score-weighted: 0.6441318392753601
val/next-item-mean-time-step: 31.751211166381836
val/next-item-rmse: 32.256568908691406
val/next-k-label-distribution-delta: 7.186046600341797
val/optimal-transport-distance: 174.98211669921875
val/sequence-labels-entropy: 0.7269720435142517
