date: '2024-09-25 21:24:57'
test/T-mAP: 0.4276421368122101
test/T-mAP-micro: 0.5666869282722473
test/horizon-mean-time-step: 10.907025337219238
test/loss: 15.64297866821289
test/loss_labels: 0.7724213004112244
test/loss_timestamps: 14.87055778503418
test/mean-predicted-length: 22.952486038208008
test/mean-target-length: 21.358747482299805
test/next-item-accuracy: 0.5103248953819275
test/next-item-mae: 18.218395233154297
test/next-item-map: 0.46485719084739685
test/next-item-map-micro: 0.6124011874198914
test/next-item-mean-time-step: 30.835315704345703
test/next-item-rmse: 31.966432571411133
test/next-k-label-distribution-delta: 4.299447536468506
test/optimal-transport-distance: 145.16928100585938
test/sequence-labels-entropy: 0.5004422068595886
val/T-mAP: 0.4578392505645752
val/T-mAP-micro: 0.5710357427597046
val/horizon-mean-time-step: 11.357157707214355
val/loss: 15.851698875427246
val/loss_labels: 0.7699310183525085
val/loss_timestamps: 15.081768035888672
val/mean-predicted-length: 22.260128021240234
val/mean-target-length: 20.682857513427734
val/next-item-accuracy: 0.5096743106842041
val/next-item-mae: 18.448270797729492
val/next-item-map: 0.48359930515289307
val/next-item-map-micro: 0.6161527037620544
val/next-item-mean-time-step: 31.577030181884766
val/next-item-rmse: 32.141258239746094
val/next-k-label-distribution-delta: 4.433983325958252
val/optimal-transport-distance: 149.3390350341797
val/sequence-labels-entropy: 0.49735844135284424
