date: '2024-09-25 20:16:28'
test/T-mAP: 0.44772520661354065
test/T-mAP-micro: 0.6148467063903809
test/horizon-mean-time-step: 8.265209197998047
test/loss: 15.64297866821289
test/loss_labels: 0.7724213004112244
test/loss_timestamps: 14.87055778503418
test/mean-predicted-length: 25.05082893371582
test/mean-target-length: 21.358747482299805
test/next-item-accuracy: 0.36492058634757996
test/next-item-mae: 18.218395233154297
test/next-item-map: 0.458033949136734
test/next-item-map-micro: 0.6022724509239197
test/next-item-mean-time-step: 30.835315704345703
test/next-item-rmse: 31.966432571411133
test/next-k-label-distribution-delta: 7.193370342254639
test/optimal-transport-distance: 175.24534606933594
test/sequence-labels-entropy: 0.729663074016571
val/T-mAP: 0.4636561870574951
val/T-mAP-micro: 0.6094453930854797
val/horizon-mean-time-step: 8.597260475158691
val/loss: 15.851698875427246
val/loss_labels: 0.7699310183525085
val/loss_timestamps: 15.081768035888672
val/mean-predicted-length: 24.39459800720215
val/mean-target-length: 20.682857513427734
val/next-item-accuracy: 0.36324405670166016
val/next-item-mae: 18.448270797729492
val/next-item-map: 0.4768596589565277
val/next-item-map-micro: 0.6058723330497742
val/next-item-mean-time-step: 31.577030181884766
val/next-item-rmse: 32.141258239746094
val/next-k-label-distribution-delta: 7.261440277099609
val/optimal-transport-distance: 178.70677185058594
val/sequence-labels-entropy: 0.7259255051612854
