date: '2024-09-25 22:11:16'
test/T-mAP: 0.3989933431148529
test/T-mAP-micro: 0.5174744725227356
test/horizon-mean-time-step: 11.017951011657715
test/loss: 15.64297866821289
test/loss_labels: 0.7724213004112244
test/loss_timestamps: 14.87055778503418
test/mean-predicted-length: 22.88526725769043
test/mean-target-length: 21.358747482299805
test/next-item-accuracy: 0.5959761142730713
test/next-item-mae: 18.218395233154297
test/next-item-map: 0.46390867233276367
test/next-item-map-micro: 0.6112062931060791
test/next-item-mean-time-step: 30.835315704345703
test/next-item-rmse: 31.966432571411133
test/next-k-label-distribution-delta: 7.636096000671387
test/optimal-transport-distance: 161.7622528076172
test/sequence-labels-entropy: 0.10938195139169693
val/T-mAP: 0.4288158416748047
val/T-mAP-micro: 0.524293839931488
val/horizon-mean-time-step: 11.488019943237305
val/loss: 15.851698875427246
val/loss_labels: 0.7699310183525085
val/loss_timestamps: 15.081768035888672
val/mean-predicted-length: 22.21042823791504
val/mean-target-length: 20.682857513427734
val/next-item-accuracy: 0.5987793803215027
val/next-item-mae: 18.448270797729492
val/next-item-map: 0.48161613941192627
val/next-item-map-micro: 0.6150796413421631
val/next-item-mean-time-step: 31.577030181884766
val/next-item-rmse: 32.141258239746094
val/next-k-label-distribution-delta: 7.67066764831543
val/optimal-transport-distance: 163.46559143066406
val/sequence-labels-entropy: 0.11004262417554855
