date: '2025-02-10 15:05:04'
test/T-mAP: 0.40722474455833435
test/T-mAP-weighted: 0.5437467694282532
test/horizon-max-f-score: 0.47321414947509766
test/horizon-max-f-score-weighted: 0.6174543499946594
test/horizon-mean-time-step: 11.543096542358398
test/loss: 15.67973804473877
test/loss_labels: 0.7756839990615845
test/loss_timestamps: 14.904050827026367
test/mean-predicted-length: 23.979373931884766
test/mean-target-length: 21.358747482299805
test/next-item-accuracy: 0.5979955196380615
test/next-item-mae: 18.39893341064453
test/next-item-map: 0.4586926996707916
test/next-item-map-weighted: 0.6097992658615112
test/next-item-max-f-score: 0.4962210953235626
test/next-item-max-f-score-weighted: 0.6455634832382202
test/next-item-mean-time-step: 31.011703491210938
test/next-item-rmse: 32.07710266113281
test/next-k-label-distribution-delta: 8.001473426818848
test/optimal-transport-distance: 164.97911071777344
test/sequence-labels-entropy: 0.08861720561981201
val/T-mAP: 0.44610464572906494
val/T-mAP-weighted: 0.5491203665733337
val/horizon-max-f-score: 0.5040256381034851
val/horizon-max-f-score-weighted: 0.6181802153587341
val/horizon-mean-time-step: 12.184037208557129
val/loss: 15.885335922241211
val/loss_labels: 0.7733522057533264
val/loss_timestamps: 15.111985206604004
val/mean-predicted-length: 23.17179298400879
val/mean-target-length: 20.682857513427734
val/next-item-accuracy: 0.6010259389877319
val/next-item-mae: 18.631498336791992
val/next-item-map: 0.47639259696006775
val/next-item-map-weighted: 0.6131588816642761
val/next-item-max-f-score: 0.5088196396827698
val/next-item-max-f-score-weighted: 0.6471287608146667
val/next-item-mean-time-step: 31.751211166381836
val/next-item-rmse: 32.256568908691406
val/next-k-label-distribution-delta: 8.04538631439209
val/optimal-transport-distance: 166.0963592529297
val/sequence-labels-entropy: 0.0940464437007904
