date: '2025-02-10 15:03:24'
test/T-mAP: 0.39874324202537537
test/T-mAP-weighted: 0.530288815498352
test/horizon-max-f-score: 0.4643283784389496
test/horizon-max-f-score-weighted: 0.6025940179824829
test/horizon-mean-time-step: 11.4909086227417
test/loss: 15.680356979370117
test/loss_labels: 0.7756839990615845
test/loss_timestamps: 14.904674530029297
test/mean-predicted-length: 24.074769973754883
test/mean-target-length: 21.358747482299805
test/next-item-accuracy: 0.5493723154067993
test/next-item-mae: 18.39893341064453
test/next-item-map: 0.4584231674671173
test/next-item-map-weighted: 0.609366774559021
test/next-item-max-f-score: 0.4966747760772705
test/next-item-max-f-score-weighted: 0.6453234553337097
test/next-item-mean-time-step: 31.011703491210938
test/next-item-rmse: 32.07710266113281
test/next-k-label-distribution-delta: 4.861878395080566
test/optimal-transport-distance: 143.7532958984375
test/sequence-labels-entropy: 0.35779696702957153
val/T-mAP: 0.437746524810791
val/T-mAP-weighted: 0.5372320413589478
val/horizon-max-f-score: 0.49636366963386536
val/horizon-max-f-score-weighted: 0.6048963069915771
val/horizon-mean-time-step: 12.130334854125977
val/loss: 15.887064933776855
val/loss_labels: 0.7733522057533264
val/loss_timestamps: 15.113715171813965
val/mean-predicted-length: 23.268192291259766
val/mean-target-length: 20.682857513427734
val/next-item-accuracy: 0.5520317554473877
val/next-item-mae: 18.631498336791992
val/next-item-map: 0.47596946358680725
val/next-item-map-weighted: 0.6127551198005676
val/next-item-max-f-score: 0.5088412165641785
val/next-item-max-f-score-weighted: 0.6470025181770325
val/next-item-mean-time-step: 31.751211166381836
val/next-item-rmse: 32.256568908691406
val/next-k-label-distribution-delta: 4.81207799911499
val/optimal-transport-distance: 146.4949951171875
val/sequence-labels-entropy: 0.3574712574481964
