date: '2024-09-26 10:23:41'
test/T-mAP: 0.40128350257873535
test/T-mAP-micro: 0.5208463072776794
test/horizon-mean-time-step: 11.004364013671875
test/loss: 15.642682075500488
test/loss_labels: 0.7724213004112244
test/loss_timestamps: 14.870258331298828
test/mean-predicted-length: 22.89244842529297
test/mean-target-length: 21.358747482299805
test/next-item-accuracy: 0.5997077822685242
test/next-item-mae: 18.218395233154297
test/next-item-map: 0.46485719084739685
test/next-item-map-micro: 0.6124011874198914
test/next-item-mean-time-step: 30.835315704345703
test/next-item-rmse: 31.966432571411133
test/next-k-label-distribution-delta: 8.0110502243042
test/optimal-transport-distance: 164.4456329345703
test/sequence-labels-entropy: 0.09209924936294556
val/T-mAP: 0.4359629154205322
val/T-mAP-micro: 0.5269052386283875
val/horizon-mean-time-step: 11.464360237121582
val/loss: 15.850050926208496
val/loss_labels: 0.7699310183525085
val/loss_timestamps: 15.080119132995605
val/mean-predicted-length: 22.22186851501465
val/mean-target-length: 20.682857513427734
val/next-item-accuracy: 0.6025891900062561
val/next-item-mae: 18.448270797729492
val/next-item-map: 0.48359930515289307
val/next-item-map-micro: 0.6161527037620544
val/next-item-mean-time-step: 31.577030181884766
val/next-item-rmse: 32.141258239746094
val/next-k-label-distribution-delta: 8.029632568359375
val/optimal-transport-distance: 165.62940979003906
val/sequence-labels-entropy: 0.08923560380935669
