date: '2024-09-25 21:53:42'
test/T-mAP: 0.4116460978984833
test/T-mAP-micro: 0.5374011993408203
test/horizon-mean-time-step: 11.185781478881836
test/loss: 15.64297866821289
test/loss_labels: 0.7724213004112244
test/loss_timestamps: 14.87055778503418
test/mean-predicted-length: 22.779741287231445
test/mean-target-length: 21.358747482299805
test/next-item-accuracy: 0.5524804592132568
test/next-item-mae: 18.218395233154297
test/next-item-map: 0.46466097235679626
test/next-item-map-micro: 0.6120242476463318
test/next-item-mean-time-step: 30.835315704345703
test/next-item-rmse: 31.966432571411133
test/next-k-label-distribution-delta: 4.733701705932617
test/optimal-transport-distance: 144.75643920898438
test/sequence-labels-entropy: 0.3562301695346832
val/T-mAP: 0.44514063000679016
val/T-mAP-micro: 0.5433249473571777
val/horizon-mean-time-step: 11.63581371307373
val/loss: 15.851698875427246
val/loss_labels: 0.7699310183525085
val/loss_timestamps: 15.081768035888672
val/mean-predicted-length: 22.092836380004883
val/mean-target-length: 20.682857513427734
val/next-item-accuracy: 0.5541192293167114
val/next-item-mae: 18.448270797729492
val/next-item-map: 0.4830998182296753
val/next-item-map-micro: 0.6157829761505127
val/next-item-mean-time-step: 31.577030181884766
val/next-item-rmse: 32.141258239746094
val/next-k-label-distribution-delta: 4.789572238922119
val/optimal-transport-distance: 147.97793579101562
val/sequence-labels-entropy: 0.35395878553390503
