date: '2025-02-10 15:02:34'
test/T-mAP: 0.415431410074234
test/T-mAP-weighted: 0.5483490824699402
test/horizon-max-f-score: 0.47072145342826843
test/horizon-max-f-score-weighted: 0.6023002862930298
test/horizon-mean-time-step: 10.947677612304688
test/loss: 15.680356979370117
test/loss_labels: 0.7756839990615845
test/loss_timestamps: 14.904674530029297
test/mean-predicted-length: 24.27053451538086
test/mean-target-length: 21.358747482299805
test/next-item-accuracy: 0.5083706378936768
test/next-item-mae: 18.39893341064453
test/next-item-map: 0.4586926996707916
test/next-item-map-weighted: 0.6097992658615112
test/next-item-max-f-score: 0.4962210953235626
test/next-item-max-f-score-weighted: 0.6455634832382202
test/next-item-mean-time-step: 31.011703491210938
test/next-item-rmse: 32.07710266113281
test/next-k-label-distribution-delta: 4.384162425994873
test/optimal-transport-distance: 142.919677734375
test/sequence-labels-entropy: 0.5040425658226013
val/T-mAP: 0.45139071345329285
val/T-mAP-weighted: 0.5545679330825806
val/horizon-max-f-score: 0.5018751621246338
val/horizon-max-f-score-weighted: 0.6048902273178101
val/horizon-mean-time-step: 11.615804672241211
val/loss: 15.887064933776855
val/loss_labels: 0.7733522057533264
val/loss_timestamps: 15.113715171813965
val/mean-predicted-length: 23.467554092407227
val/mean-target-length: 20.682857513427734
val/next-item-accuracy: 0.5082327723503113
val/next-item-mae: 18.631498336791992
val/next-item-map: 0.47639259696006775
val/next-item-map-weighted: 0.6131588816642761
val/next-item-max-f-score: 0.5088196396827698
val/next-item-max-f-score-weighted: 0.6471287608146667
val/next-item-mean-time-step: 31.751211166381836
val/next-item-rmse: 32.256568908691406
val/next-k-label-distribution-delta: 4.398724555969238
val/optimal-transport-distance: 146.4376678466797
val/sequence-labels-entropy: 0.5012193918228149
