date: '2025-02-10 15:01:44'
test/T-mAP: 0.43538355827331543
test/T-mAP-weighted: 0.5751999020576477
test/horizon-max-f-score: 0.4744250774383545
test/horizon-max-f-score-weighted: 0.6005130410194397
test/horizon-mean-time-step: 9.770859718322754
test/loss: 15.680356979370117
test/loss_labels: 0.7756839990615845
test/loss_timestamps: 14.904674530029297
test/mean-predicted-length: 24.680479049682617
test/mean-target-length: 21.358747482299805
test/next-item-accuracy: 0.45472225546836853
test/next-item-mae: 18.39893341064453
test/next-item-map: 0.4580242931842804
test/next-item-map-weighted: 0.608810305595398
test/next-item-max-f-score: 0.4958883225917816
test/next-item-max-f-score-weighted: 0.645328164100647
test/next-item-mean-time-step: 31.011703491210938
test/next-item-rmse: 32.07710266113281
test/next-k-label-distribution-delta: 5.106445789337158
test/optimal-transport-distance: 151.6636505126953
test/sequence-labels-entropy: 0.6356006860733032
val/T-mAP: 0.46675238013267517
val/T-mAP-weighted: 0.5791243314743042
val/horizon-max-f-score: 0.5041874051094055
val/horizon-max-f-score-weighted: 0.6031509041786194
val/horizon-mean-time-step: 10.385661125183105
val/loss: 15.887064933776855
val/loss_labels: 0.7733522057533264
val/loss_timestamps: 15.113715171813965
val/mean-predicted-length: 23.91035270690918
val/mean-target-length: 20.682857513427734
val/next-item-accuracy: 0.4526205360889435
val/next-item-mae: 18.631498336791992
val/next-item-map: 0.4757368564605713
val/next-item-map-weighted: 0.6120154857635498
val/next-item-max-f-score: 0.5085070729255676
val/next-item-max-f-score-weighted: 0.6470065712928772
val/next-item-mean-time-step: 31.751211166381836
val/next-item-rmse: 32.256568908691406
val/next-k-label-distribution-delta: 5.1309075355529785
val/optimal-transport-distance: 154.9295654296875
val/sequence-labels-entropy: 0.6349843740463257
