date: '2025-02-10 15:04:15'
test/T-mAP: 0.39798498153686523
test/T-mAP-weighted: 0.5277554988861084
test/horizon-max-f-score: 0.47427359223365784
test/horizon-max-f-score-weighted: 0.6169265508651733
test/horizon-mean-time-step: 11.5523042678833
test/loss: 15.680356979370117
test/loss_labels: 0.7756839990615845
test/loss_timestamps: 14.904674530029297
test/mean-predicted-length: 23.987476348876953
test/mean-target-length: 21.358747482299805
test/next-item-accuracy: 0.5940126180648804
test/next-item-mae: 18.39893341064453
test/next-item-map: 0.45774054527282715
test/next-item-map-weighted: 0.6085554957389832
test/next-item-max-f-score: 0.49675825238227844
test/next-item-max-f-score-weighted: 0.6452155709266663
test/next-item-mean-time-step: 31.011703491210938
test/next-item-rmse: 32.07710266113281
test/next-k-label-distribution-delta: 7.703867435455322
test/optimal-transport-distance: 162.70346069335938
test/sequence-labels-entropy: 0.10946987569332123
val/T-mAP: 0.4345654547214508
val/T-mAP-weighted: 0.533140242099762
val/horizon-max-f-score: 0.5022743344306946
val/horizon-max-f-score-weighted: 0.617708146572113
val/horizon-mean-time-step: 12.19581127166748
val/loss: 15.887064933776855
val/loss_labels: 0.7733522057533264
val/loss_timestamps: 15.113715171813965
val/mean-predicted-length: 23.17667007446289
val/mean-target-length: 20.682857513427734
val/next-item-accuracy: 0.5972067713737488
val/next-item-mae: 18.631498336791992
val/next-item-map: 0.4748177230358124
val/next-item-map-weighted: 0.6118988990783691
val/next-item-max-f-score: 0.5076822638511658
val/next-item-max-f-score-weighted: 0.6468114852905273
val/next-item-mean-time-step: 31.751211166381836
val/next-item-rmse: 32.256568908691406
val/next-k-label-distribution-delta: 7.7336835861206055
val/optimal-transport-distance: 163.88975524902344
val/sequence-labels-entropy: 0.1110977753996849
