date: '2024-09-25 20:50:06'
test/T-mAP: 0.4362877309322357
test/T-mAP-micro: 0.5903758406639099
test/horizon-mean-time-step: 9.938709259033203
test/loss: 15.64297866821289
test/loss_labels: 0.7724213004112244
test/loss_timestamps: 14.87055778503418
test/mean-predicted-length: 23.602947235107422
test/mean-target-length: 21.358747482299805
test/next-item-accuracy: 0.4556993842124939
test/next-item-mae: 18.218395233154297
test/next-item-map: 0.4638765752315521
test/next-item-map-micro: 0.6109622716903687
test/next-item-mean-time-step: 30.835315704345703
test/next-item-rmse: 31.966432571411133
test/next-k-label-distribution-delta: 5.117127418518066
test/optimal-transport-distance: 154.81149291992188
test/sequence-labels-entropy: 0.6372280120849609
val/T-mAP: 0.4643864929676056
val/T-mAP-micro: 0.5939067602157593
val/horizon-mean-time-step: 10.372560501098633
val/loss: 15.851698875427246
val/loss_labels: 0.7699310183525085
val/loss_timestamps: 15.081768035888672
val/mean-predicted-length: 22.90116310119629
val/mean-target-length: 20.682857513427734
val/next-item-accuracy: 0.4531541168689728
val/next-item-mae: 18.448270797729492
val/next-item-map: 0.4826931655406952
val/next-item-map-micro: 0.6146634817123413
val/next-item-mean-time-step: 31.577030181884766
val/next-item-rmse: 32.141258239746094
val/next-k-label-distribution-delta: 5.169917583465576
val/optimal-transport-distance: 158.46400451660156
val/sequence-labels-entropy: 0.6370024681091309
