date: '2024-09-25 20:21:26'
test/T-mAP: 0.4840738773345947
test/T-mAP-micro: 0.6610997319221497
test/horizon-mean-time-step: 19.445234298706055
test/loss: 4.525424957275391
test/loss_nhp: 4.525424957275391
test/mean-predicted-length: 14.643462181091309
test/mean-target-length: 21.358747482299805
test/next-item-accuracy: 0.3617751896381378
test/next-item-mae: 18.648983001708984
test/next-item-map: 0.4613729417324066
test/next-item-map-micro: 0.60524982213974
test/next-item-mean-time-step: 30.453969955444336
test/next-item-rmse: 32.066162109375
test/next-k-label-distribution-delta: 7.324862003326416
test/optimal-transport-distance: 192.08229064941406
test/sequence-labels-entropy: 0.7175627946853638
test/thinning_accepted: 46.62808609008789
val/T-mAP: 0.49615082144737244
val/T-mAP-micro: 0.6611347198486328
val/horizon-mean-time-step: 19.887752532958984
val/loss: 4.5583319664001465
val/loss_nhp: 4.5583319664001465
val/mean-predicted-length: 14.19486141204834
val/mean-target-length: 20.682857513427734
val/next-item-accuracy: 0.3637401759624481
val/next-item-mae: 18.90056800842285
val/next-item-map: 0.4800066649913788
val/next-item-map-micro: 0.61048424243927
val/next-item-mean-time-step: 31.178762435913086
val/next-item-rmse: 32.24090576171875
val/next-k-label-distribution-delta: 7.222055435180664
val/optimal-transport-distance: 193.32278442382812
val/sequence-labels-entropy: 0.7129433155059814
val/thinning_accepted: 46.23371505737305
