date: '2024-09-25 20:54:52'
test/T-mAP: 0.4775034189224243
test/T-mAP-micro: 0.6427479982376099
test/horizon-mean-time-step: 19.7780704498291
test/loss: 4.525424957275391
test/loss_nhp: 4.525424957275391
test/mean-predicted-length: 15.419889450073242
test/mean-target-length: 21.358747482299805
test/next-item-accuracy: 0.45120465755462646
test/next-item-mae: 18.648983001708984
test/next-item-map: 0.4653058350086212
test/next-item-map-micro: 0.6109835505485535
test/next-item-mean-time-step: 30.453969955444336
test/next-item-rmse: 32.066162109375
test/next-k-label-distribution-delta: 5.211418151855469
test/optimal-transport-distance: 170.5060577392578
test/sequence-labels-entropy: 0.6292318105697632
test/thinning_accepted: 46.62808609008789
val/T-mAP: 0.49803510308265686
val/T-mAP-micro: 0.6440184116363525
val/horizon-mean-time-step: 20.34918212890625
val/loss: 4.5583319664001465
val/loss_nhp: 4.5583319664001465
val/mean-predicted-length: 14.865341186523438
val/mean-target-length: 20.682857513427734
val/next-item-accuracy: 0.45317283272743225
val/next-item-mae: 18.90056800842285
val/next-item-map: 0.4839961528778076
val/next-item-map-micro: 0.6163678765296936
val/next-item-mean-time-step: 31.178762435913086
val/next-item-rmse: 32.24090576171875
val/next-k-label-distribution-delta: 5.10802698135376
val/optimal-transport-distance: 172.14524841308594
val/sequence-labels-entropy: 0.6241169571876526
val/thinning_accepted: 46.23371505737305
