date: '2024-09-25 21:55:59'
test/T-mAP: 0.4577098786830902
test/T-mAP-micro: 0.6007920503616333
test/horizon-mean-time-step: 20.33354949951172
test/loss: 4.525424957275391
test/loss_nhp: 4.525424957275391
test/mean-predicted-length: 15.858011245727539
test/mean-target-length: 21.358747482299805
test/next-item-accuracy: 0.5504611134529114
test/next-item-mae: 18.648983001708984
test/next-item-map: 0.4657003581523895
test/next-item-map-micro: 0.6114307045936584
test/next-item-mean-time-step: 30.453969955444336
test/next-item-rmse: 32.066162109375
test/next-k-label-distribution-delta: 4.665930271148682
test/optimal-transport-distance: 157.28587341308594
test/sequence-labels-entropy: 0.36547571420669556
test/thinning_accepted: 46.62808609008789
val/T-mAP: 0.48353755474090576
val/T-mAP-micro: 0.6075155735015869
val/horizon-mean-time-step: 20.997821807861328
val/loss: 4.5583319664001465
val/loss_nhp: 4.5583319664001465
val/mean-predicted-length: 15.281695365905762
val/mean-target-length: 20.682857513427734
val/next-item-accuracy: 0.5551395416259766
val/next-item-mae: 18.90056800842285
val/next-item-map: 0.4842527210712433
val/next-item-map-micro: 0.6168026328086853
val/next-item-mean-time-step: 31.178762435913086
val/next-item-rmse: 32.24090576171875
val/next-k-label-distribution-delta: 4.645911693572998
val/optimal-transport-distance: 158.94284057617188
val/sequence-labels-entropy: 0.35981518030166626
val/thinning_accepted: 46.23371505737305
