date: '2024-09-25 21:29:37'
test/T-mAP: 0.47175970673561096
test/T-mAP-micro: 0.6240590214729309
test/horizon-mean-time-step: 20.162065505981445
test/loss: 4.525424957275391
test/loss_nhp: 4.525424957275391
test/mean-predicted-length: 15.786188125610352
test/mean-target-length: 21.358747482299805
test/next-item-accuracy: 0.5068351626396179
test/next-item-mae: 18.648983001708984
test/next-item-map: 0.46600833535194397
test/next-item-map-micro: 0.611907958984375
test/next-item-mean-time-step: 30.453969955444336
test/next-item-rmse: 32.066162109375
test/next-k-label-distribution-delta: 4.419889450073242
test/optimal-transport-distance: 160.31861877441406
test/sequence-labels-entropy: 0.5000642538070679
test/thinning_accepted: 46.62808609008789
val/T-mAP: 0.49922123551368713
val/T-mAP-micro: 0.6308332085609436
val/horizon-mean-time-step: 20.811429977416992
val/loss: 4.5583319664001465
val/loss_nhp: 4.5583319664001465
val/mean-predicted-length: 15.192422866821289
val/mean-target-length: 20.682857513427734
val/next-item-accuracy: 0.5103015303611755
val/next-item-mae: 18.90056800842285
val/next-item-map: 0.4846315383911133
val/next-item-map-micro: 0.6173067688941956
val/next-item-mean-time-step: 31.178762435913086
val/next-item-rmse: 32.24090576171875
val/next-k-label-distribution-delta: 4.327832221984863
val/optimal-transport-distance: 162.01058959960938
val/sequence-labels-entropy: 0.49473708868026733
val/thinning_accepted: 46.23371505737305
