date: '2024-09-25 22:13:29'
test/T-mAP: 0.4455280303955078
test/T-mAP-micro: 0.5811272859573364
test/horizon-mean-time-step: 20.26994514465332
test/loss: 4.525424957275391
test/loss_nhp: 4.525424957275391
test/mean-predicted-length: 15.903867721557617
test/mean-target-length: 21.358747482299805
test/next-item-accuracy: 0.5952503085136414
test/next-item-mae: 18.648983001708984
test/next-item-map: 0.4651067554950714
test/next-item-map-micro: 0.6108587384223938
test/next-item-mean-time-step: 30.453969955444336
test/next-item-rmse: 32.066162109375
test/next-k-label-distribution-delta: 7.54806661605835
test/optimal-transport-distance: 166.9166717529297
test/sequence-labels-entropy: 0.10585632920265198
test/thinning_accepted: 46.62808609008789
val/T-mAP: 0.46494510769844055
val/T-mAP-micro: 0.585705578327179
val/horizon-mean-time-step: 20.912992477416992
val/loss: 4.5583319664001465
val/loss_nhp: 4.5583319664001465
val/mean-predicted-length: 15.328019142150879
val/mean-target-length: 20.682857513427734
val/next-item-accuracy: 0.5990601778030396
val/next-item-mae: 18.90056800842285
val/next-item-map: 0.48263564705848694
val/next-item-map-micro: 0.6159679889678955
val/next-item-mean-time-step: 31.178762435913086
val/next-item-rmse: 32.24090576171875
val/next-k-label-distribution-delta: 7.571268081665039
val/optimal-transport-distance: 168.5311737060547
val/sequence-labels-entropy: 0.10814003646373749
val/thinning_accepted: 46.23371505737305
