date: '2024-09-26 10:33:13'
test/T-mAP: 0.44638577103614807
test/T-mAP-micro: 0.5851718783378601
test/horizon-mean-time-step: 20.277198791503906
test/loss: 4.526556491851807
test/loss_nhp: 4.526556491851807
test/mean-predicted-length: 15.912155151367188
test/mean-target-length: 21.358747482299805
test/next-item-accuracy: 0.6014014482498169
test/next-item-mae: 18.64011001586914
test/next-item-map: 0.4660473167896271
test/next-item-map-micro: 0.6118811368942261
test/next-item-mean-time-step: 30.447233200073242
test/next-item-rmse: 32.051517486572266
test/next-k-label-distribution-delta: 7.990423679351807
test/optimal-transport-distance: 168.87442016601562
test/sequence-labels-entropy: 0.07568348199129105
test/thinning_accepted: 46.725006103515625
val/T-mAP: 0.47004687786102295
val/T-mAP-micro: 0.5877468585968018
val/horizon-mean-time-step: 20.916767120361328
val/loss: 4.559814929962158
val/loss_nhp: 4.559814929962158
val/mean-predicted-length: 15.320892333984375
val/mean-target-length: 20.682857513427734
val/next-item-accuracy: 0.60399329662323
val/next-item-mae: 18.891904830932617
val/next-item-map: 0.4846842586994171
val/next-item-map-micro: 0.61733478307724
val/next-item-mean-time-step: 31.175735473632812
val/next-item-rmse: 32.243125915527344
val/next-k-label-distribution-delta: 8.010128021240234
val/optimal-transport-distance: 170.1480255126953
val/sequence-labels-entropy: 0.07711198180913925
val/thinning_accepted: 46.466251373291016
