date: '2024-09-25 21:03:34'
test/T-mAP: 0.47891345620155334
test/T-mAP-micro: 0.6440866589546204
test/horizon-mean-time-step: 16.940332412719727
test/loss: 4.51791524887085
test/loss_nhp: 4.51791524887085
test/mean-predicted-length: 17.709575653076172
test/mean-target-length: 21.358747482299805
test/next-item-accuracy: 0.45244231820106506
test/next-item-mae: 18.4475154876709
test/next-item-map: 0.46486273407936096
test/next-item-map-micro: 0.6102070808410645
test/next-item-mean-time-step: 30.45453453063965
test/next-item-rmse: 32.06340408325195
test/next-k-label-distribution-delta: 5.268876552581787
test/optimal-transport-distance: 165.16696166992188
test/sequence-labels-entropy: 0.6394861936569214
test/thinning_accepted: 47.13762283325195
val/T-mAP: 0.5060572028160095
val/T-mAP-micro: 0.6469725370407104
val/horizon-mean-time-step: 17.576276779174805
val/loss: 4.549671173095703
val/loss_nhp: 4.549671173095703
val/mean-predicted-length: 17.005813598632812
val/mean-target-length: 20.682857513427734
val/next-item-accuracy: 0.4546518325805664
val/next-item-mae: 18.692188262939453
val/next-item-map: 0.48463883996009827
val/next-item-map-micro: 0.615700900554657
val/next-item-mean-time-step: 31.180936813354492
val/next-item-rmse: 32.2331428527832
val/next-k-label-distribution-delta: 5.171792984008789
val/optimal-transport-distance: 166.56298828125
val/sequence-labels-entropy: 0.6342633366584778
val/thinning_accepted: 46.73828125
