date: '2024-09-25 22:17:27'
test/T-mAP: 0.44866952300071716
test/T-mAP-micro: 0.5884389877319336
test/horizon-mean-time-step: 17.426685333251953
test/loss: 4.51791524887085
test/loss_nhp: 4.51791524887085
test/mean-predicted-length: 17.96942901611328
test/mean-target-length: 21.358747482299805
test/next-item-accuracy: 0.5928214192390442
test/next-item-mae: 18.4475154876709
test/next-item-map: 0.4658818244934082
test/next-item-map-micro: 0.6110103130340576
test/next-item-mean-time-step: 30.45453453063965
test/next-item-rmse: 32.06340408325195
test/next-k-label-distribution-delta: 7.552486419677734
test/optimal-transport-distance: 163.9932403564453
test/sequence-labels-entropy: 0.11033719033002853
test/thinning_accepted: 47.13762283325195
val/T-mAP: 0.47965383529663086
val/T-mAP-micro: 0.5972099900245667
val/horizon-mean-time-step: 18.098169326782227
val/loss: 4.549671173095703
val/loss_nhp: 4.549671173095703
val/mean-predicted-length: 17.234996795654297
val/mean-target-length: 20.682857513427734
val/next-item-accuracy: 0.5977122187614441
val/next-item-mae: 18.692188262939453
val/next-item-map: 0.4839436113834381
val/next-item-map-micro: 0.6162313222885132
val/next-item-mean-time-step: 31.180936813354492
val/next-item-rmse: 32.2331428527832
val/next-k-label-distribution-delta: 7.596024036407471
val/optimal-transport-distance: 165.45916748046875
val/sequence-labels-entropy: 0.11766219884157181
val/thinning_accepted: 46.73828125
