date: '2024-09-26 10:47:24'
test/T-mAP: 0.4550579786300659
test/T-mAP-micro: 0.5985287427902222
test/horizon-mean-time-step: 17.466781616210938
test/loss: 4.519418239593506
test/loss_nhp: 4.519418239593506
test/mean-predicted-length: 17.974401473999023
test/mean-target-length: 21.358747482299805
test/next-item-accuracy: 0.5981258153915405
test/next-item-mae: 18.445240020751953
test/next-item-map: 0.46606287360191345
test/next-item-map-micro: 0.611804187297821
test/next-item-mean-time-step: 30.449512481689453
test/next-item-rmse: 32.05194091796875
test/next-k-label-distribution-delta: 7.959853172302246
test/optimal-transport-distance: 165.8158721923828
test/sequence-labels-entropy: 0.08244757354259491
test/thinning_accepted: 47.26278305053711
val/T-mAP: 0.4900996685028076
val/T-mAP-micro: 0.6065999269485474
val/horizon-mean-time-step: 18.130496978759766
val/loss: 4.551708698272705
val/loss_nhp: 4.551708698272705
val/mean-predicted-length: 17.250186920166016
val/mean-target-length: 20.682857513427734
val/next-item-accuracy: 0.6029823422431946
val/next-item-mae: 18.687162399291992
val/next-item-map: 0.4856956899166107
val/next-item-map-micro: 0.6173428297042847
val/next-item-mean-time-step: 31.17546844482422
val/next-item-rmse: 32.234989166259766
val/next-k-label-distribution-delta: 8.02175521850586
val/optimal-transport-distance: 167.30059814453125
val/sequence-labels-entropy: 0.08801249414682388
val/thinning_accepted: 46.960208892822266
