date: '2024-09-25 22:00:02'
test/T-mAP: 0.45731404423713684
test/T-mAP-micro: 0.6008657217025757
test/horizon-mean-time-step: 17.401121139526367
test/loss: 4.51791524887085
test/loss_nhp: 4.51791524887085
test/mean-predicted-length: 17.890607833862305
test/mean-target-length: 21.358747482299805
test/next-item-accuracy: 0.552303671836853
test/next-item-mae: 18.4475154876709
test/next-item-map: 0.46607908606529236
test/next-item-map-micro: 0.6116304993629456
test/next-item-mean-time-step: 30.45453453063965
test/next-item-rmse: 32.06340408325195
test/next-k-label-distribution-delta: 4.733333587646484
test/optimal-transport-distance: 152.4233856201172
test/sequence-labels-entropy: 0.3568269908428192
test/thinning_accepted: 47.13762283325195
val/T-mAP: 0.4953821897506714
val/T-mAP-micro: 0.6103820204734802
val/horizon-mean-time-step: 18.066476821899414
val/loss: 4.549671173095703
val/loss_nhp: 4.549671173095703
val/mean-predicted-length: 17.1569766998291
val/mean-target-length: 20.682857513427734
val/next-item-accuracy: 0.5571614503860474
val/next-item-mae: 18.692188262939453
val/next-item-map: 0.4855649769306183
val/next-item-map-micro: 0.617091715335846
val/next-item-mean-time-step: 31.180936813354492
val/next-item-rmse: 32.2331428527832
val/next-k-label-distribution-delta: 4.740810394287109
val/optimal-transport-distance: 154.0840606689453
val/sequence-labels-entropy: 0.3534362018108368
val/thinning_accepted: 46.73828125
