date: '2024-09-25 20:30:06'
test/T-mAP: 0.49441325664520264
test/T-mAP-micro: 0.670452892780304
test/horizon-mean-time-step: 16.35230255126953
test/loss: 4.51791524887085
test/loss_nhp: 4.51791524887085
test/mean-predicted-length: 17.728544235229492
test/mean-target-length: 21.358747482299805
test/next-item-accuracy: 0.36198922991752625
test/next-item-mae: 18.4475154876709
test/next-item-map: 0.4587029218673706
test/next-item-map-micro: 0.601204514503479
test/next-item-mean-time-step: 30.45453453063965
test/next-item-rmse: 32.06340408325195
test/next-k-label-distribution-delta: 7.353591442108154
test/optimal-transport-distance: 186.3800506591797
test/sequence-labels-entropy: 0.7208680510520935
test/thinning_accepted: 47.13762283325195
val/T-mAP: 0.5094775557518005
val/T-mAP-micro: 0.66945880651474
val/horizon-mean-time-step: 16.98491096496582
val/loss: 4.549671173095703
val/loss_nhp: 4.549671173095703
val/mean-predicted-length: 17.030195236206055
val/mean-target-length: 20.682857513427734
val/next-item-accuracy: 0.3636278510093689
val/next-item-mae: 18.692188262939453
val/next-item-map: 0.4784267246723175
val/next-item-map-micro: 0.606478214263916
val/next-item-mean-time-step: 31.180936813354492
val/next-item-rmse: 32.2331428527832
val/next-k-label-distribution-delta: 7.256188869476318
val/optimal-transport-distance: 187.5852813720703
val/sequence-labels-entropy: 0.7172266244888306
val/thinning_accepted: 46.73828125
