date: '2024-09-25 21:38:15'
test/T-mAP: 0.47105681896209717
test/T-mAP-micro: 0.6213198900222778
test/horizon-mean-time-step: 17.321857452392578
test/loss: 4.51791524887085
test/loss_nhp: 4.51791524887085
test/mean-predicted-length: 17.793922424316406
test/mean-target-length: 21.358747482299805
test/next-item-accuracy: 0.5085660815238953
test/next-item-mae: 18.4475154876709
test/next-item-map: 0.4660704433917999
test/next-item-map-micro: 0.611835241317749
test/next-item-mean-time-step: 30.45453453063965
test/next-item-rmse: 32.06340408325195
test/next-k-label-distribution-delta: 4.373848915100098
test/optimal-transport-distance: 154.46878051757812
test/sequence-labels-entropy: 0.5072534084320068
test/thinning_accepted: 47.13762283325195
val/T-mAP: 0.5011916756629944
val/T-mAP-micro: 0.6272395253181458
val/horizon-mean-time-step: 17.983938217163086
val/loss: 4.549671173095703
val/loss_nhp: 4.549671173095703
val/mean-predicted-length: 17.074268341064453
val/mean-target-length: 20.682857513427734
val/next-item-accuracy: 0.512033224105835
val/next-item-mae: 18.692188262939453
val/next-item-map: 0.4857434332370758
val/next-item-map-micro: 0.6173113584518433
val/next-item-mean-time-step: 31.180936813354492
val/next-item-rmse: 32.2331428527832
val/next-k-label-distribution-delta: 4.329707622528076
val/optimal-transport-distance: 156.1417694091797
val/sequence-labels-entropy: 0.5020681023597717
val/thinning_accepted: 46.73828125
