date: '2024-09-30 11:31:07'
test/T-mAP: 0.4787720739841461
test/T-mAP-micro: 0.6270073652267456
test/horizon-mean-time-step: 20.812089920043945
test/loss: 4.567216396331787
test/loss_labels: 0.7725257873535156
test/loss_timestamps: 3.7946901321411133
test/mean-predicted-length: 14.614916801452637
test/mean-target-length: 21.358747482299805
test/next-item-accuracy: 0.5074121356010437
test/next-item-mae: 18.768394470214844
test/next-item-map: 0.466884046792984
test/next-item-map-micro: 0.6137738227844238
test/next-item-mean-time-step: 30.360506057739258
test/next-item-rmse: 32.089271545410156
test/next-k-label-distribution-delta: 4.422099590301514
test/optimal-transport-distance: 168.63450622558594
test/sequence-labels-entropy: 0.4890069365501404
test/timestamps-bias-mean: -2.764326333999634
test/timestamps-current_influence: -0.0022612400352954865
val/T-mAP: 0.5023735761642456
val/T-mAP-micro: 0.6274044513702393
val/horizon-mean-time-step: 21.358097076416016
val/loss: 4.599800109863281
val/loss_labels: 0.7696518898010254
val/loss_timestamps: 3.8301475048065186
val/mean-predicted-length: 14.171792984008789
val/mean-target-length: 20.682857513427734
val/next-item-accuracy: 0.5108069777488708
val/next-item-mae: 19.025226593017578
val/next-item-map: 0.48593059182167053
val/next-item-map-micro: 0.6179944276809692
val/next-item-mean-time-step: 31.087617874145508
val/next-item-rmse: 32.2831916809082
val/next-k-label-distribution-delta: 4.411102771759033
val/optimal-transport-distance: 170.0117645263672
val/sequence-labels-entropy: 0.4861830174922943
val/timestamps-bias-mean: -2.792708158493042
val/timestamps-current_influence: -0.002261239569634199
