date: '2024-09-30 11:31:49'
test/T-mAP: 0.46105074882507324
test/T-mAP-micro: 0.595770001411438
test/horizon-mean-time-step: 21.362890243530273
test/loss: 4.567216396331787
test/loss_labels: 0.7725257873535156
test/loss_timestamps: 3.7946901321411133
test/mean-predicted-length: 14.626151084899902
test/mean-target-length: 21.358747482299805
test/next-item-accuracy: 0.5934542417526245
test/next-item-mae: 18.768394470214844
test/next-item-map: 0.4652996361255646
test/next-item-map-micro: 0.6118201017379761
test/next-item-mean-time-step: 30.360506057739258
test/next-item-rmse: 32.089271545410156
test/next-k-label-distribution-delta: 7.6405158042907715
test/optimal-transport-distance: 172.5773468017578
test/sequence-labels-entropy: 0.13481298089027405
test/timestamps-bias-mean: -2.764326333999634
test/timestamps-current_influence: -0.0022612400352954865
val/T-mAP: 0.48591718077659607
val/T-mAP-micro: 0.5977802872657776
val/horizon-mean-time-step: 21.900157928466797
val/loss: 4.599800109863281
val/loss_labels: 0.7696518898010254
val/loss_timestamps: 3.8301475048065186
val/mean-predicted-length: 14.172167778015137
val/mean-target-length: 20.682857513427734
val/next-item-accuracy: 0.5978713631629944
val/next-item-mae: 19.025226593017578
val/next-item-map: 0.48217785358428955
val/next-item-map-micro: 0.6158266067504883
val/next-item-mean-time-step: 31.087617874145508
val/next-item-rmse: 32.2831916809082
val/next-k-label-distribution-delta: 7.606151580810547
val/optimal-transport-distance: 172.99349975585938
val/sequence-labels-entropy: 0.12815774977207184
val/timestamps-bias-mean: -2.792708158493042
val/timestamps-current_influence: -0.002261239569634199
