date: '2024-09-30 11:31:28'
test/T-mAP: 0.47031721472740173
test/T-mAP-micro: 0.6108709573745728
test/horizon-mean-time-step: 21.080738067626953
test/loss: 4.567216396331787
test/loss_labels: 0.7725257873535156
test/loss_timestamps: 3.7946901321411133
test/mean-predicted-length: 14.593001365661621
test/mean-target-length: 21.358747482299805
test/next-item-accuracy: 0.5487674474716187
test/next-item-mae: 18.768394470214844
test/next-item-map: 0.4661478102207184
test/next-item-map-micro: 0.612833559513092
test/next-item-mean-time-step: 30.360506057739258
test/next-item-rmse: 32.089271545410156
test/next-k-label-distribution-delta: 4.798895359039307
test/optimal-transport-distance: 166.02523803710938
test/sequence-labels-entropy: 0.3697662353515625
test/timestamps-bias-mean: -2.764326333999634
test/timestamps-current_influence: -0.0022612400352954865
val/T-mAP: 0.499257355928421
val/T-mAP-micro: 0.6134902238845825
val/horizon-mean-time-step: 21.618030548095703
val/loss: 4.599800109863281
val/loss_labels: 0.7696518898010254
val/loss_timestamps: 3.8301475048065186
val/mean-predicted-length: 14.152288436889648
val/mean-target-length: 20.682857513427734
val/next-item-accuracy: 0.5527993440628052
val/next-item-mae: 19.025226593017578
val/next-item-map: 0.48518097400665283
val/next-item-map-micro: 0.617150068283081
val/next-item-mean-time-step: 31.087617874145508
val/next-item-rmse: 32.2831916809082
val/next-k-label-distribution-delta: 4.791072845458984
val/optimal-transport-distance: 167.0520782470703
val/sequence-labels-entropy: 0.36565786600112915
val/timestamps-bias-mean: -2.792708158493042
val/timestamps-current_influence: -0.002261239569634199
