date: '2024-09-25 21:25:42'
test/T-mAP: 0.41739073395729065
test/T-mAP-micro: 0.5497210025787354
test/horizon-mean-time-step: 18.68400001525879
test/loss: 4.567216396331787
test/loss_labels: 0.7725257873535156
test/loss_timestamps: 3.7946901321411133
test/mean-predicted-length: 16.7349910736084
test/mean-target-length: 21.358747482299805
test/next-item-accuracy: 0.5074121356010437
test/next-item-mae: 21.943248748779297
test/next-item-map: 0.466884046792984
test/next-item-map-micro: 0.6137738227844238
test/next-item-mean-time-step: 33.61113739013672
test/next-item-rmse: 35.63420104980469
test/next-k-label-distribution-delta: 4.431675910949707
test/optimal-transport-distance: 172.5244598388672
test/sequence-labels-entropy: 0.4900597631931305
test/timestamps-bias-mean: -2.764326333999634
test/timestamps-current_influence: -0.0022612400352954865
val/T-mAP: 0.44317102432250977
val/T-mAP-micro: 0.5501114130020142
val/horizon-mean-time-step: 19.27133560180664
val/loss: 4.599800109863281
val/loss_labels: 0.7696518898010254
val/loss_timestamps: 3.8301475048065186
val/mean-predicted-length: 16.166353225708008
val/mean-target-length: 20.682857513427734
val/next-item-accuracy: 0.5108069777488708
val/next-item-mae: 22.239639282226562
val/next-item-map: 0.48593059182167053
val/next-item-map-micro: 0.6179944276809692
val/next-item-mean-time-step: 34.387672424316406
val/next-item-rmse: 35.882259368896484
val/next-k-label-distribution-delta: 4.418979644775391
val/optimal-transport-distance: 175.07669067382812
val/sequence-labels-entropy: 0.485158234834671
val/timestamps-bias-mean: -2.792708158493042
val/timestamps-current_influence: -0.002261239569634199
