date: '2024-09-30 11:30:24'
test/T-mAP: 0.48925068974494934
test/T-mAP-micro: 0.6685715317726135
test/horizon-mean-time-step: 19.29934310913086
test/loss: 4.567216396331787
test/loss_labels: 0.7725257873535156
test/loss_timestamps: 3.7946901321411133
test/mean-predicted-length: 15.297974586486816
test/mean-target-length: 21.358747482299805
test/next-item-accuracy: 0.36229631304740906
test/next-item-mae: 18.768394470214844
test/next-item-map: 0.45794346928596497
test/next-item-map-micro: 0.6004544496536255
test/next-item-mean-time-step: 30.360506057739258
test/next-item-rmse: 32.089271545410156
test/next-k-label-distribution-delta: 7.260773658752441
test/optimal-transport-distance: 196.73826599121094
test/sequence-labels-entropy: 0.7136125564575195
test/timestamps-bias-mean: -2.764326333999634
test/timestamps-current_influence: -0.0022612400352954865
val/T-mAP: 0.49872878193855286
val/T-mAP-micro: 0.66109299659729
val/horizon-mean-time-step: 19.84817886352539
val/loss: 4.599800109863281
val/loss_labels: 0.7696518898010254
val/loss_timestamps: 3.8301475048065186
val/mean-predicted-length: 14.778507232666016
val/mean-target-length: 20.682857513427734
val/next-item-accuracy: 0.3636091351509094
val/next-item-mae: 19.025226593017578
val/next-item-map: 0.4769134521484375
val/next-item-map-micro: 0.6043837666511536
val/next-item-mean-time-step: 31.087617874145508
val/next-item-rmse: 32.2831916809082
val/next-k-label-distribution-delta: 7.136534214019775
val/optimal-transport-distance: 197.3430938720703
val/sequence-labels-entropy: 0.711065948009491
val/timestamps-bias-mean: -2.792708158493042
val/timestamps-current_influence: -0.002261239569634199
