date: '2024-09-25 20:17:23'
test/T-mAP: 0.4318729639053345
test/T-mAP-micro: 0.5984086990356445
test/horizon-mean-time-step: 16.420974731445312
test/loss: 4.567216396331787
test/loss_labels: 0.7725257873535156
test/loss_timestamps: 3.7946901321411133
test/mean-predicted-length: 17.695579528808594
test/mean-target-length: 21.358747482299805
test/next-item-accuracy: 0.36229631304740906
test/next-item-mae: 21.943248748779297
test/next-item-map: 0.45794346928596497
test/next-item-map-micro: 0.6004544496536255
test/next-item-mean-time-step: 33.61113739013672
test/next-item-rmse: 35.63420104980469
test/next-k-label-distribution-delta: 7.264456748962402
test/optimal-transport-distance: 198.05943298339844
test/sequence-labels-entropy: 0.7168882489204407
test/timestamps-bias-mean: -2.764326333999634
test/timestamps-current_influence: -0.0022612400352954865
val/T-mAP: 0.4433474838733673
val/T-mAP-micro: 0.590907871723175
val/horizon-mean-time-step: 16.89661979675293
val/loss: 4.599800109863281
val/loss_labels: 0.7696518898010254
val/loss_timestamps: 3.8301475048065186
val/mean-predicted-length: 17.076143264770508
val/mean-target-length: 20.682857513427734
val/next-item-accuracy: 0.3636091351509094
val/next-item-mae: 22.239639282226562
val/next-item-map: 0.4769134521484375
val/next-item-map-micro: 0.6043837666511536
val/next-item-mean-time-step: 34.387672424316406
val/next-item-rmse: 35.882259368896484
val/next-k-label-distribution-delta: 7.142160415649414
val/optimal-transport-distance: 199.29493713378906
val/sequence-labels-entropy: 0.7116353511810303
val/timestamps-bias-mean: -2.792708158493042
val/timestamps-current_influence: -0.002261239569634199
