date: '2024-09-25 22:11:38'
test/T-mAP: 0.39529943466186523
test/T-mAP-micro: 0.5124939680099487
test/horizon-mean-time-step: 18.803987503051758
test/loss: 4.567216396331787
test/loss_labels: 0.7725257873535156
test/loss_timestamps: 3.7946901321411133
test/mean-predicted-length: 16.878084182739258
test/mean-target-length: 21.358747482299805
test/next-item-accuracy: 0.5934542417526245
test/next-item-mae: 21.943248748779297
test/next-item-map: 0.4652996361255646
test/next-item-map-micro: 0.6118201017379761
test/next-item-mean-time-step: 33.61113739013672
test/next-item-rmse: 35.63420104980469
test/next-k-label-distribution-delta: 7.642357349395752
test/optimal-transport-distance: 183.20733642578125
test/sequence-labels-entropy: 0.12920911610126495
test/timestamps-bias-mean: -2.764326333999634
test/timestamps-current_influence: -0.0022612400352954865
val/T-mAP: 0.42244699597358704
val/T-mAP-micro: 0.512377917766571
val/horizon-mean-time-step: 19.42599105834961
val/loss: 4.599800109863281
val/loss_labels: 0.7696518898010254
val/loss_timestamps: 3.8301475048065186
val/mean-predicted-length: 16.310014724731445
val/mean-target-length: 20.682857513427734
val/next-item-accuracy: 0.5978713631629944
val/next-item-mae: 22.239639282226562
val/next-item-map: 0.48217785358428955
val/next-item-map-micro: 0.6158266067504883
val/next-item-mean-time-step: 34.387672424316406
val/next-item-rmse: 35.882259368896484
val/next-k-label-distribution-delta: 7.61777925491333
val/optimal-transport-distance: 184.56179809570312
val/sequence-labels-entropy: 0.12477484345436096
val/timestamps-bias-mean: -2.792708158493042
val/timestamps-current_influence: -0.002261239569634199
