date: '2024-09-25 20:50:53'
test/T-mAP: 0.4208563566207886
test/T-mAP-micro: 0.5670670866966248
test/horizon-mean-time-step: 17.78888511657715
test/loss: 4.567216396331787
test/loss_labels: 0.7725257873535156
test/loss_timestamps: 3.7946901321411133
test/mean-predicted-length: 17.003314971923828
test/mean-target-length: 21.358747482299805
test/next-item-accuracy: 0.4542476534843445
test/next-item-mae: 21.943248748779297
test/next-item-map: 0.4660961627960205
test/next-item-map-micro: 0.6125828623771667
test/next-item-mean-time-step: 33.61113739013672
test/next-item-rmse: 35.63420104980469
test/next-k-label-distribution-delta: 5.112707138061523
test/optimal-transport-distance: 179.7991180419922
test/sequence-labels-entropy: 0.6217480301856995
test/timestamps-bias-mean: -2.764326333999634
test/timestamps-current_influence: -0.0022612400352954865
val/T-mAP: 0.4410969018936157
val/T-mAP-micro: 0.5647520422935486
val/horizon-mean-time-step: 18.344385147094727
val/loss: 4.599800109863281
val/loss_labels: 0.7696518898010254
val/loss_timestamps: 3.8301475048065186
val/mean-predicted-length: 16.42498207092285
val/mean-target-length: 20.682857513427734
val/next-item-accuracy: 0.4558780789375305
val/next-item-mae: 22.239639282226562
val/next-item-map: 0.4850662648677826
val/next-item-map-micro: 0.6165841221809387
val/next-item-mean-time-step: 34.387672424316406
val/next-item-rmse: 35.882259368896484
val/next-k-label-distribution-delta: 5.057389259338379
val/optimal-transport-distance: 182.20574951171875
val/sequence-labels-entropy: 0.6147444844245911
val/timestamps-bias-mean: -2.792708158493042
val/timestamps-current_influence: -0.002261239569634199
