date: '2024-09-26 10:24:10'
test/T-mAP: 0.4568580090999603
test/T-mAP-micro: 0.5941416621208191
test/horizon-mean-time-step: 21.472900390625
test/loss: 4.567678451538086
test/loss_labels: 0.7725257873535156
test/loss_timestamps: 3.795152187347412
test/mean-predicted-length: 14.577716827392578
test/mean-target-length: 21.358747482299805
test/next-item-accuracy: 0.5987306833267212
test/next-item-mae: 18.766084671020508
test/next-item-map: 0.466884046792984
test/next-item-map-micro: 0.6137738227844238
test/next-item-mean-time-step: 30.355165481567383
test/next-item-rmse: 32.07770538330078
test/next-k-label-distribution-delta: 8.028729438781738
test/optimal-transport-distance: 173.2968292236328
test/sequence-labels-entropy: 0.10797768086194992
test/timestamps-bias-mean: -2.764326333999634
test/timestamps-current_influence: -0.0022612400352954865
val/T-mAP: 0.48566797375679016
val/T-mAP-micro: 0.5977615714073181
val/horizon-mean-time-step: 22.008075714111328
val/loss: 4.599850177764893
val/loss_labels: 0.7696518898010254
val/loss_timestamps: 3.830198287963867
val/mean-predicted-length: 14.12471866607666
val/mean-target-length: 20.682857513427734
val/next-item-accuracy: 0.6021773219108582
val/next-item-mae: 19.03010368347168
val/next-item-map: 0.48593059182167053
val/next-item-map-micro: 0.6179944276809692
val/next-item-mean-time-step: 31.08472442626953
val/next-item-rmse: 32.285667419433594
val/next-k-label-distribution-delta: 8.05626392364502
val/optimal-transport-distance: 174.37010192871094
val/sequence-labels-entropy: 0.10481484234333038
val/timestamps-bias-mean: -2.792708158493042
val/timestamps-current_influence: -0.002261239569634199
