date: '2024-09-30 11:30:45'
test/T-mAP: 0.48191210627555847
test/T-mAP-micro: 0.640766441822052
test/horizon-mean-time-step: 20.132612228393555
test/loss: 4.567216396331787
test/loss_labels: 0.7725257873535156
test/loss_timestamps: 3.7946901321411133
test/mean-predicted-length: 14.81270694732666
test/mean-target-length: 21.358747482299805
test/next-item-accuracy: 0.4542476534843445
test/next-item-mae: 18.768394470214844
test/next-item-map: 0.4660961627960205
test/next-item-map-micro: 0.6125828623771667
test/next-item-mean-time-step: 30.360506057739258
test/next-item-rmse: 32.089271545410156
test/next-k-label-distribution-delta: 5.110865592956543
test/optimal-transport-distance: 177.24620056152344
test/sequence-labels-entropy: 0.6173717379570007
test/timestamps-bias-mean: -2.764326333999634
test/timestamps-current_influence: -0.0022612400352954865
val/T-mAP: 0.4972570836544037
val/T-mAP-micro: 0.6387885212898254
val/horizon-mean-time-step: 20.69672203063965
val/loss: 4.599800109863281
val/loss_labels: 0.7696518898010254
val/loss_timestamps: 3.8301475048065186
val/mean-predicted-length: 14.329707145690918
val/mean-target-length: 20.682857513427734
val/next-item-accuracy: 0.4558780789375305
val/next-item-mae: 19.025226593017578
val/next-item-map: 0.4850662648677826
val/next-item-map-micro: 0.6165841221809387
val/next-item-mean-time-step: 31.087617874145508
val/next-item-rmse: 32.2831916809082
val/next-k-label-distribution-delta: 5.048387050628662
val/optimal-transport-distance: 178.49977111816406
val/sequence-labels-entropy: 0.6136723756790161
val/timestamps-bias-mean: -2.792708158493042
val/timestamps-current_influence: -0.002261239569634199
