date: '2024-09-25 21:54:05'
test/T-mAP: 0.4058758318424225
test/T-mAP-micro: 0.5281490087509155
test/horizon-mean-time-step: 18.897266387939453
test/loss: 4.567216396331787
test/loss_labels: 0.7725257873535156
test/loss_timestamps: 3.7946901321411133
test/mean-predicted-length: 16.726518630981445
test/mean-target-length: 21.358747482299805
test/next-item-accuracy: 0.5487674474716187
test/next-item-mae: 21.943248748779297
test/next-item-map: 0.4661478102207184
test/next-item-map-micro: 0.612833559513092
test/next-item-mean-time-step: 33.61113739013672
test/next-item-rmse: 35.63420104980469
test/next-k-label-distribution-delta: 4.798158645629883
test/optimal-transport-distance: 171.7847442626953
test/sequence-labels-entropy: 0.36644476652145386
test/timestamps-bias-mean: -2.764326333999634
test/timestamps-current_influence: -0.0022612400352954865
val/T-mAP: 0.4366516172885895
val/T-mAP-micro: 0.5308732390403748
val/horizon-mean-time-step: 19.505815505981445
val/loss: 4.599800109863281
val/loss_labels: 0.7696518898010254
val/loss_timestamps: 3.8301475048065186
val/mean-predicted-length: 16.177419662475586
val/mean-target-length: 20.682857513427734
val/next-item-accuracy: 0.5527993440628052
val/next-item-mae: 22.239639282226562
val/next-item-map: 0.48518097400665283
val/next-item-map-micro: 0.617150068283081
val/next-item-mean-time-step: 34.387672424316406
val/next-item-rmse: 35.882259368896484
val/next-k-label-distribution-delta: 4.83683443069458
val/optimal-transport-distance: 174.6427459716797
val/sequence-labels-entropy: 0.3582870066165924
val/timestamps-bias-mean: -2.792708158493042
val/timestamps-current_influence: -0.002261239569634199
