date: '2025-04-10 10:04:38'
test/T-mAP: 0.1573544591665268
test/T-mAP-weighted: 0.19686183333396912
test/horizon-max-f-score: 0.264301061630249
test/horizon-max-f-score-weighted: 0.314232736825943
test/horizon-mean-time-step: 0.31902480125427246
test/loss: 11.523279190063477
test/loss__presence: 0.4426274299621582
test/loss_labels: 1.1863764524459839
test/loss_next_item_labels: 1.1383891105651855
test/loss_next_item_timestamps: 2.2169721126556396
test/loss_timestamps: 6.538911819458008
test/match_cost_mean: 1.559195876121521
test/match_cost_std: 12.23845100402832
test/max_cost: 59.923587799072266
test/mean-predicted-length: 23.46885871887207
test/mean-target-length: 13.197113037109375
test/next-item-accuracy: 0.5863829255104065
test/next-item-mae: 3.015766143798828
test/next-item-map: 0.4641006588935852
test/next-item-map-weighted: 0.5915876030921936
test/next-item-max-f-score: 0.4905478358268738
test/next-item-max-f-score-weighted: 0.5987299680709839
test/next-item-mean-time-step: 27.8310489654541
test/next-item-rmse: 8.923300743103027
test/next-k-label-distribution-delta: 18.15182113647461
test/optimal-transport-distance: 63.94944381713867
test/prediction_match_rate: 0.3264915943145752
test/sequence-labels-entropy: 1.133935809135437
test/target-sequence-labels-entropy: 1.185822606086731
test/target_match_rate: 1.0
val/T-mAP: 0.15822072327136993
val/T-mAP-weighted: 0.1966979205608368
val/horizon-max-f-score: 0.26583510637283325
val/horizon-max-f-score-weighted: 0.3150595426559448
val/horizon-mean-time-step: 0.3222883939743042
val/loss: 11.430582046508789
val/loss__presence: 0.44920995831489563
val/loss_labels: 1.1815550327301025
val/loss_next_item_labels: 1.1340667009353638
val/loss_next_item_timestamps: 2.1789984703063965
val/loss_timestamps: 6.486750602722168
val/match_cost_mean: 1.5814220905303955
val/match_cost_std: 12.212255477905273
val/max_cost: 59.94675064086914
val/mean-predicted-length: 23.860971450805664
val/mean-target-length: 13.29317855834961
val/next-item-accuracy: 0.5882748365402222
val/next-item-mae: 2.961233615875244
val/next-item-map: 0.4637179672718048
val/next-item-map-weighted: 0.59250408411026
val/next-item-max-f-score: 0.4910089671611786
val/next-item-max-f-score-weighted: 0.6006376147270203
val/next-item-mean-time-step: 27.10883140563965
val/next-item-rmse: 8.83220386505127
val/next-k-label-distribution-delta: 18.14885139465332
val/optimal-transport-distance: 63.791969299316406
val/prediction_match_rate: 0.3306742012500763
val/sequence-labels-entropy: 1.1351994276046753
val/target-sequence-labels-entropy: 1.1891990900039673
val/target_match_rate: 1.0
