date: '2025-04-10 09:57:18'
test/T-mAP: 0.3054652810096741
test/T-mAP-weighted: 0.4088747799396515
test/horizon-max-f-score: 0.3893410861492157
test/horizon-max-f-score-weighted: 0.4904157817363739
test/horizon-mean-time-step: 0.7178656458854675
test/loss: 7.527158737182617
test/loss__presence: 0.2822172939777374
test/loss_labels: 1.2006375789642334
test/loss_next_item_labels: 1.1383891105651855
test/loss_next_item_timestamps: 2.2169721126556396
test/loss_timestamps: 2.6889424324035645
test/match_cost_mean: -3.113738536834717
test/match_cost_std: 10.327579498291016
test/max_cost: 57.841129302978516
test/mean-predicted-length: 8.47376537322998
test/mean-target-length: 8.919472694396973
test/next-item-accuracy: 0.5863829255104065
test/next-item-mae: 3.015766143798828
test/next-item-map: 0.4641006588935852
test/next-item-map-weighted: 0.5915876030921936
test/next-item-max-f-score: 0.4905478358268738
test/next-item-max-f-score-weighted: 0.5987299680709839
test/next-item-mean-time-step: 27.8310489654541
test/next-item-rmse: 8.923300743103027
test/next-k-label-distribution-delta: 5.442967891693115
test/optimal-transport-distance: 12.844398498535156
test/prediction_match_rate: 0.24627245962619781
test/sequence-labels-entropy: 1.3804267644882202
test/target-sequence-labels-entropy: 1.4281508922576904
test/target_match_rate: 1.0
val/T-mAP: 0.3095829486846924
val/T-mAP-weighted: 0.4113505482673645
val/horizon-max-f-score: 0.39309895038604736
val/horizon-max-f-score-weighted: 0.4922023415565491
val/horizon-mean-time-step: 0.7181814908981323
val/loss: 7.485044956207275
val/loss__presence: 0.2871280908584595
val/loss_labels: 1.1968234777450562
val/loss_next_item_labels: 1.1340667009353638
val/loss_next_item_timestamps: 2.1789984703063965
val/loss_timestamps: 2.688023328781128
val/match_cost_mean: -3.018367052078247
val/match_cost_std: 10.355728149414062
val/max_cost: 57.75653839111328
val/mean-predicted-length: 8.571802139282227
val/mean-target-length: 9.000659942626953
val/next-item-accuracy: 0.5882748365402222
val/next-item-mae: 2.961233615875244
val/next-item-map: 0.4637179672718048
val/next-item-map-weighted: 0.59250408411026
val/next-item-max-f-score: 0.4910089671611786
val/next-item-max-f-score-weighted: 0.6006376147270203
val/next-item-mean-time-step: 27.10883140563965
val/next-item-rmse: 8.83220386505127
val/next-k-label-distribution-delta: 5.436590194702148
val/optimal-transport-distance: 12.804747581481934
val/prediction_match_rate: 0.25012266635894775
val/sequence-labels-entropy: 1.3887720108032227
val/target-sequence-labels-entropy: 1.4385243654251099
val/target_match_rate: 1.0
