date: '2025-04-10 09:59:08'
test/T-mAP: 0.22534123063087463
test/T-mAP-weighted: 0.2884366810321808
test/horizon-max-f-score: 0.32551059126853943
test/horizon-max-f-score-weighted: 0.394369900226593
test/horizon-mean-time-step: 0.4563358426094055
test/loss: 9.7222318649292
test/loss__presence: 0.35643133521080017
test/loss_labels: 1.191808819770813
test/loss_next_item_labels: 1.1383891105651855
test/loss_next_item_timestamps: 2.2169721126556396
test/loss_timestamps: 4.818628311157227
test/match_cost_mean: -0.577918529510498
test/match_cost_std: 11.526416778564453
test/max_cost: 59.028411865234375
test/mean-predicted-length: 14.609118461608887
test/mean-target-length: 10.205605506896973
test/next-item-accuracy: 0.5863829255104065
test/next-item-mae: 3.015766143798828
test/next-item-map: 0.4641006588935852
test/next-item-map-weighted: 0.5915876030921936
test/next-item-max-f-score: 0.4905478358268738
test/next-item-max-f-score-weighted: 0.5987299680709839
test/next-item-mean-time-step: 27.8310489654541
test/next-item-rmse: 8.923300743103027
test/next-k-label-distribution-delta: 10.125325202941895
test/optimal-transport-distance: 27.25649642944336
test/prediction_match_rate: 0.2863442897796631
test/sequence-labels-entropy: 1.403778076171875
test/target-sequence-labels-entropy: 1.4568028450012207
test/target_match_rate: 1.0
val/T-mAP: 0.22612452507019043
val/T-mAP-weighted: 0.28781652450561523
val/horizon-max-f-score: 0.32766959071159363
val/horizon-max-f-score-weighted: 0.3952084183692932
val/horizon-mean-time-step: 0.45910564064979553
val/loss: 9.687600135803223
val/loss__presence: 0.36325904726982117
val/loss_labels: 1.188297986984253
val/loss_next_item_labels: 1.1340667009353638
val/loss_next_item_timestamps: 2.1789984703063965
val/loss_timestamps: 4.822972774505615
val/match_cost_mean: -0.4840143322944641
val/match_cost_std: 11.529226303100586
val/max_cost: 59.12104415893555
val/mean-predicted-length: 14.817764282226562
val/mean-target-length: 10.301626205444336
val/next-item-accuracy: 0.5882748365402222
val/next-item-mae: 2.961233615875244
val/next-item-map: 0.4637179672718048
val/next-item-map-weighted: 0.59250408411026
val/next-item-max-f-score: 0.4910089671611786
val/next-item-max-f-score-weighted: 0.6006376147270203
val/next-item-mean-time-step: 27.10883140563965
val/next-item-rmse: 8.83220386505127
val/next-k-label-distribution-delta: 10.081280708312988
val/optimal-transport-distance: 27.146398544311523
val/prediction_match_rate: 0.2909635603427887
val/sequence-labels-entropy: 1.4113564491271973
val/target-sequence-labels-entropy: 1.4686938524246216
val/target_match_rate: 1.0
