date: '2025-04-10 10:01:36'
test/T-mAP: 0.18991374969482422
test/T-mAP-weighted: 0.23537680506706238
test/horizon-max-f-score: 0.29552289843559265
test/horizon-max-f-score-weighted: 0.35027799010276794
test/horizon-mean-time-step: 0.36637723445892334
test/loss: 10.821837425231934
test/loss__presence: 0.40646907687187195
test/loss_labels: 1.187849998474121
test/loss_next_item_labels: 1.1383891105651855
test/loss_next_item_timestamps: 2.2169721126556396
test/loss_timestamps: 5.872158050537109
test/match_cost_mean: 0.727088212966919
test/match_cost_std: 11.997344970703125
test/max_cost: 59.63454055786133
test/mean-predicted-length: 19.121379852294922
test/mean-target-length: 10.909417152404785
test/next-item-accuracy: 0.5863829255104065
test/next-item-mae: 3.015766143798828
test/next-item-map: 0.4641006588935852
test/next-item-map-weighted: 0.5915876030921936
test/next-item-max-f-score: 0.4905478358268738
test/next-item-max-f-score-weighted: 0.5987299680709839
test/next-item-mean-time-step: 27.8310489654541
test/next-item-rmse: 8.923300743103027
test/next-k-label-distribution-delta: 14.161054611206055
test/optimal-transport-distance: 44.906158447265625
test/prediction_match_rate: 0.3098856210708618
test/sequence-labels-entropy: 1.420534372329712
test/target-sequence-labels-entropy: 1.4701802730560303
test/target_match_rate: 1.0
val/T-mAP: 0.19132834672927856
val/T-mAP-weighted: 0.23532532155513763
val/horizon-max-f-score: 0.29693838953971863
val/horizon-max-f-score-weighted: 0.35054779052734375
val/horizon-mean-time-step: 0.3695015609264374
val/loss: 10.739678382873535
val/loss__presence: 0.4129352569580078
val/loss_labels: 1.1834698915481567
val/loss_next_item_labels: 1.1340667009353638
val/loss_next_item_timestamps: 2.1789984703063965
val/loss_timestamps: 5.830207347869873
val/match_cost_mean: 0.7644652128219604
val/match_cost_std: 11.97315788269043
val/max_cost: 59.576148986816406
val/mean-predicted-length: 19.442506790161133
val/mean-target-length: 10.976666450500488
val/next-item-accuracy: 0.5882748365402222
val/next-item-mae: 2.961233615875244
val/next-item-map: 0.4637179672718048
val/next-item-map-weighted: 0.59250408411026
val/next-item-max-f-score: 0.4910089671611786
val/next-item-max-f-score-weighted: 0.6006376147270203
val/next-item-mean-time-step: 27.10883140563965
val/next-item-rmse: 8.83220386505127
val/next-k-label-distribution-delta: 14.118261337280273
val/optimal-transport-distance: 44.78481674194336
val/prediction_match_rate: 0.3141053020954132
val/sequence-labels-entropy: 1.4273704290390015
val/target-sequence-labels-entropy: 1.4811986684799194
val/target_match_rate: 1.0
