date: '2025-04-10 09:58:00'
test/T-mAP: 0.23033976554870605
test/T-mAP-weighted: 0.28346380591392517
test/horizon-max-f-score: 0.3804386556148529
test/horizon-max-f-score-weighted: 0.43991249799728394
test/horizon-mean-time-step: 0.22797681391239166
test/loss: 8.173013687133789
test/loss_decoder_labels: 2.6236045360565186
test/loss_decoder_timestamps: 2.8367910385131836
test/loss_diffusion: 2.712615489959717
test/loss_embedder_regularizer: 8.665378459227213e-07
test/mean-predicted-length: 15.383949279785156
test/mean-target-length: 8.919472694396973
test/next-item-accuracy: 0.5348503589630127
test/next-item-mae: 2.9923739433288574
test/next-item-map: 0.38530969619750977
test/next-item-map-weighted: 0.5293828845024109
test/next-item-max-f-score: 0.42991119623184204
test/next-item-max-f-score-weighted: 0.5576832294464111
test/next-item-mean-time-step: 27.672256469726562
test/next-item-rmse: 8.757883071899414
test/next-k-label-distribution-delta: 4.59248685836792
test/optimal-transport-distance: 13.170149803161621
test/sequence-labels-entropy: 1.1438977718353271
test/target-sequence-labels-entropy: 1.4281508922576904
val/T-mAP: 0.23123398423194885
val/T-mAP-weighted: 0.28312844038009644
val/horizon-max-f-score: 0.3838203549385071
val/horizon-max-f-score-weighted: 0.4420897364616394
val/horizon-mean-time-step: 0.23248687386512756
val/loss: 8.12557315826416
val/loss_decoder_labels: 2.613525152206421
val/loss_decoder_timestamps: 2.799180030822754
val/loss_diffusion: 2.7128729820251465
val/loss_embedder_regularizer: 8.667824431540794e-07
val/mean-predicted-length: 15.421456336975098
val/mean-target-length: 9.000659942626953
val/next-item-accuracy: 0.5360551476478577
val/next-item-mae: 2.9375014305114746
val/next-item-map: 0.3867899477481842
val/next-item-map-weighted: 0.5305111408233643
val/next-item-max-f-score: 0.4312392771244049
val/next-item-max-f-score-weighted: 0.5584062933921814
val/next-item-mean-time-step: 26.95086097717285
val/next-item-rmse: 8.665993690490723
val/next-k-label-distribution-delta: 4.574195861816406
val/optimal-transport-distance: 13.131353378295898
val/sequence-labels-entropy: 1.1486011743545532
val/target-sequence-labels-entropy: 1.4385243654251099
