date: '2025-04-10 10:00:01'
test/T-mAP: 0.16249637305736542
test/T-mAP-weighted: 0.19051983952522278
test/horizon-max-f-score: 0.2833401560783386
test/horizon-max-f-score-weighted: 0.3249909281730652
test/horizon-mean-time-step: 12.662871360778809
test/loss: 8.172833442687988
test/loss_decoder_labels: 2.6235592365264893
test/loss_decoder_timestamps: 2.836820363998413
test/loss_diffusion: 2.712447166442871
test/loss_embedder_regularizer: 8.665072641633742e-07
test/mean-predicted-length: 22.068498611450195
test/mean-target-length: 10.205605506896973
test/next-item-accuracy: 0.5347797274589539
test/next-item-mae: 2.993669033050537
test/next-item-map: 0.38481828570365906
test/next-item-map-weighted: 0.5291842818260193
test/next-item-max-f-score: 0.42969751358032227
test/next-item-max-f-score-weighted: 0.5574831962585449
test/next-item-mean-time-step: 27.673030853271484
test/next-item-rmse: 8.759623527526855
test/next-k-label-distribution-delta: 10.131078720092773
test/optimal-transport-distance: 30.82184410095215
test/sequence-labels-entropy: 1.1845228672027588
test/target-sequence-labels-entropy: 1.4568028450012207
val/T-mAP: 0.16238847374916077
val/T-mAP-weighted: 0.18878459930419922
val/horizon-max-f-score: 0.28300780057907104
val/horizon-max-f-score-weighted: 0.3227733075618744
val/horizon-mean-time-step: 12.300806045532227
val/loss: 8.125977516174316
val/loss_decoder_labels: 2.61323618888855
val/loss_decoder_timestamps: 2.7991466522216797
val/loss_diffusion: 2.7135984897613525
val/loss_embedder_regularizer: 8.670054967296892e-07
val/mean-predicted-length: 22.297168731689453
val/mean-target-length: 10.301626205444336
val/next-item-accuracy: 0.5356432795524597
val/next-item-mae: 2.9375884532928467
val/next-item-map: 0.38607338070869446
val/next-item-map-weighted: 0.529748260974884
val/next-item-max-f-score: 0.4314939081668854
val/next-item-max-f-score-weighted: 0.5583786964416504
val/next-item-mean-time-step: 26.950761795043945
val/next-item-rmse: 8.666756629943848
val/next-k-label-distribution-delta: 10.104063987731934
val/optimal-transport-distance: 30.786670684814453
val/sequence-labels-entropy: 1.1941739320755005
val/target-sequence-labels-entropy: 1.4686938524246216
