date: '2025-04-10 10:02:41'
test/T-mAP: 0.12813802063465118
test/T-mAP-weighted: 0.14703576266765594
test/horizon-max-f-score: 0.24467577040195465
test/horizon-max-f-score-weighted: 0.2763617932796478
test/horizon-mean-time-step: -475.9777526855469
test/loss: 8.17299747467041
test/loss_decoder_labels: 2.623796224594116
test/loss_decoder_timestamps: 2.8369858264923096
test/loss_diffusion: 2.7122135162353516
test/loss_embedder_regularizer: 8.664175652484118e-07
test/mean-predicted-length: 33.59147262573242
test/mean-target-length: 10.909417152404785
test/next-item-accuracy: 0.5344001650810242
test/next-item-mae: 2.9932479858398438
test/next-item-map: 0.3847982585430145
test/next-item-map-weighted: 0.5290029048919678
test/next-item-max-f-score: 0.42981332540512085
test/next-item-max-f-score-weighted: 0.5574384331703186
test/next-item-mean-time-step: 27.672033309936523
test/next-item-rmse: 8.758560180664062
test/next-k-label-distribution-delta: 15.790557861328125
test/optimal-transport-distance: 49.97133255004883
test/sequence-labels-entropy: 1.2002272605895996
test/target-sequence-labels-entropy: 1.4701802730560303
val/T-mAP: 0.12863518297672272
val/T-mAP-weighted: 0.14585544168949127
val/horizon-max-f-score: 0.24505135416984558
val/horizon-max-f-score-weighted: 0.2743421196937561
val/horizon-mean-time-step: -470.42474365234375
val/loss: 8.125153541564941
val/loss_decoder_labels: 2.613023281097412
val/loss_decoder_timestamps: 2.799255132675171
val/loss_diffusion: 2.712876319885254
val/loss_embedder_regularizer: 8.667158795105934e-07
val/mean-predicted-length: 33.77357482910156
val/mean-target-length: 10.976666450500488
val/next-item-accuracy: 0.5354506969451904
val/next-item-mae: 2.9389536380767822
val/next-item-map: 0.3862878382205963
val/next-item-map-weighted: 0.5301861763000488
val/next-item-max-f-score: 0.43162012100219727
val/next-item-max-f-score-weighted: 0.5583931803703308
val/next-item-mean-time-step: 26.950937271118164
val/next-item-rmse: 8.668282508850098
val/next-k-label-distribution-delta: 15.79825496673584
val/optimal-transport-distance: 49.946807861328125
val/sequence-labels-entropy: 1.2071398496627808
val/target-sequence-labels-entropy: 1.4811986684799194
