date: '2025-04-10 10:05:58'
test/T-mAP: 0.10430431365966797
test/T-mAP-weighted: 0.12466716021299362
test/horizon-max-f-score: 0.21706922352313995
test/horizon-max-f-score-weighted: 0.25221750140190125
test/horizon-mean-time-step: -266.3265075683594
test/loss: 8.174142837524414
test/loss_decoder_labels: 2.6239571571350098
test/loss_decoder_timestamps: 2.8365447521209717
test/loss_diffusion: 2.713637351989746
test/loss_embedder_regularizer: 8.667955171404174e-07
test/mean-predicted-length: 45.46027755737305
test/mean-target-length: 13.197113037109375
test/next-item-accuracy: 0.534876823425293
test/next-item-mae: 2.9912946224212646
test/next-item-map: 0.3849576711654663
test/next-item-map-weighted: 0.5291962623596191
test/next-item-max-f-score: 0.4296720027923584
test/next-item-max-f-score-weighted: 0.5576728582382202
test/next-item-mean-time-step: 27.671316146850586
test/next-item-rmse: 8.756290435791016
test/next-k-label-distribution-delta: 19.68107795715332
test/optimal-transport-distance: 63.68897247314453
test/sequence-labels-entropy: 0.9493660926818848
test/target-sequence-labels-entropy: 1.185822606086731
val/T-mAP: 0.10367289185523987
val/T-mAP-weighted: 0.12395177036523819
val/horizon-max-f-score: 0.21818430721759796
val/horizon-max-f-score-weighted: 0.2515426576137543
val/horizon-mean-time-step: -260.2292785644531
val/loss: 8.124834060668945
val/loss_decoder_labels: 2.613517999649048
val/loss_decoder_timestamps: 2.7990949153900146
val/loss_diffusion: 2.712217330932617
val/loss_embedder_regularizer: 8.666327744322189e-07
val/mean-predicted-length: 45.721065521240234
val/mean-target-length: 13.29317855834961
val/next-item-accuracy: 0.5353943705558777
val/next-item-mae: 2.937999725341797
val/next-item-map: 0.3865128457546234
val/next-item-map-weighted: 0.5298771858215332
val/next-item-max-f-score: 0.4315875172615051
val/next-item-max-f-score-weighted: 0.5582106113433838
val/next-item-mean-time-step: 26.950952529907227
val/next-item-rmse: 8.665908813476562
val/next-k-label-distribution-delta: 19.734296798706055
val/optimal-transport-distance: 63.59002685546875
val/sequence-labels-entropy: 0.9540604948997498
val/target-sequence-labels-entropy: 1.1891990900039673
