date: '2025-04-09 20:18:48'
test/T-mAP: 0.14361858367919922
test/T-mAP-weighted: 0.16469787061214447
test/horizon-max-f-score: 0.27763432264328003
test/horizon-max-f-score-weighted: 0.31181493401527405
test/horizon-mean-time-step: 2.4857451915740967
test/loss: 3.3670032024383545
test/loss_labels: 1.140459656715393
test/loss_timestamps: 2.22654390335083
test/mean-predicted-length: 24.242130279541016
test/mean-target-length: 10.205605506896973
test/next-item-accuracy: 0.5858062505722046
test/next-item-mae: 3.033262014389038
test/next-item-map: 0.4630409777164459
test/next-item-map-weighted: 0.5896396040916443
test/next-item-max-f-score: 0.4926498830318451
test/next-item-max-f-score-weighted: 0.5980048179626465
test/next-item-mean-time-step: 27.86721420288086
test/next-item-rmse: 8.946672439575195
test/next-k-label-distribution-delta: 7.528125286102295
test/optimal-transport-distance: 26.83432388305664
test/sequence-labels-entropy: 1.5410219430923462
test/target-sequence-labels-entropy: 1.4568028450012207
val/T-mAP: 0.1441119760274887
val/T-mAP-weighted: 0.16361434757709503
val/horizon-max-f-score: 0.279921293258667
val/horizon-max-f-score-weighted: 0.31210851669311523
val/horizon-mean-time-step: 2.476728916168213
val/loss: 3.322580337524414
val/loss_labels: 1.1364938020706177
val/loss_timestamps: 2.1860854625701904
val/mean-predicted-length: 24.29892921447754
val/mean-target-length: 10.301626205444336
val/next-item-accuracy: 0.5877207517623901
val/next-item-mae: 2.9788830280303955
val/next-item-map: 0.4610346257686615
val/next-item-map-weighted: 0.5907608866691589
val/next-item-max-f-score: 0.48994913697242737
val/next-item-max-f-score-weighted: 0.6000713109970093
val/next-item-mean-time-step: 27.144195556640625
val/next-item-rmse: 8.855670928955078
val/next-k-label-distribution-delta: 7.488429546356201
val/optimal-transport-distance: 26.7329044342041
val/sequence-labels-entropy: 1.5454466342926025
val/target-sequence-labels-entropy: 1.4686938524246216
