date: '2025-04-11 17:05:30'
test/T-mAP: 0.0895342007279396
test/T-mAP-weighted: 0.09295214712619781
test/horizon-max-f-score: 0.20451578497886658
test/horizon-max-f-score-weighted: 0.20504917204380035
test/horizon-mean-time-step: 2.519892692565918
test/loss: 3.3670032024383545
test/loss_labels: 1.140459656715393
test/loss_timestamps: 2.22654390335083
test/mean-predicted-length: 49.29375076293945
test/mean-target-length: 13.197113037109375
test/next-item-accuracy: 0.5858062505722046
test/next-item-mae: 3.033262014389038
test/next-item-map: 0.4630409777164459
test/next-item-map-weighted: 0.5896396040916443
test/next-item-max-f-score: 0.4926498830318451
test/next-item-max-f-score-weighted: 0.5980048179626465
test/next-item-mean-time-step: 27.86721420288086
test/next-item-rmse: 8.946672439575195
test/next-k-label-distribution-delta: 13.278844833374023
test/optimal-transport-distance: 63.90163803100586
test/sequence-labels-entropy: 1.2407819032669067
test/target-sequence-labels-entropy: 1.185822606086731
val/T-mAP: 0.09022224694490433
val/T-mAP-weighted: 0.09262879192829132
val/horizon-max-f-score: 0.20573720335960388
val/horizon-max-f-score-weighted: 0.20482727885246277
val/horizon-mean-time-step: 2.509855270385742
val/loss: 3.322580337524414
val/loss_labels: 1.1364938020706177
val/loss_timestamps: 2.1860854625701904
val/mean-predicted-length: 49.47389221191406
val/mean-target-length: 13.29317855834961
val/next-item-accuracy: 0.5877207517623901
val/next-item-mae: 2.9788830280303955
val/next-item-map: 0.4610346257686615
val/next-item-map-weighted: 0.5907608866691589
val/next-item-max-f-score: 0.48994913697242737
val/next-item-max-f-score-weighted: 0.6000713109970093
val/next-item-mean-time-step: 27.144195556640625
val/next-item-rmse: 8.855670928955078
val/next-k-label-distribution-delta: 13.209572792053223
val/optimal-transport-distance: 63.759735107421875
val/sequence-labels-entropy: 1.2418010234832764
val/target-sequence-labels-entropy: 1.1891990900039673
