date: '2025-04-09 20:30:15'
test/T-mAP: 0.15543507039546967
test/T-mAP-weighted: 0.17594407498836517
test/horizon-max-f-score: 0.2926926910877228
test/horizon-max-f-score-weighted: 0.3242788314819336
test/horizon-mean-time-step: 2.5613150596618652
test/loss: 3.3731534481048584
test/loss_labels: 1.142775535583496
test/loss_timestamps: 2.2303781509399414
test/mean-predicted-length: 24.027372360229492
test/mean-target-length: 10.205605506896973
test/next-item-accuracy: 0.5851001143455505
test/next-item-mae: 3.041997194290161
test/next-item-map: 0.46063533425331116
test/next-item-map-weighted: 0.5895780324935913
test/next-item-max-f-score: 0.48798680305480957
test/next-item-max-f-score-weighted: 0.597784161567688
test/next-item-mean-time-step: 27.876733779907227
test/next-item-rmse: 8.97658634185791
test/next-k-label-distribution-delta: 7.5254950523376465
test/optimal-transport-distance: 26.610729217529297
test/sequence-labels-entropy: 1.5378845930099487
test/target-sequence-labels-entropy: 1.4568028450012207
val/T-mAP: 0.1557433158159256
val/T-mAP-weighted: 0.17612960934638977
val/horizon-max-f-score: 0.29541778564453125
val/horizon-max-f-score-weighted: 0.32605135440826416
val/horizon-mean-time-step: 2.551044225692749
val/loss: 3.330212116241455
val/loss_labels: 1.138554334640503
val/loss_timestamps: 2.191657304763794
val/mean-predicted-length: 24.04022789001465
val/mean-target-length: 10.301626205444336
val/next-item-accuracy: 0.5866541266441345
val/next-item-mae: 2.988544225692749
val/next-item-map: 0.46117690205574036
val/next-item-map-weighted: 0.5905311107635498
val/next-item-max-f-score: 0.4895484447479248
val/next-item-max-f-score-weighted: 0.5996779799461365
val/next-item-mean-time-step: 27.1545467376709
val/next-item-rmse: 8.887300491333008
val/next-k-label-distribution-delta: 7.479459285736084
val/optimal-transport-distance: 26.509214401245117
val/sequence-labels-entropy: 1.542433500289917
val/target-sequence-labels-entropy: 1.4686938524246216
