date: '2025-04-11 17:30:11'
test/T-mAP: 0.09907683730125427
test/T-mAP-weighted: 0.1022462323307991
test/horizon-max-f-score: 0.2154543399810791
test/horizon-max-f-score-weighted: 0.21168582141399384
test/horizon-mean-time-step: 2.541929006576538
test/loss: 3.3731534481048584
test/loss_labels: 1.142775535583496
test/loss_timestamps: 2.2303781509399414
test/mean-predicted-length: 48.607791900634766
test/mean-target-length: 13.197113037109375
test/next-item-accuracy: 0.5851001143455505
test/next-item-mae: 3.041997194290161
test/next-item-map: 0.46063533425331116
test/next-item-map-weighted: 0.5895780324935913
test/next-item-max-f-score: 0.48798680305480957
test/next-item-max-f-score-weighted: 0.597784161567688
test/next-item-mean-time-step: 27.876733779907227
test/next-item-rmse: 8.97658634185791
test/next-k-label-distribution-delta: 13.26336669921875
test/optimal-transport-distance: 63.70703125
test/sequence-labels-entropy: 1.245869755744934
test/target-sequence-labels-entropy: 1.185822606086731
val/T-mAP: 0.09911859035491943
val/T-mAP-weighted: 0.10225935280323029
val/horizon-max-f-score: 0.21648965775966644
val/horizon-max-f-score-weighted: 0.21141840517520905
val/horizon-mean-time-step: 2.5335636138916016
val/loss: 3.330212116241455
val/loss_labels: 1.138554334640503
val/loss_timestamps: 2.191657304763794
val/mean-predicted-length: 48.6668586730957
val/mean-target-length: 13.29317855834961
val/next-item-accuracy: 0.5866541266441345
val/next-item-mae: 2.988544225692749
val/next-item-map: 0.46117690205574036
val/next-item-map-weighted: 0.5905311107635498
val/next-item-max-f-score: 0.4895484447479248
val/next-item-max-f-score-weighted: 0.5996779799461365
val/next-item-mean-time-step: 27.1545467376709
val/next-item-rmse: 8.887300491333008
val/next-k-label-distribution-delta: 13.202349662780762
val/optimal-transport-distance: 63.54566192626953
val/sequence-labels-entropy: 1.2466474771499634
val/target-sequence-labels-entropy: 1.1891990900039673
