date: '2025-04-09 19:33:08'
test/T-mAP: 0.22575178742408752
test/T-mAP-weighted: 0.2946774363517761
test/horizon-max-f-score: 0.39932969212532043
test/horizon-max-f-score-weighted: 0.48977887630462646
test/horizon-mean-time-step: 2.433424949645996
test/loss: 3.3670032024383545
test/loss_labels: 1.140459656715393
test/loss_timestamps: 2.22654390335083
test/mean-predicted-length: 11.708194732666016
test/mean-target-length: 8.919472694396973
test/next-item-accuracy: 0.5858062505722046
test/next-item-mae: 3.033262014389038
test/next-item-map: 0.4630409777164459
test/next-item-map-weighted: 0.5896396040916443
test/next-item-max-f-score: 0.4926498830318451
test/next-item-max-f-score-weighted: 0.5980048179626465
test/next-item-mean-time-step: 27.86721420288086
test/next-item-rmse: 8.946672439575195
test/next-k-label-distribution-delta: 3.924377202987671
test/optimal-transport-distance: 11.569903373718262
test/sequence-labels-entropy: 1.4675992727279663
test/target-sequence-labels-entropy: 1.4281508922576904
val/T-mAP: 0.22758232057094574
val/T-mAP-weighted: 0.2947102189064026
val/horizon-max-f-score: 0.40306714177131653
val/horizon-max-f-score-weighted: 0.49157312512397766
val/horizon-mean-time-step: 2.425508975982666
val/loss: 3.322580337524414
val/loss_labels: 1.1364938020706177
val/loss_timestamps: 2.1860854625701904
val/mean-predicted-length: 11.738299369812012
val/mean-target-length: 9.000659942626953
val/next-item-accuracy: 0.5877207517623901
val/next-item-mae: 2.9788830280303955
val/next-item-map: 0.4610346257686615
val/next-item-map-weighted: 0.5907608866691589
val/next-item-max-f-score: 0.48994913697242737
val/next-item-max-f-score-weighted: 0.6000713109970093
val/next-item-mean-time-step: 27.144195556640625
val/next-item-rmse: 8.855670928955078
val/next-k-label-distribution-delta: 3.886305332183838
val/optimal-transport-distance: 11.504254341125488
val/sequence-labels-entropy: 1.47185480594635
val/target-sequence-labels-entropy: 1.4385243654251099
