date: '2025-04-09 21:59:08'
test/T-mAP: 0.12407835572957993
test/T-mAP-weighted: 0.13101597130298615
test/horizon-max-f-score: 0.24687740206718445
test/horizon-max-f-score-weighted: 0.2531256675720215
test/horizon-mean-time-step: 2.547607421875
test/loss: 3.3731534481048584
test/loss_labels: 1.142775535583496
test/loss_timestamps: 2.2303781509399414
test/mean-predicted-length: 36.90739059448242
test/mean-target-length: 10.909417152404785
test/next-item-accuracy: 0.5851001143455505
test/next-item-mae: 3.041997194290161
test/next-item-map: 0.46063533425331116
test/next-item-map-weighted: 0.5895780324935913
test/next-item-max-f-score: 0.48798680305480957
test/next-item-max-f-score-weighted: 0.597784161567688
test/next-item-mean-time-step: 27.876733779907227
test/next-item-rmse: 8.97658634185791
test/next-k-label-distribution-delta: 10.278160095214844
test/optimal-transport-distance: 44.454673767089844
test/sequence-labels-entropy: 1.5704001188278198
test/target-sequence-labels-entropy: 1.4701801538467407
val/T-mAP: 0.12492281943559647
val/T-mAP-weighted: 0.1313207745552063
val/horizon-max-f-score: 0.2492450475692749
val/horizon-max-f-score-weighted: 0.254091739654541
val/horizon-mean-time-step: 2.536930799484253
val/loss: 3.330212116241455
val/loss_labels: 1.138554334640503
val/loss_timestamps: 2.191657304763794
val/mean-predicted-length: 36.96676254272461
val/mean-target-length: 10.976666450500488
val/next-item-accuracy: 0.5866541266441345
val/next-item-mae: 2.988544225692749
val/next-item-map: 0.46117690205574036
val/next-item-map-weighted: 0.5905311107635498
val/next-item-max-f-score: 0.4895484447479248
val/next-item-max-f-score-weighted: 0.5996779799461365
val/next-item-mean-time-step: 27.1545467376709
val/next-item-rmse: 8.887300491333008
val/next-k-label-distribution-delta: 10.23107624053955
val/optimal-transport-distance: 44.330482482910156
val/sequence-labels-entropy: 1.5736757516860962
val/target-sequence-labels-entropy: 1.4811986684799194
