date: '2025-04-09 21:41:11'
test/T-mAP: 0.11366928368806839
test/T-mAP-weighted: 0.11981435865163803
test/horizon-max-f-score: 0.23600167036056519
test/horizon-max-f-score-weighted: 0.24502627551555634
test/horizon-mean-time-step: 2.5019583702087402
test/loss: 3.3670032024383545
test/loss_labels: 1.140459656715393
test/loss_timestamps: 2.22654390335083
test/mean-predicted-length: 37.03252410888672
test/mean-target-length: 10.909417152404785
test/next-item-accuracy: 0.5858062505722046
test/next-item-mae: 3.033262014389038
test/next-item-map: 0.4630409777164459
test/next-item-map-weighted: 0.5896396040916443
test/next-item-max-f-score: 0.4926498830318451
test/next-item-max-f-score-weighted: 0.5980048179626465
test/next-item-mean-time-step: 27.86721420288086
test/next-item-rmse: 8.946672439575195
test/next-k-label-distribution-delta: 10.316628456115723
test/optimal-transport-distance: 44.63010025024414
test/sequence-labels-entropy: 1.566382884979248
test/target-sequence-labels-entropy: 1.4701801538467407
val/T-mAP: 0.11478780955076218
val/T-mAP-weighted: 0.11932667344808578
val/horizon-max-f-score: 0.2382754236459732
val/horizon-max-f-score-weighted: 0.2455359548330307
val/horizon-mean-time-step: 2.4916012287139893
val/loss: 3.322580337524414
val/loss_labels: 1.1364938020706177
val/loss_timestamps: 2.1860854625701904
val/mean-predicted-length: 37.19629669189453
val/mean-target-length: 10.976666450500488
val/next-item-accuracy: 0.5877207517623901
val/next-item-mae: 2.9788830280303955
val/next-item-map: 0.4610346257686615
val/next-item-map-weighted: 0.5907608866691589
val/next-item-max-f-score: 0.48994913697242737
val/next-item-max-f-score-weighted: 0.6000713109970093
val/next-item-mean-time-step: 27.144195556640625
val/next-item-rmse: 8.855670928955078
val/next-k-label-distribution-delta: 10.271743774414062
val/optimal-transport-distance: 44.514347076416016
val/sequence-labels-entropy: 1.5707428455352783
val/target-sequence-labels-entropy: 1.4811986684799194
