date: '2025-04-09 22:34:45'
test/T-mAP: 0.041437894105911255
test/T-mAP-weighted: 0.06030150130391121
test/horizon-max-f-score: 0.12538260221481323
test/horizon-max-f-score-weighted: 0.17043206095695496
test/horizon-mean-time-step: 10.756536483764648
test/loss: -1.4515049457550049
test/loss_nhp: -1.4515049457550049
test/mean-predicted-length: 8.986163139343262
test/mean-target-length: 10.909417152404785
test/next-item-accuracy: 0.23097427189350128
test/next-item-mae: 4.979827404022217
test/next-item-map: 0.11799613386392593
test/next-item-map-weighted: 0.196596160531044
test/next-item-max-f-score: 0.1738421618938446
test/next-item-max-f-score-weighted: 0.2672893702983856
test/next-item-mean-time-step: 29.233409881591797
test/next-item-rmse: 11.88655948638916
test/next-k-label-distribution-delta: 21.0946102142334
test/optimal-transport-distance: 56.94270324707031
test/sequence-labels-entropy: 0.8277016282081604
test/target-sequence-labels-entropy: 1.4701801538467407
test/thinning_accepted: 19.4688777923584
val/T-mAP: 0.041262656450271606
val/T-mAP-weighted: 0.059635382145643234
val/horizon-max-f-score: 0.125441312789917
val/horizon-max-f-score-weighted: 0.16955618560314178
val/horizon-mean-time-step: 10.765889167785645
val/loss: -1.4844063520431519
val/loss_nhp: -1.4844063520431519
val/mean-predicted-length: 8.949316024780273
val/mean-target-length: 10.976666450500488
val/next-item-accuracy: 0.2313590943813324
val/next-item-mae: 4.958555698394775
val/next-item-map: 0.11823823302984238
val/next-item-map-weighted: 0.1966891884803772
val/next-item-max-f-score: 0.17416387796401978
val/next-item-max-f-score-weighted: 0.2672191262245178
val/next-item-mean-time-step: 28.53731346130371
val/next-item-rmse: 11.860099792480469
val/next-k-label-distribution-delta: 21.11096954345703
val/optimal-transport-distance: 56.933345794677734
val/sequence-labels-entropy: 0.8299102187156677
val/target-sequence-labels-entropy: 1.4811986684799194
val/thinning_accepted: 19.72688102722168
