date: '2025-04-10 12:09:36'
test/T-mAP: 0.0338171161711216
test/T-mAP-weighted: 0.047640878707170486
test/horizon-max-f-score: 0.1107611432671547
test/horizon-max-f-score-weighted: 0.14561277627944946
test/horizon-mean-time-step: 10.710895538330078
test/loss: -1.6434458494186401
test/loss_nhp: -1.6434458494186401
test/mean-predicted-length: 11.949728965759277
test/mean-target-length: 13.197113037109375
test/next-item-accuracy: 0.23131851851940155
test/next-item-mae: 4.987574100494385
test/next-item-map: 0.11816442757844925
test/next-item-map-weighted: 0.19653752446174622
test/next-item-max-f-score: 0.17418691515922546
test/next-item-max-f-score-weighted: 0.2673777937889099
test/next-item-mean-time-step: 29.234590530395508
test/next-item-rmse: 11.895760536193848
test/next-k-label-distribution-delta: 27.840370178222656
test/optimal-transport-distance: 76.66553497314453
test/sequence-labels-entropy: 0.6754631400108337
test/target-sequence-labels-entropy: 1.185822606086731
test/thinning_accepted: 19.406633377075195
val/T-mAP: 0.03443394973874092
val/T-mAP-weighted: 0.04832780361175537
val/horizon-max-f-score: 0.11121786385774612
val/horizon-max-f-score-weighted: 0.1465478241443634
val/horizon-mean-time-step: 10.713024139404297
val/loss: -1.5539052486419678
val/loss_nhp: -1.5539052486419678
val/mean-predicted-length: 11.905592918395996
val/mean-target-length: 13.29317855834961
val/next-item-accuracy: 0.23126131296157837
val/next-item-mae: 4.943943500518799
val/next-item-map: 0.11855997145175934
val/next-item-map-weighted: 0.19716349244117737
val/next-item-max-f-score: 0.17420485615730286
val/next-item-max-f-score-weighted: 0.26725438237190247
val/next-item-mean-time-step: 28.53252601623535
val/next-item-rmse: 11.838173866271973
val/next-k-label-distribution-delta: 27.85297203063965
val/optimal-transport-distance: 76.6065673828125
val/sequence-labels-entropy: 0.67591792345047
val/target-sequence-labels-entropy: 1.1891990900039673
val/thinning_accepted: 19.9554386138916
