date: '2025-04-09 19:50:41'
test/T-mAP: 0.09900286048650742
test/T-mAP-weighted: 0.16057075560092926
test/horizon-max-f-score: 0.23828566074371338
test/horizon-max-f-score-weighted: 0.3390040397644043
test/horizon-mean-time-step: 10.574991226196289
test/loss: -1.6141700744628906
test/loss_nhp: -1.6141700744628906
test/mean-predicted-length: 2.444091320037842
test/mean-target-length: 8.919472694396973
test/next-item-accuracy: 0.23127144575119019
test/next-item-mae: 5.005037784576416
test/next-item-map: 0.11782700568437576
test/next-item-map-weighted: 0.19668547809123993
test/next-item-max-f-score: 0.1737654209136963
test/next-item-max-f-score-weighted: 0.26734858751296997
test/next-item-mean-time-step: 29.251073837280273
test/next-item-rmse: 11.918606758117676
test/next-k-label-distribution-delta: 7.274570465087891
test/optimal-transport-distance: 18.29424285888672
test/sequence-labels-entropy: 0.3754095733165741
test/target-sequence-labels-entropy: 1.4281508922576904
test/thinning_accepted: 19.319854736328125
val/T-mAP: 0.0987287387251854
val/T-mAP-weighted: 0.15947425365447998
val/horizon-max-f-score: 0.2398698329925537
val/horizon-max-f-score-weighted: 0.338887095451355
val/horizon-mean-time-step: 10.568138122558594
val/loss: -1.5959500074386597
val/loss_nhp: -1.5959500074386597
val/mean-predicted-length: 2.439121723175049
val/mean-target-length: 9.000659942626953
val/next-item-accuracy: 0.23119908571243286
val/next-item-mae: 4.973273277282715
val/next-item-map: 0.11823586374521255
val/next-item-map-weighted: 0.19649221003055573
val/next-item-max-f-score: 0.1741195172071457
val/next-item-max-f-score-weighted: 0.266916424036026
val/next-item-mean-time-step: 28.54599952697754
val/next-item-rmse: 11.87890625
val/next-k-label-distribution-delta: 7.2787604331970215
val/optimal-transport-distance: 18.303020477294922
val/sequence-labels-entropy: 0.3755251467227936
val/target-sequence-labels-entropy: 1.4385243654251099
val/thinning_accepted: 19.748441696166992
