date: '2025-04-09 20:55:33'
test/T-mAP: 0.05814138799905777
test/T-mAP-weighted: 0.08883117884397507
test/horizon-max-f-score: 0.15856920182704926
test/horizon-max-f-score-weighted: 0.22292564809322357
test/horizon-mean-time-step: 10.768787384033203
test/loss: -1.4860891103744507
test/loss_nhp: -1.4860891103744507
test/mean-predicted-length: 5.628270626068115
test/mean-target-length: 10.205605506896973
test/next-item-accuracy: 0.23124496638774872
test/next-item-mae: 4.96744441986084
test/next-item-map: 0.1186523288488388
test/next-item-map-weighted: 0.197112575173378
test/next-item-max-f-score: 0.17415472865104675
test/next-item-max-f-score-weighted: 0.2673666477203369
test/next-item-mean-time-step: 29.23194122314453
test/next-item-rmse: 11.868830680847168
test/next-k-label-distribution-delta: 14.072060585021973
test/optimal-transport-distance: 37.28736877441406
test/sequence-labels-entropy: 0.7518978714942932
test/target-sequence-labels-entropy: 1.4568028450012207
test/thinning_accepted: 19.240345001220703
val/T-mAP: 0.057672467082738876
val/T-mAP-weighted: 0.08794471621513367
val/horizon-max-f-score: 0.15827137231826782
val/horizon-max-f-score-weighted: 0.22179527580738068
val/horizon-mean-time-step: 10.768135070800781
val/loss: -1.6667457818984985
val/loss_nhp: -1.6667457818984985
val/mean-predicted-length: 5.635142803192139
val/mean-target-length: 10.301626205444336
val/next-item-accuracy: 0.23095908761024475
val/next-item-mae: 4.969295501708984
val/next-item-map: 0.11805427819490433
val/next-item-map-weighted: 0.19653373956680298
val/next-item-max-f-score: 0.1738005131483078
val/next-item-max-f-score-weighted: 0.26671162247657776
val/next-item-mean-time-step: 28.53380012512207
val/next-item-rmse: 11.873373985290527
val/next-k-label-distribution-delta: 14.083481788635254
val/optimal-transport-distance: 37.28556823730469
val/sequence-labels-entropy: 0.7528775334358215
val/target-sequence-labels-entropy: 1.4686938524246216
val/thinning_accepted: 19.563488006591797
