date: '2025-04-10 11:30:11'
test/T-mAP: 0.09907975047826767
test/T-mAP-weighted: 0.10258135944604874
test/horizon-max-f-score: 0.1886826604604721
test/horizon-max-f-score-weighted: 0.2009173482656479
test/horizon-mean-time-step: 3.635788917541504
test/loss: -1.312387466430664
test/loss_nhp: -1.312387466430664
test/mean-predicted-length: 33.05002975463867
test/mean-target-length: 10.909417152404785
test/next-item-accuracy: 0.4562171697616577
test/next-item-mae: 2.915864944458008
test/next-item-map: 0.2885114848613739
test/next-item-map-weighted: 0.37442779541015625
test/next-item-max-f-score: 0.3636441230773926
test/next-item-max-f-score-weighted: 0.46407774090766907
test/next-item-mean-time-step: 27.51432228088379
test/next-item-rmse: 8.584564208984375
test/next-k-label-distribution-delta: 15.192590713500977
test/optimal-transport-distance: 50.18404769897461
test/sequence-labels-entropy: 1.163270354270935
test/target-sequence-labels-entropy: 1.4701801538467407
test/thinning_accepted: 41.45978927612305
val/T-mAP: 0.10041256248950958
val/T-mAP-weighted: 0.10320861637592316
val/horizon-max-f-score: 0.19017517566680908
val/horizon-max-f-score-weighted: 0.2019876390695572
val/horizon-mean-time-step: 3.6398203372955322
val/loss: 0.29022669792175293
val/loss_nhp: 0.29022669792175293
val/mean-predicted-length: 32.99435806274414
val/mean-target-length: 10.976666450500488
val/next-item-accuracy: 0.45587071776390076
val/next-item-mae: 2.866530179977417
val/next-item-map: 0.2886308431625366
val/next-item-map-weighted: 0.37488242983818054
val/next-item-max-f-score: 0.36425065994262695
val/next-item-max-f-score-weighted: 0.46460893750190735
val/next-item-mean-time-step: 26.799999237060547
val/next-item-rmse: 8.501678466796875
val/next-k-label-distribution-delta: 15.260049819946289
val/optimal-transport-distance: 50.153160095214844
val/sequence-labels-entropy: 1.1660932302474976
val/target-sequence-labels-entropy: 1.4811986684799194
val/thinning_accepted: 41.48394775390625
