date: '2025-04-09 21:40:12'
test/T-mAP: 0.11482129991054535
test/T-mAP-weighted: 0.12503093481063843
test/horizon-max-f-score: 0.20947225391864777
test/horizon-max-f-score-weighted: 0.2320641577243805
test/horizon-mean-time-step: 3.186096668243408
test/loss: -1.3855608701705933
test/loss_nhp: -1.3855608701705933
test/mean-predicted-length: 23.38129234313965
test/mean-target-length: 10.205605506896973
test/next-item-accuracy: 0.45617303252220154
test/next-item-mae: 2.92002272605896
test/next-item-map: 0.287966251373291
test/next-item-map-weighted: 0.3739859163761139
test/next-item-max-f-score: 0.36360326409339905
test/next-item-max-f-score-weighted: 0.4641152322292328
test/next-item-mean-time-step: 27.51531982421875
test/next-item-rmse: 8.588754653930664
test/next-k-label-distribution-delta: 10.021371841430664
test/optimal-transport-distance: 31.460006713867188
test/sequence-labels-entropy: 1.1763646602630615
test/target-sequence-labels-entropy: 1.4568028450012207
test/thinning_accepted: 41.531124114990234
val/T-mAP: 0.11573247611522675
val/T-mAP-weighted: 0.12640127539634705
val/horizon-max-f-score: 0.21058660745620728
val/horizon-max-f-score-weighted: 0.23386135697364807
val/horizon-mean-time-step: 3.192131996154785
val/loss: -1.7491438388824463
val/loss_nhp: -1.7491438388824463
val/mean-predicted-length: 23.298791885375977
val/mean-target-length: 10.301626205444336
val/next-item-accuracy: 0.4561610817909241
val/next-item-mae: 2.8732595443725586
val/next-item-map: 0.2887628972530365
val/next-item-map-weighted: 0.37539321184158325
val/next-item-max-f-score: 0.36455994844436646
val/next-item-max-f-score-weighted: 0.46504488587379456
val/next-item-mean-time-step: 26.80454444885254
val/next-item-rmse: 8.511366844177246
val/next-k-label-distribution-delta: 10.080565452575684
val/optimal-transport-distance: 31.43229866027832
val/sequence-labels-entropy: 1.1792771816253662
val/target-sequence-labels-entropy: 1.4686938524246216
val/thinning_accepted: 41.49496841430664
