date: '2025-04-09 20:13:20'
test/T-mAP: 0.15112058818340302
test/T-mAP-weighted: 0.1795184463262558
test/horizon-max-f-score: 0.2539694905281067
test/horizon-max-f-score-weighted: 0.3002857267856598
test/horizon-mean-time-step: 2.5524094104766846
test/loss: -1.6950676441192627
test/loss_nhp: -1.6950676441192627
test/mean-predicted-length: 12.596871376037598
test/mean-target-length: 8.919472694396973
test/next-item-accuracy: 0.4562965929508209
test/next-item-mae: 2.918790817260742
test/next-item-map: 0.28829964995384216
test/next-item-map-weighted: 0.3744439482688904
test/next-item-max-f-score: 0.3636394143104553
test/next-item-max-f-score-weighted: 0.46422407031059265
test/next-item-mean-time-step: 27.514774322509766
test/next-item-rmse: 8.587897300720215
test/next-k-label-distribution-delta: 5.042825222015381
test/optimal-transport-distance: 14.077104568481445
test/sequence-labels-entropy: 1.190524935722351
test/target-sequence-labels-entropy: 1.4281508922576904
test/thinning_accepted: 41.511131286621094
val/T-mAP: 0.1535310447216034
val/T-mAP-weighted: 0.18221639096736908
val/horizon-max-f-score: 0.2565886974334717
val/horizon-max-f-score-weighted: 0.30277612805366516
val/horizon-mean-time-step: 2.559408187866211
val/loss: -1.2904667854309082
val/loss_nhp: -1.2904667854309082
val/mean-predicted-length: 12.527337074279785
val/mean-target-length: 9.000659942626953
val/next-item-accuracy: 0.4561818242073059
val/next-item-mae: 2.870129108428955
val/next-item-map: 0.28872111439704895
val/next-item-map-weighted: 0.37522774934768677
val/next-item-max-f-score: 0.3642723262310028
val/next-item-max-f-score-weighted: 0.4649045467376709
val/next-item-mean-time-step: 26.801990509033203
val/next-item-rmse: 8.504156112670898
val/next-k-label-distribution-delta: 5.053462505340576
val/optimal-transport-distance: 14.066018104553223
val/sequence-labels-entropy: 1.193884015083313
val/target-sequence-labels-entropy: 1.4385243654251099
val/thinning_accepted: 41.56875991821289
