date: '2025-04-10 13:34:23'
test/T-mAP: 0.08553119748830795
test/T-mAP-weighted: 0.08948376029729843
test/horizon-max-f-score: 0.1714133620262146
test/horizon-max-f-score-weighted: 0.18345148861408234
test/horizon-mean-time-step: 3.935330390930176
test/loss: -1.2288708686828613
test/loss_nhp: -1.2288708686828613
test/mean-predicted-length: 41.43167495727539
test/mean-target-length: 13.197113037109375
test/next-item-accuracy: 0.4560582935810089
test/next-item-mae: 2.917142629623413
test/next-item-map: 0.28812095522880554
test/next-item-map-weighted: 0.3742057979106903
test/next-item-max-f-score: 0.363349974155426
test/next-item-max-f-score-weighted: 0.46397826075553894
test/next-item-mean-time-step: 27.512590408325195
test/next-item-rmse: 8.585433959960938
test/next-k-label-distribution-delta: 20.41266441345215
test/optimal-transport-distance: 69.4437026977539
test/sequence-labels-entropy: 0.9093630313873291
test/target-sequence-labels-entropy: 1.185822606086731
test/thinning_accepted: 41.602909088134766
val/T-mAP: 0.08590012788772583
val/T-mAP-weighted: 0.08972664177417755
val/horizon-max-f-score: 0.1724466234445572
val/horizon-max-f-score-weighted: 0.1844671070575714
val/horizon-mean-time-step: 3.9393465518951416
val/loss: -1.4543863534927368
val/loss_nhp: -1.4543863534927368
val/mean-predicted-length: 41.35578918457031
val/mean-target-length: 13.29317855834961
val/next-item-accuracy: 0.45602184534072876
val/next-item-mae: 2.8679633140563965
val/next-item-map: 0.28849703073501587
val/next-item-map-weighted: 0.37497857213020325
val/next-item-max-f-score: 0.36423274874687195
val/next-item-max-f-score-weighted: 0.46473023295402527
val/next-item-mean-time-step: 26.801000595092773
val/next-item-rmse: 8.502622604370117
val/next-k-label-distribution-delta: 20.501300811767578
val/optimal-transport-distance: 69.36307525634766
val/sequence-labels-entropy: 0.9099438786506653
val/target-sequence-labels-entropy: 1.1891990900039673
val/thinning_accepted: 41.630088806152344
