date: '2025-04-11 17:38:01'
test/T-mAP: 0.0984596461057663
test/T-mAP-weighted: 0.10659392178058624
test/horizon-max-f-score: 0.18911637365818024
test/horizon-max-f-score-weighted: 0.19480590522289276
test/horizon-mean-time-step: 2.2229695320129395
test/loss: 5.062530040740967
test/loss_labels: 1.1550339460372925
test/loss_timestamps: 3.9074950218200684
test/mean-predicted-length: 44.95511245727539
test/mean-target-length: 13.197113037109375
test/next-item-accuracy: 0.5832024216651917
test/next-item-mae: 3.9831838607788086
test/next-item-map: 0.45474788546562195
test/next-item-map-weighted: 0.5840888023376465
test/next-item-max-f-score: 0.48716598749160767
test/next-item-max-f-score-weighted: 0.5955805778503418
test/next-item-mean-time-step: 27.686588287353516
test/next-item-rmse: 9.015887260437012
test/next-k-label-distribution-delta: 13.128839492797852
test/optimal-transport-distance: 68.77603149414062
test/sequence-labels-entropy: 1.2711632251739502
test/target-sequence-labels-entropy: 1.185822606086731
test/timestamps-bias-mean: 2.6351490020751953
test/timestamps-current_influence: -0.008738874457776546
val/T-mAP: 0.09973060339689255
val/T-mAP-weighted: 0.10769402980804443
val/horizon-max-f-score: 0.18929459154605865
val/horizon-max-f-score-weighted: 0.1944526582956314
val/horizon-mean-time-step: 2.221916675567627
val/loss: 6.227700233459473
val/loss_labels: 1.149678349494934
val/loss_timestamps: 5.078022003173828
val/mean-predicted-length: 44.98015213012695
val/mean-target-length: 13.29317855834961
val/next-item-accuracy: 0.5847696661949158
val/next-item-mae: 3.926206350326538
val/next-item-map: 0.4543195366859436
val/next-item-map-weighted: 0.5854271054267883
val/next-item-max-f-score: 0.4865301549434662
val/next-item-max-f-score-weighted: 0.5977412462234497
val/next-item-mean-time-step: 26.980274200439453
val/next-item-rmse: 8.940864562988281
val/next-k-label-distribution-delta: 13.065176963806152
val/optimal-transport-distance: 68.59605407714844
val/sequence-labels-entropy: 1.2718791961669922
val/target-sequence-labels-entropy: 1.1891990900039673
val/timestamps-bias-mean: 2.669337749481201
val/timestamps-current_influence: -0.008738874457776546
