date: '2025-04-09 22:04:52'
test/T-mAP: 0.11894102394580841
test/T-mAP-weighted: 0.12686675786972046
test/horizon-max-f-score: 0.21449925005435944
test/horizon-max-f-score-weighted: 0.22139707207679749
test/horizon-mean-time-step: 2.257711172103882
test/loss: 5.062530040740967
test/loss_labels: 1.1550339460372925
test/loss_timestamps: 3.9074950218200684
test/mean-predicted-length: 33.595062255859375
test/mean-target-length: 10.909417152404785
test/next-item-accuracy: 0.5832024216651917
test/next-item-mae: 3.983689308166504
test/next-item-map: 0.45474788546562195
test/next-item-map-weighted: 0.5840888023376465
test/next-item-max-f-score: 0.48716598749160767
test/next-item-max-f-score-weighted: 0.5955805778503418
test/next-item-mean-time-step: 27.68790054321289
test/next-item-rmse: 9.017901420593262
test/next-k-label-distribution-delta: 10.457681655883789
test/optimal-transport-distance: 49.37592697143555
test/sequence-labels-entropy: 1.6015654802322388
test/target-sequence-labels-entropy: 1.4701801538467407
test/timestamps-bias-mean: 2.6351490020751953
test/timestamps-current_influence: -0.008738874457776546
val/T-mAP: 0.12082158774137497
val/T-mAP-weighted: 0.12860122323036194
val/horizon-max-f-score: 0.21610011160373688
val/horizon-max-f-score-weighted: 0.222915917634964
val/horizon-mean-time-step: 2.253967761993408
val/loss: 6.227700233459473
val/loss_labels: 1.149678349494934
val/loss_timestamps: 5.078022003173828
val/mean-predicted-length: 33.7801513671875
val/mean-target-length: 10.976666450500488
val/next-item-accuracy: 0.5847696661949158
val/next-item-mae: 3.9256553649902344
val/next-item-map: 0.4543195366859436
val/next-item-map-weighted: 0.5854271054267883
val/next-item-max-f-score: 0.4865301549434662
val/next-item-max-f-score-weighted: 0.5977412462234497
val/next-item-mean-time-step: 26.979459762573242
val/next-item-rmse: 8.939970970153809
val/next-k-label-distribution-delta: 10.414549827575684
val/optimal-transport-distance: 49.162288665771484
val/sequence-labels-entropy: 1.605004906654358
val/target-sequence-labels-entropy: 1.4811986684799194
val/timestamps-bias-mean: 2.669337749481201
val/timestamps-current_influence: -0.008738874457776546
