date: '2025-04-09 20:34:07'
test/T-mAP: 0.13957436382770538
test/T-mAP-weighted: 0.15627527236938477
test/horizon-max-f-score: 0.24320168793201447
test/horizon-max-f-score-weighted: 0.2632279396057129
test/horizon-mean-time-step: 2.32920241355896
test/loss: 5.062530040740967
test/loss_labels: 1.1550339460372925
test/loss_timestamps: 3.9074950218200684
test/mean-predicted-length: 22.87327766418457
test/mean-target-length: 10.205605506896973
test/next-item-accuracy: 0.5832024216651917
test/next-item-mae: 3.983863592147827
test/next-item-map: 0.45474788546562195
test/next-item-map-weighted: 0.5840888023376465
test/next-item-max-f-score: 0.48716598749160767
test/next-item-max-f-score-weighted: 0.5955805778503418
test/next-item-mean-time-step: 27.68699073791504
test/next-item-rmse: 9.018556594848633
test/next-k-label-distribution-delta: 7.673342704772949
test/optimal-transport-distance: 30.82135581970215
test/sequence-labels-entropy: 1.571740984916687
test/target-sequence-labels-entropy: 1.4568028450012207
test/timestamps-bias-mean: 2.6351490020751953
test/timestamps-current_influence: -0.008738874457776546
val/T-mAP: 0.14092786610126495
val/T-mAP-weighted: 0.1579739898443222
val/horizon-max-f-score: 0.2452636957168579
val/horizon-max-f-score-weighted: 0.26543325185775757
val/horizon-mean-time-step: 2.3227694034576416
val/loss: 6.227700233459473
val/loss_labels: 1.149678349494934
val/loss_timestamps: 5.078022003173828
val/mean-predicted-length: 22.926725387573242
val/mean-target-length: 10.301626205444336
val/next-item-accuracy: 0.5847696661949158
val/next-item-mae: 3.926250457763672
val/next-item-map: 0.4543195366859436
val/next-item-map-weighted: 0.5854271054267883
val/next-item-max-f-score: 0.4865301549434662
val/next-item-max-f-score-weighted: 0.5977412462234497
val/next-item-mean-time-step: 26.978397369384766
val/next-item-rmse: 8.941142082214355
val/next-k-label-distribution-delta: 7.624466896057129
val/optimal-transport-distance: 30.619094848632812
val/sequence-labels-entropy: 1.576751947402954
val/target-sequence-labels-entropy: 1.4686938524246216
val/timestamps-bias-mean: 2.669337749481201
val/timestamps-current_influence: -0.008738874457776546
