date: '2025-04-09 19:40:22'
test/T-mAP: 0.2165868729352951
test/T-mAP-weighted: 0.26765817403793335
test/horizon-max-f-score: 0.3564365804195404
test/horizon-max-f-score-weighted: 0.4200488030910492
test/horizon-mean-time-step: 2.5143167972564697
test/loss: 5.062530040740967
test/loss_labels: 1.1550339460372925
test/loss_timestamps: 3.9074950218200684
test/mean-predicted-length: 9.81782054901123
test/mean-target-length: 8.919472694396973
test/next-item-accuracy: 0.5832024216651917
test/next-item-mae: 3.9821290969848633
test/next-item-map: 0.45474788546562195
test/next-item-map-weighted: 0.5840888023376465
test/next-item-max-f-score: 0.48716598749160767
test/next-item-max-f-score-weighted: 0.5955805778503418
test/next-item-mean-time-step: 27.685731887817383
test/next-item-rmse: 9.014487266540527
test/next-k-label-distribution-delta: 3.9997260570526123
test/optimal-transport-distance: 13.820764541625977
test/sequence-labels-entropy: 1.4655696153640747
test/target-sequence-labels-entropy: 1.4281508922576904
test/timestamps-bias-mean: 2.6351490020751953
test/timestamps-current_influence: -0.008738874457776546
val/T-mAP: 0.22183287143707275
val/T-mAP-weighted: 0.2729487419128418
val/horizon-max-f-score: 0.36295270919799805
val/horizon-max-f-score-weighted: 0.42629310488700867
val/horizon-mean-time-step: 2.508385181427002
val/loss: 6.227700233459473
val/loss_labels: 1.149678349494934
val/loss_timestamps: 5.078022003173828
val/mean-predicted-length: 9.779352188110352
val/mean-target-length: 9.000659942626953
val/next-item-accuracy: 0.5847696661949158
val/next-item-mae: 3.923330783843994
val/next-item-map: 0.4543195366859436
val/next-item-map-weighted: 0.5854271054267883
val/next-item-max-f-score: 0.4865301549434662
val/next-item-max-f-score-weighted: 0.5977412462234497
val/next-item-mean-time-step: 26.978492736816406
val/next-item-rmse: 8.937602043151855
val/next-k-label-distribution-delta: 3.9626336097717285
val/optimal-transport-distance: 13.712931632995605
val/sequence-labels-entropy: 1.4721213579177856
val/target-sequence-labels-entropy: 1.4385243654251099
val/timestamps-bias-mean: 2.669337749481201
val/timestamps-current_influence: -0.008738874457776546
