date: '2026-02-22 16:22:36'
test/T-mAP: 0.24343889951705933
test/T-mAP-weighted: 0.43831416964530945
test/horizon-max-f-score: 0.3104650378227234
test/horizon-max-f-score-weighted: 0.4765361249446869
test/horizon-mean-time-step: 0.7157279849052429
test/loss: 3.7564167976379395
test/loss_labels: 3.5043509006500244
test/loss_timestamps: 0.25206562876701355
test/mean-predicted-length: 14.043962478637695
test/mean-target-length: 19.20047378540039
test/next-item-accuracy: 0.26617705821990967
test/next-item-mae: 0.25116145610809326
test/next-item-map: 0.09498578310012817
test/next-item-map-weighted: 0.19873401522636414
test/next-item-max-f-score: 0.15831798315048218
test/next-item-max-f-score-weighted: 0.2853536009788513
test/next-item-mean-time-step: 0.5357618927955627
test/next-item-rmse: 0.3778401017189026
test/next-k-label-distribution-delta: 5.670193672180176
test/optimal-transport-distance: 6.7403364181518555
test/sequence-labels-entropy: 0.7403894066810608
test/target-sequence-labels-entropy: 1.075952172279358
val/T-mAP: 0.24418562650680542
val/T-mAP-weighted: 0.4313681423664093
val/horizon-max-f-score: 0.31445369124412537
val/horizon-max-f-score-weighted: 0.4717700481414795
val/horizon-mean-time-step: 0.7171010971069336
val/loss: 3.843996286392212
val/loss_labels: 3.589528799057007
val/loss_timestamps: 0.25446707010269165
val/mean-predicted-length: 13.993895530700684
val/mean-target-length: 19.335750579833984
val/next-item-accuracy: 0.2581065595149994
val/next-item-mae: 0.25348442792892456
val/next-item-map: 0.0946703776717186
val/next-item-map-weighted: 0.19226635992527008
val/next-item-max-f-score: 0.15835851430892944
val/next-item-max-f-score-weighted: 0.279649019241333
val/next-item-mean-time-step: 0.5311034321784973
val/next-item-rmse: 0.3787217438220978
val/next-k-label-distribution-delta: 5.726058483123779
val/optimal-transport-distance: 6.79848575592041
val/sequence-labels-entropy: 0.7195338606834412
val/target-sequence-labels-entropy: 1.059090495109558
