date: '2024-08-05 13:39:19'
test/detection-mAP: 0.10349268466234207
test/horizon-mean-time-step: 0.49212825298309326
test/loss: 2.330782651901245
test/loss_labels: 1.7263466119766235
test/loss_timestamps: 0.6044358015060425
test/mean-predicted-length: 15.881628036499023
test/mean-target-length: 15.583646774291992
test/next-item-accuracy: 0.4441879093647003
test/next-item-mae: 0.6645295023918152
test/next-item-mean-time-step: 0.8747907876968384
test/next-item-rmse: 1.1312729120254517
test/optimal-transport-distance: 13.798446655273438
val/detection-mAP: 0.10791394859552383
val/horizon-mean-time-step: 0.49819520115852356
val/loss: 2.296400785446167
val/loss_labels: 1.672829031944275
val/loss_timestamps: 0.6235719323158264
val/mean-predicted-length: 15.829817771911621
val/mean-target-length: 15.263496398925781
val/next-item-accuracy: 0.4641041159629822
val/next-item-mae: 0.6803345084190369
val/next-item-mean-time-step: 0.9046133160591125
val/next-item-rmse: 1.161128044128418
val/optimal-transport-distance: 13.637812614440918
