date: '2024-08-05 13:37:50'
test/detection-mAP: 0.07223052531480789
test/horizon-mean-time-step: 0.49285292625427246
test/loss: 2.3682150840759277
test/loss_labels: 1.7367544174194336
test/loss_timestamps: 0.6314606070518494
test/mean-predicted-length: 8.0
test/mean-target-length: 15.583646774291992
test/next-item-accuracy: 0.44406846165657043
test/next-item-mae: 0.6638574004173279
test/next-item-mean-time-step: 0.8745757937431335
test/next-item-rmse: 1.1295511722564697
val/detection-mAP: 0.07679244875907898
val/horizon-mean-time-step: 0.49882766604423523
val/loss: 2.334707021713257
val/loss_labels: 1.6850053071975708
val/loss_timestamps: 0.6497019529342651
val/mean-predicted-length: 8.0
val/mean-target-length: 15.263496398925781
val/next-item-accuracy: 0.4641854763031006
val/next-item-mae: 0.6791585087776184
val/next-item-mean-time-step: 0.9043113589286804
val/next-item-rmse: 1.1589655876159668
