date: '2024-08-05 13:37:04'
test/detection-mAP: 0.06691601127386093
test/horizon-mean-time-step: 0.5534180998802185
test/loss: 2.2894506454467773
test/loss_labels: 1.6633161306381226
test/loss_timestamps: 0.6261345744132996
test/mean-predicted-length: 5.0
test/mean-target-length: 15.583646774291992
test/next-item-accuracy: 0.45218950510025024
test/next-item-mae: 0.6414012312889099
test/next-item-mean-time-step: 0.8738565444946289
test/next-item-rmse: 1.0781090259552002
val/detection-mAP: 0.06668413430452347
val/horizon-mean-time-step: 0.5551424622535706
val/loss: 2.251408576965332
val/loss_labels: 1.610350489616394
val/loss_timestamps: 0.6410582065582275
val/mean-predicted-length: 5.0
val/mean-target-length: 15.263496398925781
val/next-item-accuracy: 0.4696359634399414
val/next-item-mae: 0.6560604572296143
val/next-item-mean-time-step: 0.90343177318573
val/next-item-rmse: 1.1051838397979736
