date: '2024-06-05 22:43:34'
test/detection-mAP: 0.10902374237775803
test/horizon-mean-time-step: 0.5507281422615051
test/loss: 2.3529880046844482
test/loss_labels: 1.7418115139007568
test/loss_timestamps: 0.611176609992981
test/mean-predicted-length: 11.920971870422363
test/mean-target-length: 15.583646774291992
test/next-item-accuracy: 0.4437499940395355
test/next-item-mae: 0.6521509885787964
test/next-item-mean-time-step: 0.8701956272125244
test/next-item-rmse: 1.090268611907959
test/optimal-transport-distance: 13.4517240524292
val/detection-mAP: 0.11866361647844315
val/horizon-mean-time-step: 0.5560067892074585
val/loss: 2.316493034362793
val/loss_labels: 1.6877520084381104
val/loss_timestamps: 0.6287410855293274
val/mean-predicted-length: 11.916696548461914
val/mean-target-length: 15.263496398925781
val/next-item-accuracy: 0.46394142508506775
val/next-item-mae: 0.6665791273117065
val/next-item-mean-time-step: 0.8992328643798828
val/next-item-rmse: 1.1175092458724976
val/optimal-transport-distance: 13.318647384643555
