date: '2024-08-09 10:35:18'
test/T-mAP: 0.06431452929973602
test/horizon-mean-time-step: 0.5659183263778687
test/loss: 2.272186756134033
test/loss_labels: 1.6364244222640991
test/loss_timestamps: 0.6357621550559998
test/mean-predicted-length: 3.0
test/mean-target-length: 15.583646774291992
test/next-item-accuracy: 0.453144907951355
test/next-item-mae: 0.6416249871253967
test/next-item-mean-time-step: 0.8722996711730957
test/next-item-rmse: 1.067954182624817
val/T-mAP: 0.06067916005849838
val/horizon-mean-time-step: 0.5653858184814453
val/loss: 2.2390356063842773
val/loss_labels: 1.5886703729629517
val/loss_timestamps: 0.6503655910491943
val/mean-predicted-length: 3.0
val/mean-target-length: 15.263496398925781
val/next-item-accuracy: 0.47130364179611206
val/next-item-mae: 0.6553395986557007
val/next-item-mean-time-step: 0.9010847806930542
val/next-item-rmse: 1.0936594009399414
