date: '2024-08-09 10:30:53'
test/T-mAP: 0.04778839647769928
test/horizon-mean-time-step: .nan
test/loss: 2.233814001083374
test/loss_labels: 1.5920549631118774
test/loss_timestamps: 0.6417590379714966
test/mean-predicted-length: 1.0
test/mean-target-length: 15.583646774291992
test/next-item-accuracy: 0.45449841022491455
test/next-item-mae: 0.6409103274345398
test/next-item-mean-time-step: 0.8734765648841858
test/next-item-rmse: 1.0682830810546875
val/T-mAP: 0.04386962950229645
val/horizon-mean-time-step: .nan
val/loss: 2.204505443572998
val/loss_labels: 1.547978162765503
val/loss_timestamps: 0.6565273404121399
val/mean-predicted-length: 1.0
val/mean-target-length: 15.263496398925781
val/next-item-accuracy: 0.4702867567539215
val/next-item-mae: 0.6538850665092468
val/next-item-mean-time-step: 0.9024361968040466
val/next-item-rmse: 1.0923408269882202
