date: '2024-08-05 13:36:20'
test/detection-mAP: 0.06203925237059593
test/horizon-mean-time-step: 0.5443639755249023
test/loss: 2.2877652645111084
test/loss_labels: 1.6585099697113037
test/loss_timestamps: 0.6292551755905151
test/mean-predicted-length: 4.0
test/mean-target-length: 15.583646774291992
test/next-item-accuracy: 0.453105092048645
test/next-item-mae: 0.6402609348297119
test/next-item-mean-time-step: 0.8730664849281311
test/next-item-rmse: 1.0777298212051392
val/detection-mAP: 0.06158646568655968
val/horizon-mean-time-step: 0.5456982851028442
val/loss: 2.251680612564087
val/loss_labels: 1.6076369285583496
val/loss_timestamps: 0.644043505191803
val/mean-predicted-length: 4.0
val/mean-target-length: 15.263496398925781
val/next-item-accuracy: 0.4696766436100006
val/next-item-mae: 0.6550095081329346
val/next-item-mean-time-step: 0.902584969997406
val/next-item-rmse: 1.10551118850708
