date: '2024-06-05 22:41:29'
test/detection-mAP: 0.07228043675422668
test/horizon-mean-time-step: 0.5918809175491333
test/loss: 2.375533103942871
test/loss_labels: 1.7419726848602295
test/loss_timestamps: 0.6335602402687073
test/mean-predicted-length: 5.0
test/mean-target-length: 15.583646774291992
test/next-item-accuracy: 0.44625794887542725
test/next-item-mae: 0.647027850151062
test/next-item-mean-time-step: 0.8714199066162109
test/next-item-rmse: 1.0789673328399658
val/detection-mAP: 0.07406163960695267
val/horizon-mean-time-step: 0.6004743576049805
val/loss: 2.3368780612945557
val/loss_labels: 1.688403606414795
val/loss_timestamps: 0.6484741568565369
val/mean-predicted-length: 5.0
val/mean-target-length: 15.263496398925781
val/next-item-accuracy: 0.46528372168540955
val/next-item-mae: 0.6621317267417908
val/next-item-mean-time-step: 0.9004058837890625
val/next-item-rmse: 1.1068681478500366
