date: '2024-06-05 22:39:18'
test/detection-mAP: 0.06434264779090881
test/horizon-mean-time-step: 0.5652809739112854
test/loss: 2.272294044494629
test/loss_labels: 1.6365437507629395
test/loss_timestamps: 0.6357502341270447
test/mean-predicted-length: 3.0
test/mean-target-length: 15.583646774291992
test/next-item-accuracy: 0.45318472385406494
test/next-item-mae: 0.6415865421295166
test/next-item-mean-time-step: 0.8721977472305298
test/next-item-rmse: 1.0670485496520996
val/detection-mAP: 0.06055095046758652
val/horizon-mean-time-step: 0.5647290945053101
val/loss: 2.239096164703369
val/loss_labels: 1.5887469053268433
val/loss_timestamps: 0.6503491401672363
val/mean-predicted-length: 3.0
val/mean-target-length: 15.263496398925781
val/next-item-accuracy: 0.47114095091819763
val/next-item-mae: 0.6553280353546143
val/next-item-mean-time-step: 0.9010301828384399
val/next-item-rmse: 1.093607783317566
