date: '2024-08-09 10:42:07'
test/T-mAP: 0.09091100096702576
test/horizon-mean-time-step: 0.5737287402153015
test/loss: 2.3654909133911133
test/loss_labels: 1.741777777671814
test/loss_timestamps: 0.6237131953239441
test/mean-predicted-length: 8.0
test/mean-target-length: 15.583646774291992
test/next-item-accuracy: 0.443869411945343
test/next-item-mae: 0.6493063569068909
test/next-item-mean-time-step: 0.86968594789505
test/next-item-rmse: 1.0831501483917236
val/T-mAP: 0.09515678882598877
val/horizon-mean-time-step: 0.5783909559249878
val/loss: 2.3294973373413086
val/loss_labels: 1.6891335248947144
val/loss_timestamps: 0.6403638124465942
val/mean-predicted-length: 8.0
val/mean-target-length: 15.263496398925781
val/next-item-accuracy: 0.4649176299571991
val/next-item-mae: 0.6639493107795715
val/next-item-mean-time-step: 0.8985018730163574
val/next-item-rmse: 1.1103627681732178
