date: '2024-08-05 13:40:05'
test/detection-mAP: 0.09115137904882431
test/horizon-mean-time-step: 0.4712935984134674
test/loss: 2.3052403926849365
test/loss_labels: 1.7211664915084839
test/loss_timestamps: 0.584074079990387
test/mean-predicted-length: 20.70988655090332
test/mean-target-length: 15.583646774291992
test/next-item-accuracy: 0.44458597898483276
test/next-item-mae: 0.6671321392059326
test/next-item-mean-time-step: 0.8741173148155212
test/next-item-rmse: 1.140207290649414
test/optimal-transport-distance: 13.904269218444824
val/detection-mAP: 0.10124203562736511
val/horizon-mean-time-step: 0.473219096660614
val/loss: 2.2702791690826416
val/loss_labels: 1.6659953594207764
val/loss_timestamps: 0.6042839288711548
val/mean-predicted-length: 20.654630661010742
val/mean-target-length: 15.263496398925781
val/next-item-accuracy: 0.4641447961330414
val/next-item-mae: 0.6836742162704468
val/next-item-mean-time-step: 0.9038028717041016
val/next-item-rmse: 1.17079758644104
val/optimal-transport-distance: 13.766724586486816
