date: '2024-08-09 10:39:48'
test/T-mAP: 0.07224977761507034
test/horizon-mean-time-step: 0.5914409756660461
test/loss: 2.3754990100860596
test/loss_labels: 1.7419747114181519
test/loss_timestamps: 0.6335240602493286
test/mean-predicted-length: 5.0
test/mean-target-length: 15.583646774291992
test/next-item-accuracy: 0.4460987150669098
test/next-item-mae: 0.6470427513122559
test/next-item-mean-time-step: 0.8715283274650574
test/next-item-rmse: 1.0800690650939941
val/T-mAP: 0.0740683376789093
val/horizon-mean-time-step: 0.6000133156776428
val/loss: 2.3368325233459473
val/loss_labels: 1.6883790493011475
val/loss_timestamps: 0.6484534740447998
val/mean-predicted-length: 5.0
val/mean-target-length: 15.263496398925781
val/next-item-accuracy: 0.46520236134529114
val/next-item-mae: 0.6621370315551758
val/next-item-mean-time-step: 0.9004591703414917
val/next-item-rmse: 1.1072646379470825
