date: '2024-08-09 10:33:08'
test/T-mAP: 0.05816856399178505
test/horizon-mean-time-step: 0.5606747269630432
test/loss: 2.2622435092926025
test/loss_labels: 1.6239497661590576
test/loss_timestamps: 0.6382937431335449
test/mean-predicted-length: 2.0
test/mean-target-length: 15.583646774291992
test/next-item-accuracy: 0.45417994260787964
test/next-item-mae: 0.6410009860992432
test/next-item-mean-time-step: 0.8722022175788879
test/next-item-rmse: 1.0675255060195923
val/T-mAP: 0.054579958319664
val/horizon-mean-time-step: 0.5637856125831604
val/loss: 2.230799436569214
val/loss_labels: 1.5772987604141235
val/loss_timestamps: 0.6535008549690247
val/mean-predicted-length: 2.0
val/mean-target-length: 15.263496398925781
val/next-item-accuracy: 0.4709375500679016
val/next-item-mae: 0.6541536450386047
val/next-item-mean-time-step: 0.9012933969497681
val/next-item-rmse: 1.0925122499465942
