date: '2024-08-09 10:46:47'
test/T-mAP: 0.12602153420448303
test/horizon-mean-time-step: 0.5650071501731873
test/loss: 2.342947244644165
test/loss_labels: 1.7417283058166504
test/loss_timestamps: 0.6012187600135803
test/mean-predicted-length: 15.178584098815918
test/mean-target-length: 15.583646774291992
test/next-item-accuracy: 0.44295382499694824
test/next-item-mae: 0.6516488194465637
test/next-item-mean-time-step: 0.8719852566719055
test/next-item-rmse: 1.0834670066833496
test/optimal-transport-distance: 13.401304244995117
val/T-mAP: 0.13498839735984802
val/horizon-mean-time-step: 0.5705762505531311
val/loss: 2.305372714996338
val/loss_labels: 1.686898946762085
val/loss_timestamps: 0.6184739470481873
val/mean-predicted-length: 15.11405086517334
val/mean-target-length: 15.263496398925781
val/next-item-accuracy: 0.4629245400428772
val/next-item-mae: 0.6653935313224792
val/next-item-mean-time-step: 0.901164174079895
val/next-item-rmse: 1.1095716953277588
val/optimal-transport-distance: 13.247044563293457
