date: '2024-06-05 22:37:12'
test/detection-mAP: 0.0475875586271286
test/horizon-mean-time-step: .nan
test/loss: 2.2339556217193604
test/loss_labels: 1.5921401977539062
test/loss_timestamps: 0.6418154239654541
test/mean-predicted-length: 1.0
test/mean-target-length: 15.583646774291992
test/next-item-accuracy: 0.45441877841949463
test/next-item-mae: 0.6408932209014893
test/next-item-mean-time-step: 0.873264729976654
test/next-item-rmse: 1.0674077272415161
val/detection-mAP: 0.043913017958402634
val/horizon-mean-time-step: .nan
val/loss: 2.204590082168579
val/loss_labels: 1.5479967594146729
val/loss_timestamps: 0.6565931439399719
val/mean-predicted-length: 1.0
val/mean-target-length: 15.263496398925781
val/next-item-accuracy: 0.47000202536582947
val/next-item-mae: 0.6539393067359924
val/next-item-mean-time-step: 0.9023309350013733
val/next-item-rmse: 1.0925060510635376
