date: '2024-06-05 22:42:35'
test/detection-mAP: 0.09064334630966187
test/horizon-mean-time-step: 0.5693806409835815
test/loss: 2.3654251098632812
test/loss_labels: 1.7419228553771973
test/loss_timestamps: 0.6235023140907288
test/mean-predicted-length: 8.0
test/mean-target-length: 15.583646774291992
test/next-item-accuracy: 0.44406846165657043
test/next-item-mae: 0.6492912769317627
test/next-item-mean-time-step: 0.8694043755531311
test/next-item-rmse: 1.0833497047424316
val/detection-mAP: 0.09485179930925369
val/horizon-mean-time-step: 0.573759913444519
val/loss: 2.3296406269073486
val/loss_labels: 1.689319133758545
val/loss_timestamps: 0.6403211355209351
val/mean-predicted-length: 8.0
val/mean-target-length: 15.263496398925781
val/next-item-accuracy: 0.4650396704673767
val/next-item-mae: 0.6641377210617065
val/next-item-mean-time-step: 0.8983060121536255
val/next-item-rmse: 1.1113665103912354
