date: '2024-08-05 13:38:35'
test/detection-mAP: 0.0886346772313118
test/horizon-mean-time-step: 0.49932804703712463
test/loss: 2.34491229057312
test/loss_labels: 1.7294317483901978
test/loss_timestamps: 0.6154802441596985
test/mean-predicted-length: 12.0
test/mean-target-length: 15.583646774291992
test/next-item-accuracy: 0.4442276954650879
test/next-item-mae: 0.6617538928985596
test/next-item-mean-time-step: 0.8731851577758789
test/next-item-rmse: 1.1269840002059937
test/optimal-transport-distance: 13.762389183044434
val/detection-mAP: 0.09419302642345428
val/horizon-mean-time-step: 0.504047691822052
val/loss: 2.310105562210083
val/loss_labels: 1.6761860847473145
val/loss_timestamps: 0.6339197158813477
val/mean-predicted-length: 12.0
val/mean-target-length: 15.263496398925781
val/next-item-accuracy: 0.4643888473510742
val/next-item-mae: 0.677216649055481
val/next-item-mean-time-step: 0.9029132723808289
val/next-item-rmse: 1.1559029817581177
val/optimal-transport-distance: 13.59906005859375
