date: '2024-08-09 10:37:30'
test/T-mAP: 0.06884864717721939
test/horizon-mean-time-step: 0.5599148869514465
test/loss: 2.304049253463745
test/loss_labels: 1.6695624589920044
test/loss_timestamps: 0.6344866752624512
test/mean-predicted-length: 4.0
test/mean-target-length: 15.583646774291992
test/next-item-accuracy: 0.4521496891975403
test/next-item-mae: 0.6449072360992432
test/next-item-mean-time-step: 0.8725946545600891
test/next-item-rmse: 1.0699940919876099
val/T-mAP: 0.06744997203350067
val/horizon-mean-time-step: 0.5594370365142822
val/loss: 2.2660233974456787
val/loss_labels: 1.617712140083313
val/loss_timestamps: 0.6483113169670105
val/mean-predicted-length: 4.0
val/mean-target-length: 15.263496398925781
val/next-item-accuracy: 0.469554603099823
val/next-item-mae: 0.6575717329978943
val/next-item-mean-time-step: 0.9015621542930603
val/next-item-rmse: 1.094016432762146
