date: '2024-06-05 22:40:22'
test/detection-mAP: 0.06854397803544998
test/horizon-mean-time-step: 0.5585880875587463
test/loss: 2.303739070892334
test/loss_labels: 1.6694400310516357
test/loss_timestamps: 0.6342991590499878
test/mean-predicted-length: 4.0
test/mean-target-length: 15.583646774291992
test/next-item-accuracy: 0.4523885250091553
test/next-item-mae: 0.6447314620018005
test/next-item-mean-time-step: 0.8725282549858093
test/next-item-rmse: 1.069420337677002
val/detection-mAP: 0.0673476979136467
val/horizon-mean-time-step: 0.5582814812660217
val/loss: 2.2657358646392822
val/loss_labels: 1.6175950765609741
val/loss_timestamps: 0.6481406688690186
val/mean-predicted-length: 4.0
val/mean-target-length: 15.263496398925781
val/next-item-accuracy: 0.469554603099823
val/next-item-mae: 0.6573997735977173
val/next-item-mean-time-step: 0.9015516638755798
val/next-item-rmse: 1.0942472219467163
