date: '2024-08-09 10:49:21'
test/T-mAP: 0.12177727371454239
test/horizon-mean-time-step: 0.5252009630203247
test/loss: 2.319546699523926
test/loss_labels: 1.7386572360992432
test/loss_timestamps: 0.5808896422386169
test/mean-predicted-length: 18.814231872558594
test/mean-target-length: 15.583646774291992
test/next-item-accuracy: 0.44227707386016846
test/next-item-mae: 0.6555821895599365
test/next-item-mean-time-step: 0.872809886932373
test/next-item-rmse: 1.1015530824661255
test/optimal-transport-distance: 13.566893577575684
val/T-mAP: 0.13115550577640533
val/horizon-mean-time-step: 0.5286330580711365
val/loss: 2.2830898761749268
val/loss_labels: 1.6835815906524658
val/loss_timestamps: 0.5995084047317505
val/mean-predicted-length: 18.758670806884766
val/mean-target-length: 15.263496398925781
val/next-item-accuracy: 0.4617449641227722
val/next-item-mae: 0.6710810661315918
val/next-item-mean-time-step: 0.9017646312713623
val/next-item-rmse: 1.1302082538604736
val/optimal-transport-distance: 13.427350044250488
