date: '2024-06-05 22:38:16'
test/detection-mAP: 0.05806596577167511
test/horizon-mean-time-step: 0.5595908164978027
test/loss: 2.2620291709899902
test/loss_labels: 1.6237879991531372
test/loss_timestamps: 0.6382411122322083
test/mean-predicted-length: 2.0
test/mean-target-length: 15.583646774291992
test/next-item-accuracy: 0.4541401267051697
test/next-item-mae: 0.6408765912055969
test/next-item-mean-time-step: 0.8720808029174805
test/next-item-rmse: 1.0668202638626099
val/detection-mAP: 0.05450398847460747
val/horizon-mean-time-step: 0.5626821517944336
val/loss: 2.23077130317688
val/loss_labels: 1.5773001909255981
val/loss_timestamps: 0.653471052646637
val/mean-predicted-length: 2.0
val/mean-target-length: 15.263496398925781
val/next-item-accuracy: 0.4711002707481384
val/next-item-mae: 0.6540898680686951
val/next-item-mean-time-step: 0.901180624961853
val/next-item-rmse: 1.092686414718628
