date: '2024-08-05 13:33:48'
test/detection-mAP: 0.046471916139125824
test/horizon-mean-time-step: .nan
test/loss: 2.240809679031372
test/loss_labels: 1.5999243259429932
test/loss_timestamps: 0.6408853530883789
test/mean-predicted-length: 1.0
test/mean-target-length: 15.583646774291992
test/next-item-accuracy: 0.45441877841949463
test/next-item-mae: 0.6400327086448669
test/next-item-mean-time-step: 0.8735971450805664
test/next-item-rmse: 1.0725953578948975
val/detection-mAP: 0.04326758161187172
val/horizon-mean-time-step: .nan
val/loss: 2.210963487625122
val/loss_labels: 1.55418062210083
val/loss_timestamps: 0.656782865524292
val/mean-predicted-length: 1.0
val/mean-target-length: 15.263496398925781
val/next-item-accuracy: 0.4711002707481384
val/next-item-mae: 0.6540969014167786
val/next-item-mean-time-step: 0.9032883048057556
val/next-item-rmse: 1.0983127355575562
