date: '2024-08-09 10:44:25'
test/T-mAP: 0.1092822253704071
test/horizon-mean-time-step: 0.5514764785766602
test/loss: 2.352961540222168
test/loss_labels: 1.7417713403701782
test/loss_timestamps: 0.6111900806427002
test/mean-predicted-length: 11.920629501342773
test/mean-target-length: 15.583646774291992
test/next-item-accuracy: 0.443670392036438
test/next-item-mae: 0.6521625518798828
test/next-item-mean-time-step: 0.8702641129493713
test/next-item-rmse: 1.0905991792678833
test/optimal-transport-distance: 13.44753360748291
val/T-mAP: 0.11898381263017654
val/horizon-mean-time-step: 0.5567589402198792
val/loss: 2.316441059112549
val/loss_labels: 1.6877065896987915
val/loss_timestamps: 0.6287344694137573
val/mean-predicted-length: 11.915266036987305
val/mean-target-length: 15.263496398925781
val/next-item-accuracy: 0.46398210525512695
val/next-item-mae: 0.6665221452713013
val/next-item-mean-time-step: 0.8992648124694824
val/next-item-rmse: 1.1171890497207642
val/optimal-transport-distance: 13.315049171447754
