date: '2024-08-09 11:08:34'
test/T-mAP: 0.14888447523117065
test/horizon-mean-time-step: 0.8216618895530701
test/loss: 2.4046897888183594
test/loss_labels: 1.6896218061447144
test/loss_timestamps: 0.7150677442550659
test/mean-predicted-length: 11.806363105773926
test/mean-target-length: 15.583646774291992
test/next-item-accuracy: 0.44689491391181946
test/next-item-mae: 0.6937904953956604
test/next-item-mean-time-step: 0.8767299056053162
test/next-item-rmse: 1.0339202880859375
test/optimal-transport-distance: 13.154021263122559
test/timestamps-bias-mean: 0.30001333355903625
test/timestamps-current_influence: -0.09147028625011444
val/T-mAP: 0.15303117036819458
val/horizon-mean-time-step: 0.8263536691665649
val/loss: 2.3912291526794434
val/loss_labels: 1.6322523355484009
val/loss_timestamps: 0.758976936340332
val/mean-predicted-length: 11.770468711853027
val/mean-target-length: 15.263496398925781
val/next-item-accuracy: 0.46601587533950806
val/next-item-mae: 0.7008192539215088
val/next-item-mean-time-step: 0.9043023586273193
val/next-item-rmse: 1.052660584449768
val/optimal-transport-distance: 12.92272663116455
val/timestamps-bias-mean: 0.2816542387008667
val/timestamps-current_influence: -0.09147028625011444
