date: '2024-08-09 11:03:37'
test/T-mAP: 0.1358894407749176
test/horizon-mean-time-step: 0.8618689775466919
test/loss: 2.4318666458129883
test/loss_labels: 1.6794013977050781
test/loss_timestamps: 0.7524653077125549
test/mean-predicted-length: 7.942866802215576
test/mean-target-length: 15.583646774291992
test/next-item-accuracy: 0.44976115226745605
test/next-item-mae: 0.711702823638916
test/next-item-mean-time-step: 0.8782374858856201
test/next-item-rmse: 1.0403777360916138
test/timestamps-bias-mean: 0.2354108691215515
test/timestamps-current_influence: -0.08532354980707169
val/T-mAP: 0.13641737401485443
val/horizon-mean-time-step: 0.8643866181373596
val/loss: 2.4191746711730957
val/loss_labels: 1.6245373487472534
val/loss_timestamps: 0.7946377992630005
val/mean-predicted-length: 7.944225788116455
val/mean-target-length: 15.263496398925781
val/next-item-accuracy: 0.4690258204936981
val/next-item-mae: 0.7180750966072083
val/next-item-mean-time-step: 0.9059320688247681
val/next-item-rmse: 1.0547665357589722
val/timestamps-bias-mean: 0.21741962432861328
val/timestamps-current_influence: -0.08532354980707169
