date: '2024-06-05 22:54:07'
test/detection-mAP: 0.14338000118732452
test/horizon-mean-time-step: 0.783166766166687
test/loss: 2.426177740097046
test/loss_labels: 1.7359795570373535
test/loss_timestamps: 0.6901981830596924
test/mean-predicted-length: 13.223742485046387
test/mean-target-length: 15.583646774291992
test/next-item-accuracy: 0.4391719698905945
test/next-item-mae: 0.6963678002357483
test/next-item-mean-time-step: 0.8754379153251648
test/next-item-rmse: 1.0459282398223877
test/optimal-transport-distance: 13.194192886352539
test/timestamps-bias-mean: 0.36222973465919495
test/timestamps-current_influence: -0.1070636436343193
val/detection-mAP: 0.1550818383693695
val/horizon-mean-time-step: 0.7894024848937988
val/loss: 2.4154176712036133
val/loss_labels: 1.6819621324539185
val/loss_timestamps: 0.7334555983543396
val/mean-predicted-length: 13.044333457946777
val/mean-target-length: 15.263496398925781
val/next-item-accuracy: 0.4558063745498657
val/next-item-mae: 0.7083576321601868
val/next-item-mean-time-step: 0.9037653207778931
val/next-item-rmse: 1.0665761232376099
val/optimal-transport-distance: 13.025157928466797
val/timestamps-bias-mean: 0.34579408168792725
val/timestamps-current_influence: -0.1070636436343193
