date: '2024-08-09 11:01:14'
test/T-mAP: 0.10554730147123337
test/horizon-mean-time-step: 0.8653086423873901
test/loss: 2.448467969894409
test/loss_labels: 1.6788312196731567
test/loss_timestamps: 0.769636869430542
test/mean-predicted-length: 5.0
test/mean-target-length: 15.583646774291992
test/next-item-accuracy: 0.4513933062553406
test/next-item-mae: 0.715116024017334
test/next-item-mean-time-step: 0.8805347681045532
test/next-item-rmse: 1.0393682718276978
test/timestamps-bias-mean: 0.21527895331382751
test/timestamps-current_influence: -0.08266789466142654
val/T-mAP: 0.10348589718341827
val/horizon-mean-time-step: 0.8730903267860413
val/loss: 2.4352023601531982
val/loss_labels: 1.626142144203186
val/loss_timestamps: 0.8090597987174988
val/mean-predicted-length: 5.0
val/mean-target-length: 15.263496398925781
val/next-item-accuracy: 0.46861907839775085
val/next-item-mae: 0.7202000021934509
val/next-item-mean-time-step: 0.9080210328102112
val/next-item-rmse: 1.053961992263794
val/timestamps-bias-mean: 0.19894848763942719
val/timestamps-current_influence: -0.08266789466142654
