date: '2024-08-05 13:47:09'
test/detection-mAP: 0.11815449595451355
test/horizon-mean-time-step: 0.7623404264450073
test/loss: 2.4336495399475098
test/loss_labels: 1.7173526287078857
test/loss_timestamps: 0.7162969708442688
test/mean-predicted-length: 12.618885040283203
test/mean-target-length: 15.583646774291992
test/next-item-accuracy: 0.44438692927360535
test/next-item-mae: 0.7059704065322876
test/next-item-mean-time-step: 0.8798298835754395
test/next-item-rmse: 1.0712400674819946
test/optimal-transport-distance: 13.462601661682129
test/timestamps-bias-mean: 0.3692905008792877
test/timestamps-current_influence: -0.12555405497550964
val/detection-mAP: 0.12730468809604645
val/horizon-mean-time-step: 0.7632315158843994
val/loss: 2.4186155796051025
val/loss_labels: 1.6626709699630737
val/loss_timestamps: 0.7559443712234497
val/mean-predicted-length: 12.565606117248535
val/mean-target-length: 15.263496398925781
val/next-item-accuracy: 0.46406346559524536
val/next-item-mae: 0.7132529020309448
val/next-item-mean-time-step: 0.9085896611213684
val/next-item-rmse: 1.095982313156128
val/optimal-transport-distance: 13.205952644348145
val/timestamps-bias-mean: 0.3662702143192291
val/timestamps-current_influence: -0.12555405497550964
