date: '2024-06-05 22:46:22'
test/detection-mAP: 0.054460909217596054
test/horizon-mean-time-step: .nan
test/loss: 2.3680953979492188
test/loss_labels: 1.5896857976913452
test/loss_timestamps: 0.7784097194671631
test/mean-predicted-length: 1.0
test/mean-target-length: 15.583646774291992
test/next-item-accuracy: 0.4542197585105896
test/next-item-mae: 0.6988384127616882
test/next-item-mean-time-step: 0.8790846467018127
test/next-item-rmse: 1.0303528308868408
test/timestamps-bias-mean: 0.25326526165008545
test/timestamps-current_influence: -0.06861470639705658
val/detection-mAP: 0.049958761781454086
val/horizon-mean-time-step: .nan
val/loss: 2.3665108680725098
val/loss_labels: 1.5476405620574951
val/loss_timestamps: 0.8188702464103699
val/mean-predicted-length: 1.0
val/mean-target-length: 15.263496398925781
val/next-item-accuracy: 0.4703681170940399
val/next-item-mae: 0.7090038657188416
val/next-item-mean-time-step: 0.9075831770896912
val/next-item-rmse: 1.0499593019485474
val/timestamps-bias-mean: 0.22898021340370178
val/timestamps-current_influence: -0.06861470639705658
