date: '2024-06-05 22:48:17'
test/detection-mAP: 0.0832759216427803
test/horizon-mean-time-step: 0.8860908150672913
test/loss: 2.4405999183654785
test/loss_labels: 1.659395694732666
test/loss_timestamps: 0.7812042832374573
test/mean-predicted-length: 3.0
test/mean-target-length: 15.583646774291992
test/next-item-accuracy: 0.45254775881767273
test/next-item-mae: 0.7159203290939331
test/next-item-mean-time-step: 0.8807286024093628
test/next-item-rmse: 1.0371907949447632
test/timestamps-bias-mean: 0.19546733796596527
test/timestamps-current_influence: -0.08003732562065125
val/detection-mAP: 0.08079519867897034
val/horizon-mean-time-step: 0.884224534034729
val/loss: 2.429502487182617
val/loss_labels: 1.6091527938842773
val/loss_timestamps: 0.8203495740890503
val/mean-predicted-length: 3.0
val/mean-target-length: 15.263496398925781
val/next-item-accuracy: 0.4695952832698822
val/next-item-mae: 0.7255504131317139
val/next-item-mean-time-step: 0.9089422225952148
val/next-item-rmse: 1.05704665184021
val/timestamps-bias-mean: 0.178972065448761
val/timestamps-current_influence: -0.08003732562065125
