date: '2024-06-05 22:52:06'
test/detection-mAP: 0.15162764489650726
test/horizon-mean-time-step: 0.8537101745605469
test/loss: 2.4189071655273438
test/loss_labels: 1.6841062307357788
test/loss_timestamps: 0.7348006367683411
test/mean-predicted-length: 10.420116424560547
test/mean-target-length: 15.583646774291992
test/next-item-accuracy: 0.4488455355167389
test/next-item-mae: 0.706338107585907
test/next-item-mean-time-step: 0.8775953650474548
test/next-item-rmse: 1.035843849182129
test/optimal-transport-distance: 13.192495346069336
test/timestamps-bias-mean: 0.2508956789970398
test/timestamps-current_influence: -0.08799324929714203
val/detection-mAP: 0.1512518972158432
val/horizon-mean-time-step: 0.8550207614898682
val/loss: 2.4068238735198975
val/loss_labels: 1.6293940544128418
val/loss_timestamps: 0.7774298787117004
val/mean-predicted-length: 10.41401481628418
val/mean-target-length: 15.263496398925781
val/next-item-accuracy: 0.4676021933555603
val/next-item-mae: 0.7160294651985168
val/next-item-mean-time-step: 0.9058668613433838
val/next-item-rmse: 1.0551460981369019
val/optimal-transport-distance: 13.00049114227295
val/timestamps-bias-mean: 0.2341640442609787
val/timestamps-current_influence: -0.08799324929714203
