date: '2024-08-09 10:56:29'
test/T-mAP: 0.08236899971961975
test/horizon-mean-time-step: 0.8807209134101868
test/loss: 2.440030813217163
test/loss_labels: 1.6593014001846313
test/loss_timestamps: 0.7807292938232422
test/mean-predicted-length: 3.0
test/mean-target-length: 15.583646774291992
test/next-item-accuracy: 0.4529856741428375
test/next-item-mae: 0.7173328995704651
test/next-item-mean-time-step: 0.88173907995224
test/next-item-rmse: 1.0391874313354492
test/timestamps-bias-mean: 0.1972741037607193
test/timestamps-current_influence: -0.07992924004793167
val/T-mAP: 0.0801595151424408
val/horizon-mean-time-step: 0.8859744668006897
val/loss: 2.428802490234375
val/loss_labels: 1.6088120937347412
val/loss_timestamps: 0.8199902176856995
val/mean-predicted-length: 3.0
val/mean-target-length: 15.263496398925781
val/next-item-accuracy: 0.4701240658760071
val/next-item-mae: 0.7236852049827576
val/next-item-mean-time-step: 0.9098616242408752
val/next-item-rmse: 1.0551776885986328
val/timestamps-bias-mean: 0.18053799867630005
val/timestamps-current_influence: -0.07992924004793167
