date: '2024-08-09 10:54:10'
test/T-mAP: 0.06889614462852478
test/horizon-mean-time-step: 0.8486195206642151
test/loss: 2.4011616706848145
test/loss_labels: 1.6254814863204956
test/loss_timestamps: 0.7756800651550293
test/mean-predicted-length: 2.0
test/mean-target-length: 15.583646774291992
test/next-item-accuracy: 0.45406049489974976
test/next-item-mae: 0.7029486298561096
test/next-item-mean-time-step: 0.8804606199264526
test/next-item-rmse: 1.0341684818267822
test/timestamps-bias-mean: 0.24953700602054596
test/timestamps-current_influence: -0.07423801720142365
val/T-mAP: 0.0657346248626709
val/horizon-mean-time-step: 0.8529211282730103
val/loss: 2.394749164581299
val/loss_labels: 1.5783823728561401
val/loss_timestamps: 0.8163668513298035
val/mean-predicted-length: 2.0
val/mean-target-length: 15.263496398925781
val/next-item-accuracy: 0.4715476930141449
val/next-item-mae: 0.7086132168769836
val/next-item-mean-time-step: 0.9084083437919617
val/next-item-rmse: 1.0494295358657837
val/timestamps-bias-mean: 0.2293436974287033
val/timestamps-current_influence: -0.07423801720142365
