date: '2024-08-09 11:11:07'
test/T-mAP: 0.1434439867734909
test/horizon-mean-time-step: 0.7803186774253845
test/loss: 2.4253177642822266
test/loss_labels: 1.7356703281402588
test/loss_timestamps: 0.6896474957466125
test/mean-predicted-length: 13.278139114379883
test/mean-target-length: 15.583646774291992
test/next-item-accuracy: 0.43511146306991577
test/next-item-mae: 0.6959088444709778
test/next-item-mean-time-step: 0.8756231069564819
test/next-item-rmse: 1.0481083393096924
test/optimal-transport-distance: 13.195554733276367
test/timestamps-bias-mean: 0.3632566034793854
test/timestamps-current_influence: -0.10567949712276459
val/T-mAP: 0.1541818231344223
val/horizon-mean-time-step: 0.7864766716957092
val/loss: 2.41483473777771
val/loss_labels: 1.6819978952407837
val/loss_timestamps: 0.7328369617462158
val/mean-predicted-length: 13.130854606628418
val/mean-target-length: 15.263496398925781
val/next-item-accuracy: 0.45125076174736023
val/next-item-mae: 0.7044424414634705
val/next-item-mean-time-step: 0.9036082029342651
val/next-item-rmse: 1.0649973154067993
val/optimal-transport-distance: 13.01190185546875
val/timestamps-bias-mean: 0.34780678153038025
val/timestamps-current_influence: -0.10567949712276459
