date: '2024-06-05 22:47:20'
test/detection-mAP: 0.06678925454616547
test/horizon-mean-time-step: 0.8229057788848877
test/loss: 2.395040512084961
test/loss_labels: 1.6203696727752686
test/loss_timestamps: 0.7746705412864685
test/mean-predicted-length: 2.0
test/mean-target-length: 15.583646774291992
test/next-item-accuracy: 0.45493629574775696
test/next-item-mae: 0.6916593909263611
test/next-item-mean-time-step: 0.8781948685646057
test/next-item-rmse: 1.0301895141601562
test/timestamps-bias-mean: 0.2949765622615814
test/timestamps-current_influence: -0.07353680580854416
val/detection-mAP: 0.06545433402061462
val/horizon-mean-time-step: 0.822587788105011
val/loss: 2.3893702030181885
val/loss_labels: 1.573550820350647
val/loss_timestamps: 0.815819263458252
val/mean-predicted-length: 2.0
val/mean-target-length: 15.263496398925781
val/next-item-accuracy: 0.47118160128593445
val/next-item-mae: 0.7015554904937744
val/next-item-mean-time-step: 0.9066987037658691
val/next-item-rmse: 1.049777865409851
val/timestamps-bias-mean: 0.27372536063194275
val/timestamps-current_influence: -0.07353680580854416
