date: '2024-08-05 13:43:14'
test/detection-mAP: 0.08356865495443344
test/horizon-mean-time-step: 0.8392558097839355
test/loss: 2.437499761581421
test/loss_labels: 1.6722396612167358
test/loss_timestamps: 0.7652601003646851
test/mean-predicted-length: 4.0
test/mean-target-length: 15.583646774291992
test/next-item-accuracy: 0.4510350227355957
test/next-item-mae: 0.6963092684745789
test/next-item-mean-time-step: 0.8803917169570923
test/next-item-rmse: 1.0333536863327026
test/timestamps-bias-mean: 0.291431725025177
test/timestamps-current_influence: -0.08567917346954346
val/detection-mAP: 0.08358339965343475
val/horizon-mean-time-step: 0.8401802778244019
val/loss: 2.427922010421753
val/loss_labels: 1.621987223625183
val/loss_timestamps: 0.8059347867965698
val/mean-predicted-length: 4.0
val/mean-target-length: 15.263496398925781
val/next-item-accuracy: 0.46800893545150757
val/next-item-mae: 0.7041500806808472
val/next-item-mean-time-step: 0.9094914197921753
val/next-item-rmse: 1.0542463064193726
val/timestamps-bias-mean: 0.2714581787586212
val/timestamps-current_influence: -0.08567917346954346
