date: '2024-08-09 11:06:09'
test/T-mAP: 0.14992958307266235
test/horizon-mean-time-step: 0.8515862822532654
test/loss: 2.4187519550323486
test/loss_labels: 1.6840320825576782
test/loss_timestamps: 0.7347195744514465
test/mean-predicted-length: 10.43345832824707
test/mean-target-length: 15.583646774291992
test/next-item-accuracy: 0.44900476932525635
test/next-item-mae: 0.7071858048439026
test/next-item-mean-time-step: 0.8785662055015564
test/next-item-rmse: 1.0357983112335205
test/optimal-transport-distance: 13.206581115722656
test/timestamps-bias-mean: 0.2514362335205078
test/timestamps-current_influence: -0.08795471489429474
val/T-mAP: 0.15112507343292236
val/horizon-mean-time-step: 0.8531753420829773
val/loss: 2.406710624694824
val/loss_labels: 1.6293636560440063
val/loss_timestamps: 0.7773470878601074
val/mean-predicted-length: 10.445477485656738
val/mean-target-length: 15.263496398925781
val/next-item-accuracy: 0.4677242338657379
val/next-item-mae: 0.7132542133331299
val/next-item-mean-time-step: 0.9060938358306885
val/next-item-rmse: 1.0531442165374756
val/optimal-transport-distance: 12.970685958862305
val/timestamps-bias-mean: 0.23470711708068848
val/timestamps-current_influence: -0.08795471489429474
