date: '2024-08-05 13:45:33'
test/detection-mAP: 0.12226346135139465
test/horizon-mean-time-step: 0.7918139696121216
test/loss: 2.495030164718628
test/loss_labels: 1.730185627937317
test/loss_timestamps: 0.764844536781311
test/mean-predicted-length: 11.48580265045166
test/mean-target-length: 15.583646774291992
test/next-item-accuracy: 0.4433121085166931
test/next-item-mae: 0.7052178978919983
test/next-item-mean-time-step: 0.8807132840156555
test/next-item-rmse: 1.0667741298675537
test/optimal-transport-distance: 13.397787094116211
test/timestamps-bias-mean: 0.35227543115615845
test/timestamps-current_influence: -0.12889912724494934
val/detection-mAP: 0.13199391961097717
val/horizon-mean-time-step: 0.7929184436798096
val/loss: 2.482257604598999
val/loss_labels: 1.6767959594726562
val/loss_timestamps: 0.8054617047309875
val/mean-predicted-length: 11.479442596435547
val/mean-target-length: 15.263496398925781
val/next-item-accuracy: 0.46341264247894287
val/next-item-mae: 0.7114310264587402
val/next-item-mean-time-step: 0.9096503853797913
val/next-item-rmse: 1.0902711153030396
val/optimal-transport-distance: 13.160744667053223
val/timestamps-bias-mean: 0.3497089445590973
val/timestamps-current_influence: -0.12889912724494934
