date: '2024-06-05 22:51:07'
test/detection-mAP: 0.13594338297843933
test/horizon-mean-time-step: 0.8643079996109009
test/loss: 2.4319894313812256
test/loss_labels: 1.6796175241470337
test/loss_timestamps: 0.7523720860481262
test/mean-predicted-length: 7.9322614669799805
test/mean-target-length: 15.583646774291992
test/next-item-accuracy: 0.44988057017326355
test/next-item-mae: 0.7095508575439453
test/next-item-mean-time-step: 0.8776443600654602
test/next-item-rmse: 1.0372905731201172
test/timestamps-bias-mean: 0.23590907454490662
test/timestamps-current_influence: -0.08524084836244583
val/detection-mAP: 0.1370210200548172
val/horizon-mean-time-step: 0.8655311465263367
val/loss: 2.419072151184082
val/loss_labels: 1.624545931816101
val/loss_timestamps: 0.7945262789726257
val/mean-predicted-length: 7.940293312072754
val/mean-target-length: 15.263496398925781
val/next-item-accuracy: 0.4688224494457245
val/next-item-mae: 0.7192373275756836
val/next-item-mean-time-step: 0.9057885408401489
val/next-item-rmse: 1.0564292669296265
val/timestamps-bias-mean: 0.21788254380226135
val/timestamps-current_influence: -0.08524084836244583
