date: '2024-08-09 10:51:40'
test/T-mAP: 0.05377082899212837
test/horizon-mean-time-step: .nan
test/loss: 2.3679747581481934
test/loss_labels: 1.5895521640777588
test/loss_timestamps: 0.7784225344657898
test/mean-predicted-length: 1.0
test/mean-target-length: 15.583646774291992
test/next-item-accuracy: 0.4542197585105896
test/next-item-mae: 0.7003147602081299
test/next-item-mean-time-step: 0.880164623260498
test/next-item-rmse: 1.0320035219192505
test/timestamps-bias-mean: 0.25436803698539734
test/timestamps-current_influence: -0.06887774914503098
val/T-mAP: 0.050015952438116074
val/horizon-mean-time-step: .nan
val/loss: 2.3665192127227783
val/loss_labels: 1.5476360321044922
val/loss_timestamps: 0.8188830614089966
val/mean-predicted-length: 1.0
val/mean-target-length: 15.263496398925781
val/next-item-accuracy: 0.47049012780189514
val/next-item-mae: 0.7071300148963928
val/next-item-mean-time-step: 0.9079384803771973
val/next-item-rmse: 1.0475882291793823
val/timestamps-bias-mean: 0.23015005886554718
val/timestamps-current_influence: -0.06887774914503098
