date: '2024-08-09 10:58:52'
test/T-mAP: 0.094548799097538
test/horizon-mean-time-step: 0.8326800465583801
test/loss: 2.414022207260132
test/loss_labels: 1.6487716436386108
test/loss_timestamps: 0.7652507424354553
test/mean-predicted-length: 4.0
test/mean-target-length: 15.583646774291992
test/next-item-accuracy: 0.45330414175987244
test/next-item-mae: 0.6997721195220947
test/next-item-mean-time-step: 0.8781026601791382
test/next-item-rmse: 1.0337649583816528
test/timestamps-bias-mean: 0.27258333563804626
test/timestamps-current_influence: -0.07826051861047745
val/T-mAP: 0.08904311060905457
val/horizon-mean-time-step: 0.8368440270423889
val/loss: 2.404322862625122
val/loss_labels: 1.598329782485962
val/loss_timestamps: 0.8059929013252258
val/mean-predicted-length: 4.0
val/mean-target-length: 15.263496398925781
val/next-item-accuracy: 0.4696359634399414
val/next-item-mae: 0.7051903605461121
val/next-item-mean-time-step: 0.9055452942848206
val/next-item-rmse: 1.0487751960754395
val/timestamps-bias-mean: 0.2521960735321045
val/timestamps-current_influence: -0.07826051861047745
