date: '2025-12-14 23:16:48'
test/T-mAP: 0.13243478536605835
test/T-mAP-weighted: 0.44643205404281616
test/horizon-max-f-score: 0.19007383286952972
test/horizon-max-f-score-weighted: 0.48466071486473083
test/horizon-mean-time-step: 0.48117685317993164
test/loss: 2.3974788188934326
test/loss_labels: 1.7350027561187744
test/loss_timestamps: 0.6624757647514343
test/mean-predicted-length: 19.772493362426758
test/mean-target-length: 15.583646774291992
test/next-item-accuracy: 0.43622612953186035
test/next-item-mae: 0.6611026525497437
test/next-item-map: 0.10936276614665985
test/next-item-map-weighted: 0.3293127715587616
test/next-item-max-f-score: 0.16649365425109863
test/next-item-max-f-score-weighted: 0.4275211691856384
test/next-item-mean-time-step: 0.8896400332450867
test/next-item-rmse: 1.0755053758621216
test/next-k-label-distribution-delta: 9.869312286376953
test/optimal-transport-distance: 13.405263900756836
test/sequence-labels-entropy: 0.2923286259174347
test/target-sequence-labels-entropy: 1.4227653741836548
val/T-mAP: 0.1399456113576889
val/T-mAP-weighted: 0.4550389349460602
val/horizon-max-f-score: 0.20266810059547424
val/horizon-max-f-score-weighted: 0.489581823348999
val/horizon-mean-time-step: 0.4907667636871338
val/loss: 2.3634626865386963
val/loss_labels: 1.684858798980713
val/loss_timestamps: 0.6786040663719177
val/mean-predicted-length: 19.409725189208984
val/mean-target-length: 15.263496398925781
val/next-item-accuracy: 0.45210495591163635
val/next-item-mae: 0.6754974722862244
val/next-item-map: 0.11248615384101868
val/next-item-map-weighted: 0.3440534174442291
val/next-item-max-f-score: 0.16819153726100922
val/next-item-max-f-score-weighted: 0.4419594407081604
val/next-item-mean-time-step: 0.9171677827835083
val/next-item-rmse: 1.1015421152114868
val/next-k-label-distribution-delta: 9.565248489379883
val/optimal-transport-distance: 13.285514831542969
val/sequence-labels-entropy: 0.2785152196884155
val/target-sequence-labels-entropy: 1.3858129978179932
