date: '2024-10-01 11:33:28'
test/T-mAP: 0.5875105261802673
test/T-mAP-micro: 0.7288101315498352
test/horizon-mean-time-step: 1.5574370622634888
test/loss: 9.120649337768555
test/loss__presence: 0.1503274142742157
test/loss_labels: 0.4982363283634186
test/loss_timestamps: 8.472085952758789
test/match_cost_mean: -6.697440147399902
test/match_cost_std: 8.51649284362793
test/max_cost: 105.96871948242188
test/mean-predicted-length: 19.928361892700195
test/mean-target-length: 21.358747482299805
test/next-item-accuracy: 0.5972138047218323
test/next-item-mae: 18.246849060058594
test/next-item-map: 0.45749542117118835
test/next-item-map-micro: 0.6066246628761292
test/next-item-mean-time-step: 30.489437103271484
test/next-item-rmse: 33.11384582519531
test/next-k-label-distribution-delta: 3.3458564281463623
test/optimal-transport-distance: 133.42807006835938
test/prediction_match_rate: 0.21663260459899902
test/sequence-labels-entropy: 0.4301222264766693
test/target_match_rate: 1.0
val/T-mAP: 0.6265787482261658
val/T-mAP-micro: 0.7322695851325989
val/horizon-mean-time-step: 1.5544551610946655
val/loss: 8.848249435424805
val/loss__presence: 0.15003493428230286
val/loss_labels: 0.5004298090934753
val/loss_timestamps: 8.197785377502441
val/match_cost_mean: -6.525200843811035
val/match_cost_std: 8.486891746520996
val/max_cost: 106.15887451171875
val/mean-predicted-length: 18.976743698120117
val/mean-target-length: 20.682857513427734
val/next-item-accuracy: 0.601877748966217
val/next-item-mae: 18.498790740966797
val/next-item-map: 0.4753448963165283
val/next-item-map-micro: 0.6106334328651428
val/next-item-mean-time-step: 31.231468200683594
val/next-item-rmse: 33.309051513671875
val/next-k-label-distribution-delta: 3.3694674968719482
val/optimal-transport-distance: 136.8411102294922
val/prediction_match_rate: 0.21377524733543396
val/sequence-labels-entropy: 0.4299415349960327
val/target_match_rate: 1.0
