date: '2024-10-01 12:28:40'
test/T-mAP: 0.4805023968219757
test/T-mAP-micro: 0.6067411303520203
test/horizon-mean-time-step: 0.7718840837478638
test/loss: 6.8938069343566895
test/loss__presence: 0.13410818576812744
test/loss_labels: 0.4706161320209503
test/loss_timestamps: 6.289082050323486
test/match_cost_mean: -4.374907970428467
test/match_cost_std: 8.18435287475586
test/max_cost: 75.6503677368164
test/mean-predicted-length: 41.201290130615234
test/mean-target-length: 21.358747482299805
test/next-item-accuracy: 0.5869401097297668
test/next-item-mae: 20.380659103393555
test/next-item-map: 0.43579933047294617
test/next-item-map-micro: 0.5942575931549072
test/next-item-mean-time-step: 31.33147621154785
test/next-item-rmse: 35.399837493896484
test/next-k-label-distribution-delta: 4.151749610900879
test/optimal-transport-distance: 153.69895935058594
test/prediction_match_rate: 0.13992567360401154
test/sequence-labels-entropy: 0.44078391790390015
test/target_match_rate: 1.0
val/T-mAP: 0.5063011050224304
val/T-mAP-micro: 0.6032453775405884
val/horizon-mean-time-step: 0.7724696397781372
val/loss: 6.898941516876221
val/loss__presence: 0.12865698337554932
val/loss_labels: 0.47539079189300537
val/loss_timestamps: 6.294893264770508
val/match_cost_mean: -4.562047958374023
val/match_cost_std: 8.08200454711914
val/max_cost: 75.7933578491211
val/mean-predicted-length: 38.51031494140625
val/mean-target-length: 20.682857513427734
val/next-item-accuracy: 0.5886416435241699
val/next-item-mae: 20.667034149169922
val/next-item-map: 0.4504784345626831
val/next-item-map-micro: 0.5963518619537354
val/next-item-mean-time-step: 32.07895278930664
val/next-item-rmse: 35.631290435791016
val/next-k-label-distribution-delta: 4.155663967132568
val/optimal-transport-distance: 154.75729370117188
val/prediction_match_rate: 0.1353486031293869
val/sequence-labels-entropy: 0.4366930425167084
val/target_match_rate: 1.0
