date: '2024-10-01 11:22:10'
test/T-mAP: 0.5826366543769836
test/T-mAP-micro: 0.7218756675720215
test/horizon-mean-time-step: 1.9626363515853882
test/loss: 10.696426391601562
test/loss__presence: 0.15452377498149872
test/loss_labels: 0.5176616311073303
test/loss_timestamps: 10.024243354797363
test/match_cost_mean: -7.874472141265869
test/match_cost_std: 8.776494026184082
test/max_cost: 85.37813568115234
test/mean-predicted-length: 17.01436424255371
test/mean-target-length: 21.358747482299805
test/next-item-accuracy: 0.5967299342155457
test/next-item-mae: 18.2958984375
test/next-item-map: 0.461895614862442
test/next-item-map-micro: 0.6091285347938538
test/next-item-mean-time-step: 30.584646224975586
test/next-item-rmse: 32.86627197265625
test/next-k-label-distribution-delta: 3.50276255607605
test/optimal-transport-distance: 136.45950317382812
test/prediction_match_rate: 0.25081613659858704
test/sequence-labels-entropy: 0.42723348736763
test/target_match_rate: 1.0
val/T-mAP: 0.6167780160903931
val/T-mAP-micro: 0.7241361737251282
val/horizon-mean-time-step: 1.9699640274047852
val/loss: 10.460245132446289
val/loss__presence: 0.15539561212062836
val/loss_labels: 0.5182191729545593
val/loss_timestamps: 9.78663158416748
val/match_cost_mean: -7.673165798187256
val/match_cost_std: 8.755067825317383
val/max_cost: 85.39270782470703
val/mean-predicted-length: 16.33908462524414
val/mean-target-length: 20.682857513427734
val/next-item-accuracy: 0.600033700466156
val/next-item-mae: 18.52338981628418
val/next-item-map: 0.4799940586090088
val/next-item-map-micro: 0.6130260825157166
val/next-item-mean-time-step: 31.311616897583008
val/next-item-rmse: 33.01491165161133
val/next-k-label-distribution-delta: 3.5337584018707275
val/optimal-transport-distance: 140.2582244873047
val/prediction_match_rate: 0.24917350709438324
val/sequence-labels-entropy: 0.42417144775390625
val/target_match_rate: 1.0
