date: '2024-10-01 11:54:29'
test/T-mAP: 0.5168888568878174
test/T-mAP-micro: 0.6513904333114624
test/horizon-mean-time-step: 1.034393310546875
test/loss: 7.572923183441162
test/loss__presence: 0.13579024374485016
test/loss_labels: 0.4769863188266754
test/loss_timestamps: 6.960147380828857
test/match_cost_mean: -5.730607986450195
test/match_cost_std: 8.623312950134277
test/max_cost: 73.16035461425781
test/mean-predicted-length: 26.053775787353516
test/mean-target-length: 21.358747482299805
test/next-item-accuracy: 0.5840832591056824
test/next-item-mae: 19.283689498901367
test/next-item-map: 0.42450714111328125
test/next-item-map-micro: 0.5664025545120239
test/next-item-mean-time-step: 31.62511444091797
test/next-item-rmse: 34.208518981933594
test/next-k-label-distribution-delta: 3.6810314655303955
test/optimal-transport-distance: 138.75100708007812
test/prediction_match_rate: 0.17061080038547516
test/sequence-labels-entropy: 0.43355000019073486
test/target_match_rate: 1.0
val/T-mAP: 0.5458682179450989
val/T-mAP-micro: 0.6459453105926514
val/horizon-mean-time-step: 1.0342069864273071
val/loss: 7.3434953689575195
val/loss__presence: 0.13433654606342316
val/loss_labels: 0.4827985465526581
val/loss_timestamps: 6.72636079788208
val/match_cost_mean: -5.601630687713623
val/match_cost_std: 8.568620681762695
val/max_cost: 73.44661712646484
val/mean-predicted-length: 24.603151321411133
val/mean-target-length: 20.682857513427734
val/next-item-accuracy: 0.5889037847518921
val/next-item-mae: 19.450708389282227
val/next-item-map: 0.4450099468231201
val/next-item-map-micro: 0.5742433071136475
val/next-item-mean-time-step: 32.362022399902344
val/next-item-rmse: 34.34523391723633
val/next-k-label-distribution-delta: 3.6620404720306396
val/optimal-transport-distance: 141.03562927246094
val/prediction_match_rate: 0.1663200706243515
val/sequence-labels-entropy: 0.43016529083251953
val/target_match_rate: 1.0
