date: '2024-10-01 11:14:32'
test/T-mAP: 0.5596711039543152
test/T-mAP-micro: 0.6820102334022522
test/horizon-mean-time-step: 2.7161881923675537
test/loss: 12.12869644165039
test/loss__presence: 0.15806123614311218
test/loss_labels: 0.5427770614624023
test/loss_timestamps: 11.427860260009766
test/match_cost_mean: -8.098661422729492
test/match_cost_std: 8.314764022827148
test/max_cost: 88.57083129882812
test/mean-predicted-length: 12.804051399230957
test/mean-target-length: 21.358747482299805
test/next-item-accuracy: 0.5997170805931091
test/next-item-mae: 18.39695167541504
test/next-item-map: 0.46354708075523376
test/next-item-map-micro: 0.610987663269043
test/next-item-mean-time-step: 30.67839813232422
test/next-item-rmse: 33.45346450805664
test/next-k-label-distribution-delta: 3.2865562438964844
test/optimal-transport-distance: 135.20277404785156
test/prediction_match_rate: 0.29774484038352966
test/sequence-labels-entropy: 0.42253103852272034
test/target_match_rate: 1.0
val/T-mAP: 0.5844786763191223
val/T-mAP-micro: 0.6821319460868835
val/horizon-mean-time-step: 2.7599265575408936
val/loss: 12.026849746704102
val/loss__presence: 0.1592085063457489
val/loss_labels: 0.5417568683624268
val/loss_timestamps: 11.325883865356445
val/match_cost_mean: -7.887942790985107
val/match_cost_std: 8.263343811035156
val/max_cost: 87.95063018798828
val/mean-predicted-length: 12.473743438720703
val/mean-target-length: 20.682857513427734
val/next-item-accuracy: 0.6039371490478516
val/next-item-mae: 18.656902313232422
val/next-item-map: 0.4823620021343231
val/next-item-map-micro: 0.6154705286026001
val/next-item-mean-time-step: 31.411237716674805
val/next-item-rmse: 33.69508743286133
val/next-k-label-distribution-delta: 3.330082654953003
val/optimal-transport-distance: 138.2035369873047
val/prediction_match_rate: 0.2969737648963928
val/sequence-labels-entropy: 0.4211616814136505
val/target_match_rate: 1.0
