date: '2024-10-01 11:09:36'
test/T-mAP: 0.4653966426849365
test/T-mAP-micro: 0.5684260129928589
test/horizon-mean-time-step: 4.657407283782959
test/loss: 15.726797103881836
test/loss__presence: 0.1509268581867218
test/loss_labels: 0.616115391254425
test/loss_timestamps: 14.959754943847656
test/match_cost_mean: -10.516950607299805
test/match_cost_std: 8.977424621582031
test/max_cost: 80.48615264892578
test/mean-predicted-length: 7.576979637145996
test/mean-target-length: 21.358747482299805
test/next-item-accuracy: 0.5982281565666199
test/next-item-mae: 18.25460433959961
test/next-item-map: 0.4623420238494873
test/next-item-map-micro: 0.609887421131134
test/next-item-mean-time-step: 30.601945877075195
test/next-item-rmse: 32.59434509277344
test/next-k-label-distribution-delta: 3.4003684520721436
test/optimal-transport-distance: 141.73873901367188
test/prediction_match_rate: 0.36738985776901245
test/sequence-labels-entropy: 0.43396034836769104
test/target_match_rate: 1.0
val/T-mAP: 0.4738534688949585
val/T-mAP-micro: 0.5677680969238281
val/horizon-mean-time-step: 4.792908191680908
val/loss: 15.616317749023438
val/loss__presence: 0.15152032673358917
val/loss_labels: 0.6146071553230286
val/loss_timestamps: 14.850191116333008
val/match_cost_mean: -10.398597717285156
val/match_cost_std: 8.85534954071045
val/max_cost: 80.568603515625
val/mean-predicted-length: 7.559077262878418
val/mean-target-length: 20.682857513427734
val/next-item-accuracy: 0.6019526720046997
val/next-item-mae: 18.49078369140625
val/next-item-map: 0.4800753593444824
val/next-item-map-micro: 0.6139089465141296
val/next-item-mean-time-step: 31.323076248168945
val/next-item-rmse: 32.78471755981445
val/next-k-label-distribution-delta: 3.3953487873077393
val/optimal-transport-distance: 144.15432739257812
val/prediction_match_rate: 0.36656075716018677
val/sequence-labels-entropy: 0.43238532543182373
val/target_match_rate: 1.0
