date: '2026-02-08 21:47:49'
test/T-mAP: 0.0879504606127739
test/T-mAP-weighted: 0.33094868063926697
test/horizon-max-f-score: 0.16635967791080475
test/horizon-max-f-score-weighted: 0.6160352230072021
test/horizon-mean-time-step: 2.0639326572418213
test/loss: 2.2878494262695312
test/loss_nhp: 2.2878494262695312
test/mean-predicted-length: 5.135135173797607
test/mean-target-length: 15.583646774291992
test/next-item-accuracy: 0.44745221734046936
test/next-item-mae: 4.759218692779541
test/next-item-map: 0.09690243750810623
test/next-item-map-weighted: 0.34703096747398376
test/next-item-max-f-score: 0.15428173542022705
test/next-item-max-f-score-weighted: 0.4313940703868866
test/next-item-mean-time-step: 4.010096073150635
test/next-item-rmse: 20.159929275512695
test/next-k-label-distribution-delta: 10.790968894958496
test/optimal-transport-distance: 15.802547454833984
test/sequence-labels-entropy: 0.03433188050985336
test/target-sequence-labels-entropy: 1.4227652549743652
test/thinning_accepted: 40.4232177734375
val/T-mAP: 0.08786070346832275
val/T-mAP-weighted: 0.3384194076061249
val/horizon-max-f-score: 0.16477276384830475
val/horizon-max-f-score-weighted: 0.6138689517974854
val/horizon-mean-time-step: 2.1130096912384033
val/loss: 2.271954298019409
val/loss_nhp: 2.271954298019409
val/mean-predicted-length: 5.137290000915527
val/mean-target-length: 15.263496398925781
val/next-item-accuracy: 0.46516168117523193
val/next-item-mae: 4.613056182861328
val/next-item-map: 0.1012168601155281
val/next-item-map-weighted: 0.36051321029663086
val/next-item-max-f-score: 0.16275790333747864
val/next-item-max-f-score-weighted: 0.44551849365234375
val/next-item-mean-time-step: 3.922163486480713
val/next-item-rmse: 19.767704010009766
val/next-k-label-distribution-delta: 10.678584098815918
val/optimal-transport-distance: 15.680620193481445
val/sequence-labels-entropy: 0.03660059720277786
val/target-sequence-labels-entropy: 1.385812759399414
val/thinning_accepted: 39.99655532836914
