date: '2026-02-10 11:21:16'
test/T-mAP: 0.12842026352882385
test/T-mAP-weighted: 0.41827940940856934
test/horizon-max-f-score: 0.1925528198480606
test/horizon-max-f-score-weighted: 0.5586196184158325
test/horizon-mean-time-step: 0.9470065832138062
test/loss: 2.500361680984497
test/loss_nhp: 2.500361680984497
test/mean-predicted-length: 10.555251121520996
test/mean-target-length: 15.583646774291992
test/next-item-accuracy: 0.44458597898483276
test/next-item-mae: 0.7314737439155579
test/next-item-map: 0.07724454998970032
test/next-item-map-weighted: 0.31912320852279663
test/next-item-max-f-score: 0.12543050944805145
test/next-item-max-f-score-weighted: 0.42116034030914307
test/next-item-mean-time-step: 0.8764495849609375
test/next-item-rmse: 1.069198727607727
test/next-k-label-distribution-delta: 10.494012832641602
test/optimal-transport-distance: 13.519613265991211
test/sequence-labels-entropy: 0.1209724023938179
test/target-sequence-labels-entropy: 1.4227653741836548
test/thinning_accepted: 47.85844421386719
val/T-mAP: 0.1380813717842102
val/T-mAP-weighted: 0.4340907335281372
val/horizon-max-f-score: 0.20624899864196777
val/horizon-max-f-score-weighted: 0.5725116729736328
val/horizon-mean-time-step: 0.9491057991981506
val/loss: 2.4903476238250732
val/loss_nhp: 2.4903476238250732
val/mean-predicted-length: 10.538434028625488
val/mean-target-length: 15.263496398925781
val/next-item-accuracy: 0.462883859872818
val/next-item-mae: 0.7355848550796509
val/next-item-map: 0.08117761462926865
val/next-item-map-weighted: 0.3387484848499298
val/next-item-max-f-score: 0.1301848292350769
val/next-item-max-f-score-weighted: 0.4368431270122528
val/next-item-mean-time-step: 0.9062010645866394
val/next-item-rmse: 1.0887738466262817
val/next-k-label-distribution-delta: 10.135859489440918
val/optimal-transport-distance: 13.296059608459473
val/sequence-labels-entropy: 0.10807958990335464
val/target-sequence-labels-entropy: 1.385812759399414
val/thinning_accepted: 47.64708709716797
