date: '2026-02-08 19:05:54'
test/T-mAP: 0.10210654884576797
test/T-mAP-weighted: 0.3517495095729828
test/horizon-max-f-score: 0.17770422995090485
test/horizon-max-f-score-weighted: 0.6194753646850586
test/horizon-mean-time-step: 1.6589140892028809
test/loss: 2.286714792251587
test/loss_nhp: 2.286714792251587
test/mean-predicted-length: 5.4166951179504395
test/mean-target-length: 15.583646774291992
test/next-item-accuracy: 0.44625794887542725
test/next-item-mae: 0.9514601826667786
test/next-item-map: 0.0949639305472374
test/next-item-map-weighted: 0.3449876308441162
test/next-item-max-f-score: 0.1546049416065216
test/next-item-max-f-score-weighted: 0.42901331186294556
test/next-item-mean-time-step: 1.0329339504241943
test/next-item-rmse: 2.1620850563049316
test/next-k-label-distribution-delta: 10.95792007446289
test/optimal-transport-distance: 15.663064956665039
test/sequence-labels-entropy: 0.14041338860988617
test/target-sequence-labels-entropy: 1.4227653741836548
test/thinning_accepted: 45.243282318115234
val/T-mAP: 0.10710358619689941
val/T-mAP-weighted: 0.361782968044281
val/horizon-max-f-score: 0.1897173374891281
val/horizon-max-f-score-weighted: 0.6282433867454529
val/horizon-mean-time-step: 1.6633689403533936
val/loss: 2.270550489425659
val/loss_nhp: 2.270550489425659
val/mean-predicted-length: 5.401501655578613
val/mean-target-length: 15.263496398925781
val/next-item-accuracy: 0.46528372168540955
val/next-item-mae: 0.9622769355773926
val/next-item-map: 0.09678847342729568
val/next-item-map-weighted: 0.35968735814094543
val/next-item-max-f-score: 0.1526300460100174
val/next-item-max-f-score-weighted: 0.4440220296382904
val/next-item-mean-time-step: 1.0675581693649292
val/next-item-rmse: 2.1896374225616455
val/next-k-label-distribution-delta: 10.751519203186035
val/optimal-transport-distance: 15.514455795288086
val/sequence-labels-entropy: 0.11057652533054352
val/target-sequence-labels-entropy: 1.385812759399414
val/thinning_accepted: 43.88444900512695
