date: '2026-02-21 16:57:38'
test/T-mAP: 0.11856914311647415
test/T-mAP-weighted: 0.3817552328109741
test/horizon-max-f-score: 0.1810402274131775
test/horizon-max-f-score-weighted: 0.4365908205509186
test/horizon-mean-time-step: 0.5102059841156006
test/loss: 2.603080987930298
test/loss_labels: 1.9109525680541992
test/loss_timestamps: 0.6921284794807434
test/mean-predicted-length: 19.77420425415039
test/mean-target-length: 15.583646774291992
test/next-item-accuracy: 0.4080016016960144
test/next-item-mae: 0.6897238492965698
test/next-item-map: 0.10072561353445053
test/next-item-map-weighted: 0.31120407581329346
test/next-item-max-f-score: 0.15943999588489532
test/next-item-max-f-score-weighted: 0.42225420475006104
test/next-item-mean-time-step: 0.9120184183120728
test/next-item-rmse: 1.1013820171356201
test/next-k-label-distribution-delta: 9.117345809936523
test/optimal-transport-distance: 13.42003345489502
test/sequence-labels-entropy: 0.5700654983520508
test/target-sequence-labels-entropy: 1.4227652549743652
val/T-mAP: 0.12611030042171478
val/T-mAP-weighted: 0.3882961571216583
val/horizon-max-f-score: 0.19340156018733978
val/horizon-max-f-score-weighted: 0.43875059485435486
val/horizon-mean-time-step: 0.5045231580734253
val/loss: 2.562656879425049
val/loss_labels: 1.8618851900100708
val/loss_timestamps: 0.7007713317871094
val/mean-predicted-length: 20.00250244140625
val/mean-target-length: 15.263496398925781
val/next-item-accuracy: 0.4219646155834198
val/next-item-mae: 0.6962968111038208
val/next-item-map: 0.10042588412761688
val/next-item-map-weighted: 0.32711756229400635
val/next-item-max-f-score: 0.15871472656726837
val/next-item-max-f-score-weighted: 0.43425747752189636
val/next-item-mean-time-step: 0.9361152052879333
val/next-item-rmse: 1.1166353225708008
val/next-k-label-distribution-delta: 8.91097640991211
val/optimal-transport-distance: 13.255043983459473
val/sequence-labels-entropy: 0.5363141894340515
val/target-sequence-labels-entropy: 1.385812759399414
