date: '2025-12-14 06:06:45'
test/T-mAP: 0.11816606670618057
test/T-mAP-weighted: 0.36889466643333435
test/horizon-max-f-score: 0.18206185102462769
test/horizon-max-f-score-weighted: 0.42648476362228394
test/horizon-mean-time-step: 0.4839809834957123
test/loss: 2.428251266479492
test/loss_labels: 1.7555145025253296
test/loss_timestamps: 0.6727368235588074
test/mean-predicted-length: 19.908313751220703
test/mean-target-length: 15.583646774291992
test/next-item-accuracy: 0.4196656048297882
test/next-item-mae: 0.6708895564079285
test/next-item-map: 0.11169680953025818
test/next-item-map-weighted: 0.32673120498657227
test/next-item-max-f-score: 0.1701660305261612
test/next-item-max-f-score-weighted: 0.42830517888069153
test/next-item-mean-time-step: 0.8996719717979431
test/next-item-rmse: 1.078879714012146
test/next-k-label-distribution-delta: 9.4635648727417
test/optimal-transport-distance: 13.302971839904785
test/sequence-labels-entropy: 0.42265769839286804
test/target-sequence-labels-entropy: 1.4227653741836548
val/T-mAP: 0.1225200891494751
val/T-mAP-weighted: 0.3689025044441223
val/horizon-max-f-score: 0.18913227319717407
val/horizon-max-f-score-weighted: 0.42842787504196167
val/horizon-mean-time-step: 0.4846196174621582
val/loss: 2.4066519737243652
val/loss_labels: 1.7166246175765991
val/loss_timestamps: 0.6900273561477661
val/mean-predicted-length: 19.986413955688477
val/mean-target-length: 15.263496398925781
val/next-item-accuracy: 0.4325401782989502
val/next-item-mae: 0.6863528490066528
val/next-item-map: 0.11029276251792908
val/next-item-map-weighted: 0.3400402367115021
val/next-item-max-f-score: 0.1670408397912979
val/next-item-max-f-score-weighted: 0.4398832619190216
val/next-item-mean-time-step: 0.9260550141334534
val/next-item-rmse: 1.104780673980713
val/next-k-label-distribution-delta: 9.202716827392578
val/optimal-transport-distance: 13.141283988952637
val/sequence-labels-entropy: 0.3884916305541992
val/target-sequence-labels-entropy: 1.3858129978179932
