date: '2024-11-26 12:19:11'
test/T-mAP: 0.12272002547979355
test/T-mAP-micro: 0.328390508890152
test/horizon-max-accuracy-micro: 0.5018584728240967
test/horizon-mean-time-step: 0.6601428985595703
test/loss: 2.9861295223236084
test/loss_labels: 2.361137628555298
test/loss_timestamps: 0.6249921917915344
test/mean-predicted-length: 10.767926216125488
test/mean-target-length: 8.975131034851074
test/next-item-accuracy: 0.3481617867946625
test/next-item-mae: 0.6963181495666504
test/next-item-map: 0.08131735026836395
test/next-item-map-micro: 0.2684966027736664
test/next-item-max-accuracy: 0.4718659818172455
test/next-item-mean-time-step: 0.8891079425811768
test/next-item-rmse: 1.0815824270248413
test/next-k-label-distribution-delta: 5.395318984985352
test/optimal-transport-distance: 6.862166881561279
test/sequence-labels-entropy: 0.723962664604187
val/T-mAP: 0.12952306866645813
val/T-mAP-micro: 0.33099526166915894
val/horizon-max-accuracy-micro: 0.5020256638526917
val/horizon-mean-time-step: 0.6615602374076843
val/loss: 2.9700891971588135
val/loss_labels: 2.346890687942505
val/loss_timestamps: 0.6231987476348877
val/mean-predicted-length: 10.74117660522461
val/mean-target-length: 8.979360580444336
val/next-item-accuracy: 0.34859922528266907
val/next-item-mae: 0.6943034529685974
val/next-item-map: 0.08383411169052124
val/next-item-map-micro: 0.27069994807243347
val/next-item-max-accuracy: 0.4724372923374176
val/next-item-mean-time-step: 0.887988269329071
val/next-item-rmse: 1.0808771848678589
val/next-k-label-distribution-delta: 5.366270065307617
val/optimal-transport-distance: 6.845994472503662
val/sequence-labels-entropy: 0.7238532304763794
