date: '2024-11-26 12:17:33'
test/T-mAP: 0.38741016387939453
test/T-mAP-micro: 0.5542712211608887
test/horizon-max-accuracy-micro: 0.5030893087387085
test/horizon-mean-time-step: 0.9514384269714355
test/loss: 1.837774634361267
test/loss_labels: 0.8783703446388245
test/loss_timestamps: 0.959404706954956
test/mean-predicted-length: 6.546537399291992
test/mean-target-length: 4.855121612548828
test/next-item-accuracy: 0.6384896636009216
test/next-item-mae: 0.9674225449562073
test/next-item-map: 0.4263017177581787
test/next-item-map-micro: 0.6531962752342224
test/next-item-max-accuracy: 0.5576059818267822
test/next-item-mean-time-step: 1.6283634901046753
test/next-item-rmse: 1.651451826095581
test/next-k-label-distribution-delta: 2.8973512649536133
test/optimal-transport-distance: 5.552779674530029
test/sequence-labels-entropy: 0.3465656042098999
val/T-mAP: 0.3878885507583618
val/T-mAP-micro: 0.5600625276565552
val/horizon-max-accuracy-micro: 0.5073363184928894
val/horizon-mean-time-step: 0.951004683971405
val/loss: 1.8324484825134277
val/loss_labels: 0.8771329522132874
val/loss_timestamps: 0.9553154110908508
val/mean-predicted-length: 6.561729431152344
val/mean-target-length: 4.905542850494385
val/next-item-accuracy: 0.6373372673988342
val/next-item-mae: 0.9627601504325867
val/next-item-map: 0.4221625030040741
val/next-item-map-micro: 0.652074933052063
val/next-item-max-accuracy: 0.5564924478530884
val/next-item-mean-time-step: 1.624194860458374
val/next-item-rmse: 1.6468515396118164
val/next-k-label-distribution-delta: 2.9052717685699463
val/optimal-transport-distance: 5.501739978790283
val/sequence-labels-entropy: 0.34791508316993713
