date: '2024-11-26 12:37:07'
test/T-mAP: 0.044829610735177994
test/T-mAP-micro: 0.2541625201702118
test/horizon-max-accuracy-micro: 0.48331230878829956
test/horizon-mean-time-step: 0.677794873714447
test/loss: 3.064842700958252
test/loss_labels: 2.440507411956787
test/loss_timestamps: 0.6243351697921753
test/mean-predicted-length: 10.087850570678711
test/mean-target-length: 9.136935234069824
test/next-item-accuracy: 0.33751240372657776
test/next-item-mae: 0.6990935802459717
test/next-item-map: 0.032501690089702606
test/next-item-map-micro: 0.24916653335094452
test/next-item-max-accuracy: 0.46852564811706543
test/next-item-mean-time-step: 0.8770939707756042
test/next-item-rmse: 1.0721368789672852
test/next-k-label-distribution-delta: 6.103236675262451
test/optimal-transport-distance: 7.178414344787598
test/sequence-labels-entropy: 0.4164418578147888
val/T-mAP: 0.04286661371588707
val/T-mAP-micro: 0.2550739645957947
val/horizon-max-accuracy-micro: 0.48293858766555786
val/horizon-mean-time-step: 0.6776958703994751
val/loss: 3.045337438583374
val/loss_labels: 2.4218688011169434
val/loss_timestamps: 0.623468279838562
val/mean-predicted-length: 10.095208168029785
val/mean-target-length: 9.149765014648438
val/next-item-accuracy: 0.33805838227272034
val/next-item-mae: 0.6977424025535583
val/next-item-map: 0.031241871416568756
val/next-item-map-micro: 0.25160449743270874
val/next-item-max-accuracy: 0.4689550995826721
val/next-item-mean-time-step: 0.8773655295372009
val/next-item-rmse: 1.0735905170440674
val/next-k-label-distribution-delta: 6.0957746505737305
val/optimal-transport-distance: 7.172284126281738
val/sequence-labels-entropy: 0.41005948185920715
