date: '2024-11-26 12:20:17'
test/T-mAP: 0.0830405205488205
test/T-mAP-micro: 0.3196377456188202
test/horizon-max-accuracy-micro: 0.5010556578636169
test/horizon-mean-time-step: 0.6544651389122009
test/loss: 3.0670316219329834
test/loss_labels: 2.447535753250122
test/loss_timestamps: 0.6194959878921509
test/mean-predicted-length: 10.882554054260254
test/mean-target-length: 9.117027282714844
test/next-item-accuracy: 0.34141361713409424
test/next-item-mae: 0.6929923295974731
test/next-item-map: 0.05272872745990753
test/next-item-map-micro: 0.260027140378952
test/next-item-max-accuracy: 0.47251084446907043
test/next-item-mean-time-step: 0.8750024437904358
test/next-item-rmse: 1.0700716972351074
test/next-k-label-distribution-delta: 5.442231178283691
test/optimal-transport-distance: 6.889676570892334
test/sequence-labels-entropy: 0.7373369932174683
val/T-mAP: 0.08462636917829514
val/T-mAP-micro: 0.32225728034973145
val/horizon-max-accuracy-micro: 0.5015653967857361
val/horizon-mean-time-step: 0.6562445759773254
val/loss: 3.0483603477478027
val/loss_labels: 2.430567502975464
val/loss_timestamps: 0.6177927255630493
val/mean-predicted-length: 10.857123374938965
val/mean-target-length: 9.158028602600098
val/next-item-accuracy: 0.3422214686870575
val/next-item-mae: 0.6913520693778992
val/next-item-map: 0.05102366581559181
val/next-item-map-micro: 0.2625483274459839
val/next-item-max-accuracy: 0.47301119565963745
val/next-item-mean-time-step: 0.8748242259025574
val/next-item-rmse: 1.0703972578048706
val/next-k-label-distribution-delta: 5.431164741516113
val/optimal-transport-distance: 6.87300443649292
val/sequence-labels-entropy: 0.7318156361579895
