date: '2024-11-26 12:17:48'
test/T-mAP: 0.324340283870697
test/T-mAP-micro: 0.4566360414028168
test/horizon-max-accuracy-micro: 0.5039490461349487
test/horizon-mean-time-step: 0.8012690544128418
test/loss: 2.2046096324920654
test/loss_labels: 1.4404889345169067
test/loss_timestamps: 0.7641206979751587
test/mean-predicted-length: 8.410539627075195
test/mean-target-length: 6.454954624176025
test/next-item-accuracy: 0.4817962050437927
test/next-item-mae: 0.7968924641609192
test/next-item-map: 0.284481406211853
test/next-item-map-micro: 0.4447620213031769
test/next-item-max-accuracy: 0.4778328239917755
test/next-item-mean-time-step: 1.2081180810928345
test/next-item-rmse: 1.3412758111953735
test/next-k-label-distribution-delta: 4.082420825958252
test/optimal-transport-distance: 6.139019966125488
test/sequence-labels-entropy: 0.5715875029563904
val/T-mAP: 0.32404831051826477
val/T-mAP-micro: 0.45888203382492065
val/horizon-max-accuracy-micro: 0.5053926706314087
val/horizon-mean-time-step: 0.7993547916412354
val/loss: 2.203153133392334
val/loss_labels: 1.4395889043807983
val/loss_timestamps: 0.7635639309883118
val/mean-predicted-length: 8.430891036987305
val/mean-target-length: 6.489493370056152
val/next-item-accuracy: 0.4806053936481476
val/next-item-mae: 0.7972913980484009
val/next-item-map: 0.281014084815979
val/next-item-map-micro: 0.44342052936553955
val/next-item-max-accuracy: 0.47674867510795593
val/next-item-mean-time-step: 1.208774447441101
val/next-item-rmse: 1.3445041179656982
val/next-k-label-distribution-delta: 4.101799011230469
val/optimal-transport-distance: 6.138928413391113
val/sequence-labels-entropy: 0.5622166991233826
