date: '2024-11-26 12:21:51'
test/T-mAP: 0.059042032808065414
test/T-mAP-micro: 0.3194182515144348
test/horizon-max-accuracy-micro: 0.5006533861160278
test/horizon-mean-time-step: 0.6545637845993042
test/loss: 3.0723323822021484
test/loss_labels: 2.4529221057891846
test/loss_timestamps: 0.619410514831543
test/mean-predicted-length: 10.884825706481934
test/mean-target-length: 9.136935234069824
test/next-item-accuracy: 0.341149240732193
test/next-item-mae: 0.6927192211151123
test/next-item-map: 0.03452180698513985
test/next-item-map-micro: 0.2597370445728302
test/next-item-max-accuracy: 0.4725707173347473
test/next-item-mean-time-step: 0.874268651008606
test/next-item-rmse: 1.0691322088241577
test/next-k-label-distribution-delta: 5.4482903480529785
test/optimal-transport-distance: 6.891244411468506
test/sequence-labels-entropy: 0.7362009286880493
val/T-mAP: 0.062067557126283646
val/T-mAP-micro: 0.32161945104599
val/horizon-max-accuracy-micro: 0.5010762214660645
val/horizon-mean-time-step: 0.6563292145729065
val/loss: 3.0529251098632812
val/loss_labels: 2.4349825382232666
val/loss_timestamps: 0.6179426908493042
val/mean-predicted-length: 10.851602554321289
val/mean-target-length: 9.149765014648438
val/next-item-accuracy: 0.3420009911060333
val/next-item-mae: 0.6912547945976257
val/next-item-map: 0.034263379871845245
val/next-item-map-micro: 0.26228487491607666
val/next-item-max-accuracy: 0.47306180000305176
val/next-item-mean-time-step: 0.874437689781189
val/next-item-rmse: 1.0701217651367188
val/next-k-label-distribution-delta: 5.425284385681152
val/optimal-transport-distance: 6.875403881072998
val/sequence-labels-entropy: 0.7325777411460876
