date: '2024-11-26 12:35:30'
test/T-mAP: 0.062977634370327
test/T-mAP-micro: 0.2547394931316376
test/horizon-max-accuracy-micro: 0.48353704810142517
test/horizon-mean-time-step: 0.6783041954040527
test/loss: 3.0598092079162598
test/loss_labels: 2.4351141452789307
test/loss_timestamps: 0.6246943473815918
test/mean-predicted-length: 10.076589584350586
test/mean-target-length: 9.117027282714844
test/next-item-accuracy: 0.3377467691898346
test/next-item-mae: 0.6994425654411316
test/next-item-map: 0.049665417522192
test/next-item-map-micro: 0.2494494616985321
test/next-item-max-accuracy: 0.4684600532054901
test/next-item-mean-time-step: 0.8778672814369202
test/next-item-rmse: 1.0730984210968018
test/next-k-label-distribution-delta: 6.107329845428467
test/optimal-transport-distance: 7.181680679321289
test/sequence-labels-entropy: 0.4164677858352661
val/T-mAP: 0.06316211819648743
val/T-mAP-micro: 0.2555641233921051
val/horizon-max-accuracy-micro: 0.48288214206695557
val/horizon-mean-time-step: 0.6778987646102905
val/loss: 3.041048526763916
val/loss_labels: 2.417401075363159
val/loss_timestamps: 0.6236474514007568
val/mean-predicted-length: 10.090511322021484
val/mean-target-length: 9.158028602600098
val/next-item-accuracy: 0.33827412128448486
val/next-item-mae: 0.6978629231452942
val/next-item-map: 0.0471518337726593
val/next-item-map-micro: 0.25184351205825806
val/next-item-max-accuracy: 0.46893563866615295
val/next-item-mean-time-step: 0.8777713179588318
val/next-item-rmse: 1.0738788843154907
val/next-k-label-distribution-delta: 6.09071159362793
val/optimal-transport-distance: 7.165496349334717
val/sequence-labels-entropy: 0.408968061208725
