date: '2024-11-26 12:33:05'
test/T-mAP: 0.19969329237937927
test/T-mAP-micro: 0.32729506492614746
test/horizon-max-accuracy-micro: 0.4793802499771118
test/horizon-mean-time-step: 0.7639468908309937
test/loss: 2.547822952270508
test/loss_labels: 1.8577479124069214
test/loss_timestamps: 0.690074622631073
test/mean-predicted-length: 8.8515625
test/mean-target-length: 7.754724025726318
test/next-item-accuracy: 0.4021807909011841
test/next-item-mae: 0.7454009056091309
test/next-item-map: 0.18558312952518463
test/next-item-map-micro: 0.33236950635910034
test/next-item-max-accuracy: 0.4643005132675171
test/next-item-mean-time-step: 1.0239559412002563
test/next-item-rmse: 1.1906965970993042
test/next-k-label-distribution-delta: 5.485370635986328
test/optimal-transport-distance: 6.802790641784668
test/sequence-labels-entropy: 0.389841228723526
val/T-mAP: 0.2054332196712494
val/T-mAP-micro: 0.32924747467041016
val/horizon-max-accuracy-micro: 0.4802224338054657
val/horizon-mean-time-step: 0.761042058467865
val/loss: 2.5416171550750732
val/loss_labels: 1.8550770282745361
val/loss_timestamps: 0.6865401864051819
val/mean-predicted-length: 8.880866050720215
val/mean-target-length: 7.8387885093688965
val/next-item-accuracy: 0.40052297711372375
val/next-item-mae: 0.7417305111885071
val/next-item-map: 0.1901005208492279
val/next-item-map-micro: 0.33227628469467163
val/next-item-max-accuracy: 0.4646179676055908
val/next-item-mean-time-step: 1.018417477607727
val/next-item-rmse: 1.1861860752105713
val/next-k-label-distribution-delta: 5.475826263427734
val/optimal-transport-distance: 6.793261528015137
val/sequence-labels-entropy: 0.3908878564834595
