date: '2024-11-26 12:34:20'
test/T-mAP: 0.09266433864831924
test/T-mAP-micro: 0.2630980312824249
test/horizon-max-accuracy-micro: 0.48311325907707214
test/horizon-mean-time-step: 0.6867725253105164
test/loss: 2.981940984725952
test/loss_labels: 2.3500988483428955
test/loss_timestamps: 0.6318425536155701
test/mean-predicted-length: 9.941102981567383
test/mean-target-length: 8.975131034851074
test/next-item-accuracy: 0.3441687226295471
test/next-item-mae: 0.7032206654548645
test/next-item-map: 0.07704537361860275
test/next-item-map-micro: 0.2572627067565918
test/next-item-max-accuracy: 0.4674731492996216
test/next-item-mean-time-step: 0.89267897605896
test/next-item-rmse: 1.084829330444336
test/next-k-label-distribution-delta: 6.054477214813232
test/optimal-transport-distance: 7.1560845375061035
test/sequence-labels-entropy: 0.4122050702571869
val/T-mAP: 0.09468042105436325
val/T-mAP-micro: 0.2624624967575073
val/horizon-max-accuracy-micro: 0.4827736020088196
val/horizon-mean-time-step: 0.685337245464325
val/loss: 2.965421676635742
val/loss_labels: 2.335148811340332
val/loss_timestamps: 0.6302730441093445
val/mean-predicted-length: 9.965182304382324
val/mean-target-length: 8.979360580444336
val/next-item-accuracy: 0.3444247841835022
val/next-item-mae: 0.701373815536499
val/next-item-map: 0.0791630893945694
val/next-item-map-micro: 0.2593413293361664
val/next-item-max-accuracy: 0.46798068284988403
val/next-item-mean-time-step: 0.8916212916374207
val/next-item-rmse: 1.084625005722046
val/next-k-label-distribution-delta: 6.038558483123779
val/optimal-transport-distance: 7.138853549957275
val/sequence-labels-entropy: 0.4040030837059021
