date: '2024-11-26 12:33:35'
test/T-mAP: 0.12249042838811874
test/T-mAP-micro: 0.28967446088790894
test/horizon-max-accuracy-micro: 0.48090997338294983
test/horizon-mean-time-step: 0.7198233604431152
test/loss: 2.7833547592163086
test/loss_labels: 2.123398542404175
test/loss_timestamps: 0.6599563956260681
test/mean-predicted-length: 9.43881607055664
test/mean-target-length: 8.363737106323242
test/next-item-accuracy: 0.3689086437225342
test/next-item-mae: 0.7219834923744202
test/next-item-map: 0.10821358859539032
test/next-item-map-micro: 0.28698721528053284
test/next-item-max-accuracy: 0.4638482928276062
test/next-item-mean-time-step: 0.9489709138870239
test/next-item-rmse: 1.1344629526138306
test/next-k-label-distribution-delta: 5.787760257720947
test/optimal-transport-distance: 6.998087406158447
test/sequence-labels-entropy: 0.40082496404647827
val/T-mAP: 0.122965008020401
val/T-mAP-micro: 0.29123014211654663
val/horizon-max-accuracy-micro: 0.48123103380203247
val/horizon-mean-time-step: 0.7182274460792542
val/loss: 2.7728564739227295
val/loss_labels: 2.1152641773223877
val/loss_timestamps: 0.6575927138328552
val/mean-predicted-length: 9.460614204406738
val/mean-target-length: 8.405827522277832
val/next-item-accuracy: 0.36876410245895386
val/next-item-mae: 0.7195865511894226
val/next-item-map: 0.10967541486024857
val/next-item-map-micro: 0.2877843677997589
val/next-item-max-accuracy: 0.46435827016830444
val/next-item-mean-time-step: 0.946069061756134
val/next-item-rmse: 1.133079171180725
val/next-k-label-distribution-delta: 5.793694019317627
val/optimal-transport-distance: 6.989827632904053
val/sequence-labels-entropy: 0.3923841416835785
