date: '2024-11-26 12:18:06'
test/T-mAP: 0.25186121463775635
test/T-mAP-micro: 0.3926054835319519
test/horizon-max-accuracy-micro: 0.5021839141845703
test/horizon-mean-time-step: 0.7274066209793091
test/loss: 2.5328121185302734
test/loss_labels: 1.850494623184204
test/loss_timestamps: 0.6823179721832275
test/mean-predicted-length: 9.591516494750977
test/mean-target-length: 7.754724025726318
test/next-item-accuracy: 0.40684229135513306
test/next-item-mae: 0.7365997433662415
test/next-item-map: 0.19434978067874908
test/next-item-map-micro: 0.34573009610176086
test/next-item-max-accuracy: 0.47060126066207886
test/next-item-mean-time-step: 1.0183775424957275
test/next-item-rmse: 1.1867308616638184
test/next-k-label-distribution-delta: 4.7965497970581055
test/optimal-transport-distance: 6.520779609680176
test/sequence-labels-entropy: 0.6766631603240967
val/T-mAP: 0.26064589619636536
val/T-mAP-micro: 0.39676862955093384
val/horizon-max-accuracy-micro: 0.5036973357200623
val/horizon-mean-time-step: 0.7265049815177917
val/loss: 2.5266013145446777
val/loss_labels: 1.8484485149383545
val/loss_timestamps: 0.6781523823738098
val/mean-predicted-length: 9.587782859802246
val/mean-target-length: 7.8387885093688965
val/next-item-accuracy: 0.40518495440483093
val/next-item-mae: 0.7325282096862793
val/next-item-map: 0.1988440901041031
val/next-item-map-micro: 0.3457585573196411
val/next-item-max-accuracy: 0.4709320366382599
val/next-item-mean-time-step: 1.0128235816955566
val/next-item-rmse: 1.1818852424621582
val/next-k-label-distribution-delta: 4.7793989181518555
val/optimal-transport-distance: 6.502180099487305
val/sequence-labels-entropy: 0.6817319989204407
