date: '2024-11-26 12:32:25'
test/T-mAP: 0.3588171601295471
test/T-mAP-micro: 0.5279147028923035
test/horizon-max-accuracy-micro: 0.4787837862968445
test/horizon-mean-time-step: 1.0005353689193726
test/loss: 1.851436734199524
test/loss_labels: 0.9115896821022034
test/loss_timestamps: 0.939846932888031
test/mean-predicted-length: 6.507924556732178
test/mean-target-length: 4.855121612548828
test/next-item-accuracy: 0.6362185478210449
test/next-item-mae: 1.005567193031311
test/next-item-map: 0.41515278816223145
test/next-item-map-micro: 0.6340907216072083
test/next-item-max-accuracy: 0.5517744421958923
test/next-item-mean-time-step: 1.6550869941711426
test/next-item-rmse: 1.675142526626587
test/next-k-label-distribution-delta: 3.252419948577881
test/optimal-transport-distance: 5.73705530166626
test/sequence-labels-entropy: 0.2461189180612564
val/T-mAP: 0.36035168170928955
val/T-mAP-micro: 0.5363861322402954
val/horizon-max-accuracy-micro: 0.48495733737945557
val/horizon-mean-time-step: 0.9999161958694458
val/loss: 1.845502257347107
val/loss_labels: 0.9098249673843384
val/loss_timestamps: 0.9356774687767029
val/mean-predicted-length: 6.5101637840271
val/mean-target-length: 4.905542850494385
val/next-item-accuracy: 0.6351472735404968
val/next-item-mae: 1.000184416770935
val/next-item-map: 0.4113762378692627
val/next-item-map-micro: 0.6335489749908447
val/next-item-max-accuracy: 0.5508646965026855
val/next-item-mean-time-step: 1.650722861289978
val/next-item-rmse: 1.6705265045166016
val/next-k-label-distribution-delta: 3.2593846321105957
val/optimal-transport-distance: 5.6855340003967285
val/sequence-labels-entropy: 0.24186474084854126
