date: '2024-11-26 12:32:43'
test/T-mAP: 0.2765429615974426
test/T-mAP-micro: 0.4051763415336609
test/horizon-max-accuracy-micro: 0.47514063119888306
test/horizon-mean-time-step: 0.8664716482162476
test/loss: 2.2252988815307617
test/loss_labels: 1.4512747526168823
test/loss_timestamps: 0.7740237712860107
test/mean-predicted-length: 7.692715644836426
test/mean-target-length: 6.454954624176025
test/next-item-accuracy: 0.4743659198284149
test/next-item-mae: 0.8103662133216858
test/next-item-map: 0.27089574933052063
test/next-item-map-micro: 0.4276794195175171
test/next-item-max-accuracy: 0.4694385826587677
test/next-item-mean-time-step: 1.2186568975448608
test/next-item-rmse: 1.3498997688293457
test/next-k-label-distribution-delta: 4.696913242340088
test/optimal-transport-distance: 6.358234882354736
test/sequence-labels-entropy: 0.3466978371143341
val/T-mAP: 0.27561959624290466
val/T-mAP-micro: 0.4057364761829376
val/horizon-max-accuracy-micro: 0.47592028975486755
val/horizon-mean-time-step: 0.8648370504379272
val/loss: 2.223662853240967
val/loss_labels: 1.449905514717102
val/loss_timestamps: 0.7737573981285095
val/mean-predicted-length: 7.708790302276611
val/mean-target-length: 6.489493370056152
val/next-item-accuracy: 0.47333455085754395
val/next-item-mae: 0.8106985092163086
val/next-item-map: 0.26780450344085693
val/next-item-map-micro: 0.4265340268611908
val/next-item-max-accuracy: 0.46862301230430603
val/next-item-mean-time-step: 1.2191486358642578
val/next-item-rmse: 1.3535127639770508
val/next-k-label-distribution-delta: 4.721856594085693
val/optimal-transport-distance: 6.36328125
val/sequence-labels-entropy: 0.3434574007987976
