date: '2024-11-26 12:18:31'
test/T-mAP: 0.1549636572599411
test/T-mAP-micro: 0.3545132875442505
test/horizon-max-accuracy-micro: 0.5018921494483948
test/horizon-mean-time-step: 0.6857665181159973
test/loss: 2.7821497917175293
test/loss_labels: 2.1317059993743896
test/loss_timestamps: 0.650443971157074
test/mean-predicted-length: 10.306615829467773
test/mean-target-length: 8.363737106323242
test/next-item-accuracy: 0.3731689155101776
test/next-item-mae: 0.7147359848022461
test/next-item-map: 0.11407099664211273
test/next-item-map-micro: 0.29945051670074463
test/next-item-max-accuracy: 0.4695257544517517
test/next-item-mean-time-step: 0.944722056388855
test/next-item-rmse: 1.131223201751709
test/next-k-label-distribution-delta: 5.117293357849121
test/optimal-transport-distance: 6.714748382568359
test/sequence-labels-entropy: 0.6961967945098877
val/T-mAP: 0.15739339590072632
val/T-mAP-micro: 0.3582512438297272
val/horizon-max-accuracy-micro: 0.5031393766403198
val/horizon-mean-time-step: 0.6867496371269226
val/loss: 2.7716336250305176
val/loss_labels: 2.124075174331665
val/loss_timestamps: 0.6475587487220764
val/mean-predicted-length: 10.283262252807617
val/mean-target-length: 8.405827522277832
val/next-item-accuracy: 0.372661292552948
val/next-item-mae: 0.7121527194976807
val/next-item-map: 0.11576466262340546
val/next-item-map-micro: 0.3004891276359558
val/next-item-max-accuracy: 0.47004184126853943
val/next-item-mean-time-step: 0.9418261647224426
val/next-item-rmse: 1.1294978857040405
val/next-k-label-distribution-delta: 5.113094329833984
val/optimal-transport-distance: 6.704166889190674
val/sequence-labels-entropy: 0.6942605376243591
