date: '2024-11-26 12:30:18'
test/T-mAP: 0.06736786663532257
test/T-mAP-micro: 0.3857898414134979
test/horizon-max-accuracy-micro: 0.5168634653091431
test/horizon-mean-time-step: 0.9220238924026489
test/loss: 3.357304096221924
test/loss_labels: 2.4492716789245605
test/loss_timestamps: 0.9080318212509155
test/mean-predicted-length: 7.313889503479004
test/mean-target-length: 9.136935234069824
test/next-item-accuracy: 0.3425847887992859
test/next-item-mae: 0.7586032748222351
test/next-item-map: 0.03464740142226219
test/next-item-map-micro: 0.2599357068538666
test/next-item-max-accuracy: 0.4725891053676605
test/next-item-mean-time-step: 0.885547935962677
test/next-item-rmse: 1.0872786045074463
test/next-k-label-distribution-delta: 5.529635906219482
test/optimal-transport-distance: 6.894822120666504
test/sequence-labels-entropy: 0.6746480464935303
test/timestamps-bias-mean: 0.101515032351017
test/timestamps-current_influence: -0.044440485537052155
val/T-mAP: 0.07370871305465698
val/T-mAP-micro: 0.38728398084640503
val/horizon-max-accuracy-micro: 0.5166948437690735
val/horizon-mean-time-step: 0.9247021079063416
val/loss: 3.337709903717041
val/loss_labels: 2.4310929775238037
val/loss_timestamps: 0.9066174626350403
val/mean-predicted-length: 7.302931308746338
val/mean-target-length: 9.149765014648438
val/next-item-accuracy: 0.3433374762535095
val/next-item-mae: 0.7575491070747375
val/next-item-map: 0.03384912386536598
val/next-item-map-micro: 0.26278623938560486
val/next-item-max-accuracy: 0.4732440114021301
val/next-item-mean-time-step: 0.8859497904777527
val/next-item-rmse: 1.088644027709961
val/next-k-label-distribution-delta: 5.518258094787598
val/optimal-transport-distance: 6.881428241729736
val/sequence-labels-entropy: 0.6710112690925598
val/timestamps-bias-mean: 0.10178833454847336
val/timestamps-current_influence: -0.04444047808647156
