date: '2024-11-26 12:26:59'
test/T-mAP: 0.14728553593158722
test/T-mAP-micro: 0.3959554135799408
test/horizon-max-accuracy-micro: 0.5194777250289917
test/horizon-mean-time-step: 0.9249529838562012
test/loss: 3.2791144847869873
test/loss_labels: 2.3580503463745117
test/loss_timestamps: 0.9210646152496338
test/mean-predicted-length: 7.276326656341553
test/mean-target-length: 8.975131034851074
test/next-item-accuracy: 0.34952032566070557
test/next-item-mae: 0.7606565356254578
test/next-item-map: 0.08137719333171844
test/next-item-map-micro: 0.2685571610927582
test/next-item-max-accuracy: 0.4718267023563385
test/next-item-mean-time-step: 0.9000539183616638
test/next-item-rmse: 1.0971938371658325
test/next-k-label-distribution-delta: 5.467795372009277
test/optimal-transport-distance: 6.850545406341553
test/sequence-labels-entropy: 0.6659786105155945
test/timestamps-bias-mean: 0.09413620084524155
test/timestamps-current_influence: -0.044440485537052155
val/T-mAP: 0.15443991124629974
val/T-mAP-micro: 0.396761417388916
val/horizon-max-accuracy-micro: 0.5179194808006287
val/horizon-mean-time-step: 0.9262663125991821
val/loss: 3.262422800064087
val/loss_labels: 2.3439738750457764
val/loss_timestamps: 0.9184489250183105
val/mean-predicted-length: 7.278068542480469
val/mean-target-length: 8.979360580444336
val/next-item-accuracy: 0.35011518001556396
val/next-item-mae: 0.7594025731086731
val/next-item-map: 0.08387868851423264
val/next-item-map-micro: 0.2710913419723511
val/next-item-max-accuracy: 0.4725510776042938
val/next-item-mean-time-step: 0.8991499543190002
val/next-item-rmse: 1.0972158908843994
val/next-k-label-distribution-delta: 5.468888282775879
val/optimal-transport-distance: 6.852345943450928
val/sequence-labels-entropy: 0.6611208319664001
val/timestamps-bias-mean: 0.09498774260282516
val/timestamps-current_influence: -0.04444047808647156
