date: '2024-11-26 12:28:24'
test/T-mAP: 0.0976252630352974
test/T-mAP-micro: 0.38627737760543823
test/horizon-max-accuracy-micro: 0.5172791481018066
test/horizon-mean-time-step: 0.9222235679626465
test/loss: 3.3526320457458496
test/loss_labels: 2.4439945220947266
test/loss_timestamps: 0.9086377024650574
test/mean-predicted-length: 7.3135457038879395
test/mean-target-length: 9.117027282714844
test/next-item-accuracy: 0.342826783657074
test/next-item-mae: 0.7586598992347717
test/next-item-map: 0.05290285497903824
test/next-item-map-micro: 0.2602248787879944
test/next-item-max-accuracy: 0.4725319445133209
test/next-item-mean-time-step: 0.8862156867980957
test/next-item-rmse: 1.08798348903656
test/next-k-label-distribution-delta: 5.525198936462402
test/optimal-transport-distance: 6.8924174308776855
test/sequence-labels-entropy: 0.6749522089958191
test/timestamps-bias-mean: 0.10116036236286163
test/timestamps-current_influence: -0.044440485537052155
val/T-mAP: 0.1019936352968216
val/T-mAP-micro: 0.3885871171951294
val/horizon-max-accuracy-micro: 0.5169070363044739
val/horizon-mean-time-step: 0.9241915345191956
val/loss: 3.3337769508361816
val/loss_labels: 2.4267027378082275
val/loss_timestamps: 0.907073974609375
val/mean-predicted-length: 7.309915542602539
val/mean-target-length: 9.158028602600098
val/next-item-accuracy: 0.3435613811016083
val/next-item-mae: 0.757716715335846
val/next-item-map: 0.05063241347670555
val/next-item-map-micro: 0.2630558907985687
val/next-item-max-accuracy: 0.4732076823711395
val/next-item-mean-time-step: 0.8863136172294617
val/next-item-rmse: 1.088881254196167
val/next-k-label-distribution-delta: 5.514601230621338
val/optimal-transport-distance: 6.8798418045043945
val/sequence-labels-entropy: 0.6724240183830261
val/timestamps-bias-mean: 0.10165827721357346
val/timestamps-current_influence: -0.04444047808647156
