date: '2024-11-26 12:23:58'
test/T-mAP: 0.43333137035369873
test/T-mAP-micro: 0.6254729628562927
test/horizon-max-accuracy-micro: 0.5614327192306519
test/horizon-mean-time-step: 1.2637375593185425
test/loss: 2.3377180099487305
test/loss_labels: 0.8829024434089661
test/loss_timestamps: 1.4548152685165405
test/mean-predicted-length: 4.962982654571533
test/mean-target-length: 4.855121612548828
test/next-item-accuracy: 0.6409507393836975
test/next-item-mae: 0.997268795967102
test/next-item-map: 0.42671090364456177
test/next-item-map-micro: 0.6533781290054321
test/next-item-max-accuracy: 0.5583752989768982
test/next-item-mean-time-step: 1.6276252269744873
test/next-item-rmse: 1.5906107425689697
test/next-k-label-distribution-delta: 3.0090415477752686
test/optimal-transport-distance: 5.6187238693237305
test/sequence-labels-entropy: 0.32080718874931335
test/timestamps-bias-mean: -0.28072890639305115
test/timestamps-current_influence: -0.044440485537052155
val/T-mAP: 0.4359208643436432
val/T-mAP-micro: 0.633660078048706
val/horizon-max-accuracy-micro: 0.5671297907829285
val/horizon-mean-time-step: 1.2644652128219604
val/loss: 2.3337080478668213
val/loss_labels: 0.8819876909255981
val/loss_timestamps: 1.4517208337783813
val/mean-predicted-length: 4.967543125152588
val/mean-target-length: 4.905542850494385
val/next-item-accuracy: 0.6401124000549316
val/next-item-mae: 0.9938505291938782
val/next-item-map: 0.42247968912124634
val/next-item-map-micro: 0.6522265672683716
val/next-item-max-accuracy: 0.5572895407676697
val/next-item-mean-time-step: 1.623292326927185
val/next-item-rmse: 1.5874359607696533
val/next-k-label-distribution-delta: 3.019514799118042
val/optimal-transport-distance: 5.5887837409973145
val/sequence-labels-entropy: 0.3220728933811188
val/timestamps-bias-mean: -0.27922070026397705
val/timestamps-current_influence: -0.04444047808647156
