date: '2024-11-26 12:24:33'
test/T-mAP: 0.3776988685131073
test/T-mAP-micro: 0.5287511944770813
test/horizon-max-accuracy-micro: 0.5320147275924683
test/horizon-mean-time-step: 1.0983977317810059
test/loss: 2.618389129638672
test/loss_labels: 1.4395558834075928
test/loss_timestamps: 1.1788333654403687
test/mean-predicted-length: 5.9832868576049805
test/mean-target-length: 6.454954624176025
test/next-item-accuracy: 0.48609161376953125
test/next-item-mae: 0.8514692187309265
test/next-item-map: 0.2874627411365509
test/next-item-map-micro: 0.44807738065719604
test/next-item-max-accuracy: 0.4791162610054016
test/next-item-mean-time-step: 1.2138100862503052
test/next-item-rmse: 1.321816325187683
test/next-k-label-distribution-delta: 4.192620277404785
test/optimal-transport-distance: 6.151148796081543
test/sequence-labels-entropy: 0.49781858921051025
test/timestamps-bias-mean: -0.10061737895011902
test/timestamps-current_influence: -0.044440485537052155
val/T-mAP: 0.3770054876804352
val/T-mAP-micro: 0.5299568772315979
val/horizon-max-accuracy-micro: 0.5314903855323792
val/horizon-mean-time-step: 1.0962862968444824
val/loss: 2.615854263305664
val/loss_labels: 1.4387462139129639
val/loss_timestamps: 1.1771080493927002
val/mean-predicted-length: 5.991175651550293
val/mean-target-length: 6.489493370056152
val/next-item-accuracy: 0.48521888256073
val/next-item-mae: 0.8525323867797852
val/next-item-map: 0.28404292464256287
val/next-item-map-micro: 0.44683030247688293
val/next-item-max-accuracy: 0.47789838910102844
val/next-item-mean-time-step: 1.2144399881362915
val/next-item-rmse: 1.3262403011322021
val/next-k-label-distribution-delta: 4.22544002532959
val/optimal-transport-distance: 6.15783166885376
val/sequence-labels-entropy: 0.4921974241733551
val/timestamps-bias-mean: -0.10000663250684738
val/timestamps-current_influence: -0.04444047808647156
