date: '2024-11-26 12:25:13'
test/T-mAP: 0.29986637830734253
test/T-mAP-micro: 0.46315687894821167
test/horizon-max-accuracy-micro: 0.5235950946807861
test/horizon-mean-time-step: 0.994387149810791
test/loss: 2.8789525032043457
test/loss_labels: 1.847722053527832
test/loss_timestamps: 1.0312303304672241
test/mean-predicted-length: 6.708647727966309
test/mean-target-length: 7.754724025726318
test/next-item-accuracy: 0.4085260331630707
test/next-item-mae: 0.7916457056999207
test/next-item-map: 0.19534726440906525
test/next-item-map-micro: 0.34675753116607666
test/next-item-max-accuracy: 0.4706936180591583
test/next-item-mean-time-step: 1.0260529518127441
test/next-item-rmse: 1.1847106218338013
test/next-k-label-distribution-delta: 4.889323711395264
test/optimal-transport-distance: 6.5412983894348145
test/sequence-labels-entropy: 0.6104987859725952
test/timestamps-bias-mean: 0.024289896711707115
test/timestamps-current_influence: -0.044440485537052155
val/T-mAP: 0.30873793363571167
val/T-mAP-micro: 0.4667871594429016
val/horizon-max-accuracy-micro: 0.5243030786514282
val/horizon-mean-time-step: 0.9945358037948608
val/loss: 2.8714611530303955
val/loss_labels: 1.8459551334381104
val/loss_timestamps: 1.0255053043365479
val/mean-predicted-length: 6.715119361877441
val/mean-target-length: 7.8387885093688965
val/next-item-accuracy: 0.40700218081474304
val/next-item-mae: 0.7885871529579163
val/next-item-map: 0.20040388405323029
val/next-item-map-micro: 0.3469618558883667
val/next-item-max-accuracy: 0.4711320400238037
val/next-item-mean-time-step: 1.0208041667938232
val/next-item-rmse: 1.1809184551239014
val/next-k-label-distribution-delta: 4.882640361785889
val/optimal-transport-distance: 6.528168678283691
val/sequence-labels-entropy: 0.6163319945335388
val/timestamps-bias-mean: 0.02685164101421833
val/timestamps-current_influence: -0.04444047808647156
