date: '2024-11-26 12:25:59'
test/T-mAP: 0.18849675357341766
test/T-mAP-micro: 0.42390257120132446
test/horizon-max-accuracy-micro: 0.5214338302612305
test/horizon-mean-time-step: 0.9529948234558105
test/loss: 3.09659743309021
test/loss_labels: 2.1269800662994385
test/loss_timestamps: 0.9696172475814819
test/mean-predicted-length: 7.023772239685059
test/mean-target-length: 8.363737106323242
test/next-item-accuracy: 0.3750746250152588
test/next-item-mae: 0.7759750485420227
test/next-item-map: 0.11438456177711487
test/next-item-map-micro: 0.2998795211315155
test/next-item-max-accuracy: 0.46939122676849365
test/next-item-mean-time-step: 0.9546868801116943
test/next-item-rmse: 1.1395764350891113
test/next-k-label-distribution-delta: 5.204800128936768
test/optimal-transport-distance: 6.70623779296875
test/sequence-labels-entropy: 0.6321742534637451
test/timestamps-bias-mean: 0.05874788761138916
test/timestamps-current_influence: -0.044440485537052155
val/T-mAP: 0.1894366443157196
val/T-mAP-micro: 0.4271322786808014
val/horizon-max-accuracy-micro: 0.52055823802948
val/horizon-mean-time-step: 0.9551594257354736
val/loss: 3.085083246231079
val/loss_labels: 2.1194114685058594
val/loss_timestamps: 0.9656722545623779
val/mean-predicted-length: 7.0145134925842285
val/mean-target-length: 8.405827522277832
val/next-item-accuracy: 0.3747398555278778
val/next-item-mae: 0.7742280960083008
val/next-item-map: 0.11647167801856995
val/next-item-map-micro: 0.30124402046203613
val/next-item-max-accuracy: 0.4700893759727478
val/next-item-mean-time-step: 0.9521075487136841
val/next-item-rmse: 1.1387861967086792
val/next-k-label-distribution-delta: 5.200972080230713
val/optimal-transport-distance: 6.702219486236572
val/sequence-labels-entropy: 0.6309599280357361
val/timestamps-bias-mean: 0.060405515134334564
val/timestamps-current_influence: -0.04444047808647156
