date: '2025-12-14 16:32:30'
test/T-mAP: 0.12363412231206894
test/T-mAP-weighted: 0.41536444425582886
test/horizon-max-f-score: 0.18451032042503357
test/horizon-max-f-score-weighted: 0.46172091364860535
test/horizon-mean-time-step: 0.327865332365036
test/loss: 2.3372223377227783
test/loss_labels: 1.679754376411438
test/loss_timestamps: 0.6574677228927612
test/mean-predicted-length: 26.34758758544922
test/mean-target-length: 15.583646774291992
test/next-item-accuracy: 0.43821656703948975
test/next-item-mae: 0.6559284329414368
test/next-item-map: 0.11588988453149796
test/next-item-map-weighted: 0.3343625068664551
test/next-item-max-f-score: 0.177077516913414
test/next-item-max-f-score-weighted: 0.43507713079452515
test/next-item-mean-time-step: 0.885283887386322
test/next-item-rmse: 1.086780309677124
test/next-k-label-distribution-delta: 9.755730628967285
test/optimal-transport-distance: 13.739119529724121
test/sequence-labels-entropy: 0.3022623658180237
test/target-sequence-labels-entropy: 1.4227653741836548
val/T-mAP: 0.12540203332901
val/T-mAP-weighted: 0.4242938458919525
val/horizon-max-f-score: 0.18519338965415955
val/horizon-max-f-score-weighted: 0.4713277816772461
val/horizon-mean-time-step: 0.33260872960090637
val/loss: 2.2924141883850098
val/loss_labels: 1.6209028959274292
val/loss_timestamps: 0.6715112924575806
val/mean-predicted-length: 26.293170928955078
val/mean-target-length: 15.263496398925781
val/next-item-accuracy: 0.4535692632198334
val/next-item-mae: 0.6678532361984253
val/next-item-map: 0.12158714979887009
val/next-item-map-weighted: 0.3570351004600525
val/next-item-max-f-score: 0.18047358095645905
val/next-item-max-f-score-weighted: 0.45154136419296265
val/next-item-mean-time-step: 0.9120540022850037
val/next-item-rmse: 1.1086289882659912
val/next-k-label-distribution-delta: 9.49946403503418
val/optimal-transport-distance: 13.672869682312012
val/sequence-labels-entropy: 0.2781965434551239
val/target-sequence-labels-entropy: 1.3858129978179932
