date: '2026-02-21 16:18:45'
test/T-mAP: 0.12259315699338913
test/T-mAP-weighted: 0.411649227142334
test/horizon-max-f-score: 0.1841328740119934
test/horizon-max-f-score-weighted: 0.4611625075340271
test/horizon-mean-time-step: 0.43815121054649353
test/loss: 2.7024099826812744
test/loss_labels: 2.015781879425049
test/loss_timestamps: 0.686627984046936
test/mean-predicted-length: 21.82312774658203
test/mean-target-length: 15.583646774291992
test/next-item-accuracy: 0.39179936051368713
test/next-item-mae: 0.6849647760391235
test/next-item-map: 0.1010797917842865
test/next-item-map-weighted: 0.31037819385528564
test/next-item-max-f-score: 0.16468031704425812
test/next-item-max-f-score-weighted: 0.4183216691017151
test/next-item-mean-time-step: 0.9047561883926392
test/next-item-rmse: 1.1048839092254639
test/next-k-label-distribution-delta: 8.762914657592773
test/optimal-transport-distance: 13.540583610534668
test/sequence-labels-entropy: 0.6313192844390869
test/target-sequence-labels-entropy: 1.4227652549743652
val/T-mAP: 0.13398756086826324
val/T-mAP-weighted: 0.43258681893348694
val/horizon-max-f-score: 0.19436150789260864
val/horizon-max-f-score-weighted: 0.47402021288871765
val/horizon-mean-time-step: 0.4390702545642853
val/loss: 2.6627330780029297
val/loss_labels: 1.9638863801956177
val/loss_timestamps: 0.6988468170166016
val/mean-predicted-length: 21.765106201171875
val/mean-target-length: 15.263496398925781
val/next-item-accuracy: 0.4035794138908386
val/next-item-mae: 0.694980263710022
val/next-item-map: 0.09938103705644608
val/next-item-map-weighted: 0.32632505893707275
val/next-item-max-f-score: 0.16036200523376465
val/next-item-max-f-score-weighted: 0.43148359656333923
val/next-item-mean-time-step: 0.9325132369995117
val/next-item-rmse: 1.1220968961715698
val/next-k-label-distribution-delta: 8.449767112731934
val/optimal-transport-distance: 13.389678001403809
val/sequence-labels-entropy: 0.6158937215805054
val/target-sequence-labels-entropy: 1.385812759399414
