date: '2024-09-27 01:59:35'
test/T-mAP: 0.13245625793933868
test/T-mAP-micro: 0.17456117272377014
test/horizon-mean-time-step: 20.904428482055664
test/loss: -1.2024571895599365
test/loss_nhp: -1.2024571895599365
test/mean-predicted-length: 8.31572437286377
test/mean-target-length: 8.947009086608887
test/next-item-accuracy: 0.23622021079063416
test/next-item-mae: 3.070650339126587
test/next-item-map: 0.28879302740097046
test/next-item-map-micro: 0.38828927278518677
test/next-item-mean-time-step: 27.28111457824707
test/next-item-rmse: 8.755424499511719
test/next-k-label-distribution-delta: 6.417239665985107
test/optimal-transport-distance: 15.608545303344727
test/sequence-labels-entropy: 1.4311636686325073
test/thinning_accepted: 43.70206832885742
val/T-mAP: 0.13422361016273499
val/T-mAP-micro: 0.1753406524658203
val/horizon-mean-time-step: 20.830764770507812
val/loss: -0.7243052124977112
val/loss_nhp: -0.7243052124977112
val/mean-predicted-length: 8.311559677124023
val/mean-target-length: 9.00789737701416
val/next-item-accuracy: 0.23357540369033813
val/next-item-mae: 3.034102439880371
val/next-item-map: 0.2894715368747711
val/next-item-map-micro: 0.3891693353652954
val/next-item-mean-time-step: 26.57316017150879
val/next-item-rmse: 8.693437576293945
val/next-k-label-distribution-delta: 6.404699325561523
val/optimal-transport-distance: 15.582928657531738
val/sequence-labels-entropy: 1.436004638671875
val/thinning_accepted: 43.97132873535156
