date: '2024-09-27 08:48:36'
test/T-mAP: 0.1814315766096115
test/T-mAP-micro: 0.23849886655807495
test/horizon-mean-time-step: 18.099178314208984
test/loss: -1.2024571895599365
test/loss_nhp: -1.2024571895599365
test/mean-predicted-length: 6.604159355163574
test/mean-target-length: 8.947009086608887
test/next-item-accuracy: 0.3877169191837311
test/next-item-mae: 3.070650339126587
test/next-item-map: 0.30909740924835205
test/next-item-map-micro: 0.41229695081710815
test/next-item-mean-time-step: 27.28111457824707
test/next-item-rmse: 8.755424499511719
test/next-k-label-distribution-delta: 5.696413516998291
test/optimal-transport-distance: 14.297503471374512
test/sequence-labels-entropy: 1.2324527502059937
test/thinning_accepted: 43.70206832885742
val/T-mAP: 0.18252715468406677
val/T-mAP-micro: 0.23880311846733093
val/horizon-mean-time-step: 18.037540435791016
val/loss: -0.7243052124977112
val/loss_nhp: -0.7243052124977112
val/mean-predicted-length: 6.609635829925537
val/mean-target-length: 9.00789737701416
val/next-item-accuracy: 0.3868330717086792
val/next-item-mae: 3.034102439880371
val/next-item-map: 0.3100479245185852
val/next-item-map-micro: 0.41352149844169617
val/next-item-mean-time-step: 26.57316017150879
val/next-item-rmse: 8.693437576293945
val/next-k-label-distribution-delta: 5.692870616912842
val/optimal-transport-distance: 14.29377555847168
val/sequence-labels-entropy: 1.2324203252792358
val/thinning_accepted: 43.97132873535156
