date: '2024-09-27 05:23:54'
test/T-mAP: 0.15714359283447266
test/T-mAP-micro: 0.2049892097711563
test/horizon-mean-time-step: 18.671831130981445
test/loss: -1.2024571895599365
test/loss_nhp: -1.2024571895599365
test/mean-predicted-length: 7.426939010620117
test/mean-target-length: 8.947009086608887
test/next-item-accuracy: 0.32264137268066406
test/next-item-mae: 3.070650339126587
test/next-item-map: 0.3014557957649231
test/next-item-map-micro: 0.40255308151245117
test/next-item-mean-time-step: 27.28111457824707
test/next-item-rmse: 8.755424499511719
test/next-k-label-distribution-delta: 5.944159507751465
test/optimal-transport-distance: 14.850530624389648
test/sequence-labels-entropy: 1.323654055595398
test/thinning_accepted: 43.70206832885742
val/T-mAP: 0.160652756690979
val/T-mAP-micro: 0.20749565958976746
val/horizon-mean-time-step: 18.752086639404297
val/loss: -0.7243052124977112
val/loss_nhp: -0.7243052124977112
val/mean-predicted-length: 7.366700649261475
val/mean-target-length: 9.00789737701416
val/next-item-accuracy: 0.32221323251724243
val/next-item-mae: 3.034102439880371
val/next-item-map: 0.3025672733783722
val/next-item-map-micro: 0.4037815034389496
val/next-item-mean-time-step: 26.57316017150879
val/next-item-rmse: 8.693437576293945
val/next-k-label-distribution-delta: 5.928624153137207
val/optimal-transport-distance: 14.818665504455566
val/sequence-labels-entropy: 1.3246878385543823
val/thinning_accepted: 43.97132873535156
