date: '2024-09-26 22:35:12'
test/T-mAP: 0.07338081300258636
test/T-mAP-micro: 0.08855132758617401
test/horizon-mean-time-step: 17.317302703857422
test/loss: -1.2024571895599365
test/loss_nhp: -1.2024571895599365
test/mean-predicted-length: 12.450530052185059
test/mean-target-length: 8.947009086608887
test/next-item-accuracy: 0.062080368399620056
test/next-item-mae: 3.070650339126587
test/next-item-map: 0.2658301889896393
test/next-item-map-micro: 0.3635469675064087
test/next-item-mean-time-step: 27.28111457824707
test/next-item-rmse: 8.755424499511719
test/next-k-label-distribution-delta: 8.21218204498291
test/optimal-transport-distance: 17.820051193237305
test/sequence-labels-entropy: 1.659571886062622
test/thinning_accepted: 43.70206832885742
val/T-mAP: 0.07392719388008118
val/T-mAP-micro: 0.08877687156200409
val/horizon-mean-time-step: 17.26932716369629
val/loss: -0.7243052124977112
val/loss_nhp: -0.7243052124977112
val/mean-predicted-length: 12.486723899841309
val/mean-target-length: 9.00789737701416
val/next-item-accuracy: 0.061265729367733
val/next-item-mae: 3.034102439880371
val/next-item-map: 0.2663428485393524
val/next-item-map-micro: 0.3640771210193634
val/next-item-mean-time-step: 26.57316017150879
val/next-item-rmse: 8.693437576293945
val/next-k-label-distribution-delta: 8.192278861999512
val/optimal-transport-distance: 17.786605834960938
val/sequence-labels-entropy: 1.6631762981414795
val/thinning_accepted: 43.97132873535156
