date: '2024-09-27 12:14:17'
test/T-mAP: 0.2188049554824829
test/T-mAP-micro: 0.2986258566379547
test/horizon-mean-time-step: 19.137521743774414
test/loss: -1.2024571895599365
test/loss_nhp: -1.2024571895599365
test/mean-predicted-length: 5.4474616050720215
test/mean-target-length: 8.947009086608887
test/next-item-accuracy: 0.43997621536254883
test/next-item-mae: 3.070650339126587
test/next-item-map: 0.30262231826782227
test/next-item-map-micro: 0.4050326347351074
test/next-item-mean-time-step: 27.28111457824707
test/next-item-rmse: 8.755424499511719
test/next-k-label-distribution-delta: 5.483190536499023
test/optimal-transport-distance: 14.308343887329102
test/sequence-labels-entropy: 1.078304648399353
test/thinning_accepted: 43.70206832885742
val/T-mAP: 0.21919380128383636
val/T-mAP-micro: 0.2973952293395996
val/horizon-mean-time-step: 19.06731414794922
val/loss: -0.7243052124977112
val/loss_nhp: -0.7243052124977112
val/mean-predicted-length: 5.465619087219238
val/mean-target-length: 9.00789737701416
val/next-item-accuracy: 0.4399002194404602
val/next-item-mae: 3.034102439880371
val/next-item-map: 0.3031727969646454
val/next-item-map-micro: 0.4054982662200928
val/next-item-mean-time-step: 26.57316017150879
val/next-item-rmse: 8.693437576293945
val/next-k-label-distribution-delta: 5.478633880615234
val/optimal-transport-distance: 14.295927047729492
val/sequence-labels-entropy: 1.0798282623291016
val/thinning_accepted: 43.97132873535156
