date: '2024-09-27 15:40:10'
test/T-mAP: 0.22984497249126434
test/T-mAP-micro: 0.3128804564476013
test/horizon-mean-time-step: 19.365480422973633
test/loss: -1.4182491302490234
test/loss_nhp: -1.4182491302490234
test/mean-predicted-length: 5.2806806564331055
test/mean-target-length: 8.947009086608887
test/next-item-accuracy: 0.4374047517776489
test/next-item-mae: 3.0684773921966553
test/next-item-map: 0.30168941617012024
test/next-item-map-micro: 0.40289515256881714
test/next-item-mean-time-step: 27.280961990356445
test/next-item-rmse: 8.753028869628906
test/next-k-label-distribution-delta: 5.544236660003662
test/optimal-transport-distance: 14.542410850524902
test/sequence-labels-entropy: 1.0490615367889404
test/thinning_accepted: 43.4941291809082
val/T-mAP: 0.2312755584716797
val/T-mAP-micro: 0.3123425841331482
val/horizon-mean-time-step: 19.331552505493164
val/loss: 0.9889823198318481
val/loss_nhp: 0.9889823198318481
val/mean-predicted-length: 5.288473606109619
val/mean-target-length: 9.00789737701416
val/next-item-accuracy: 0.43723055720329285
val/next-item-mae: 3.035568952560425
val/next-item-map: 0.3022899925708771
val/next-item-map-micro: 0.40352392196655273
val/next-item-mean-time-step: 26.571453094482422
val/next-item-rmse: 8.693652153015137
val/next-k-label-distribution-delta: 5.533444881439209
val/optimal-transport-distance: 14.516194343566895
val/sequence-labels-entropy: 1.0512535572052002
val/thinning_accepted: 43.76371383666992
