date: '2024-09-27 12:14:54'
test/T-mAP: 0.3073454201221466
test/T-mAP-micro: 0.4089769124984741
test/horizon-mean-time-step: 0.48460662364959717
test/loss: 5.015005111694336
test/loss__presence: 0.5114266276359558
test/loss_labels: 1.4280284643173218
test/loss_timestamps: 3.0755503177642822
test/match_cost_mean: -0.8498004078865051
test/match_cost_std: 23.111038208007812
test/max_cost: 195.64991760253906
test/mean-predicted-length: 8.392416000366211
test/mean-target-length: 8.947009086608887
test/next-item-accuracy: 0.36508259177207947
test/next-item-mae: 2.7337889671325684
test/next-item-map: 0.269640177488327
test/next-item-map-micro: 0.3482528626918793
test/next-item-mean-time-step: 27.404111862182617
test/next-item-rmse: 8.579584121704102
test/next-k-label-distribution-delta: 5.257254123687744
test/optimal-transport-distance: 12.642440795898438
test/prediction_match_rate: 0.24838224053382874
test/sequence-labels-entropy: 1.3740780353546143
test/target_match_rate: 1.0
val/T-mAP: 0.3108738660812378
val/T-mAP-micro: 0.41047996282577515
val/horizon-mean-time-step: 0.48575258255004883
val/loss: 5.039095878601074
val/loss__presence: 0.5237061381340027
val/loss_labels: 1.4290131330490112
val/loss_timestamps: 3.0863773822784424
val/match_cost_mean: -0.7228248119354248
val/match_cost_std: 23.365161895751953
val/max_cost: 195.7498779296875
val/mean-predicted-length: 8.476240158081055
val/mean-target-length: 9.00789737701416
val/next-item-accuracy: 0.36558547616004944
val/next-item-mae: 2.69629168510437
val/next-item-map: 0.26742446422576904
val/next-item-map-micro: 0.3487594425678253
val/next-item-mean-time-step: 26.689510345458984
val/next-item-rmse: 8.515374183654785
val/next-k-label-distribution-delta: 5.254106521606445
val/optimal-transport-distance: 12.641812324523926
val/prediction_match_rate: 0.25106877088546753
val/sequence-labels-entropy: 1.38258695602417
val/target_match_rate: 1.0
