date: '2024-09-27 05:25:07'
test/T-mAP: 0.3027111887931824
test/T-mAP-micro: 0.4052492380142212
test/horizon-mean-time-step: 0.7174538373947144
test/loss: 7.8102922439575195
test/loss__presence: 0.28614872694015503
test/loss_labels: 1.197352647781372
test/loss_next_item_labels: 1.3660129308700562
test/loss_next_item_timestamps: 2.212507486343384
test/loss_timestamps: 2.7482714653015137
test/match_cost_mean: -2.8746862411499023
test/match_cost_std: 10.510361671447754
test/max_cost: 60.69525146484375
test/mean-predicted-length: 8.496040344238281
test/mean-target-length: 8.947009086608887
test/next-item-accuracy: 0.5402315855026245
test/next-item-mae: 3.009827136993408
test/next-item-map: 0.46223101019859314
test/next-item-map-micro: 0.589177131652832
test/next-item-mean-time-step: 27.824403762817383
test/next-item-rmse: 8.912461280822754
test/next-k-label-distribution-delta: 5.677014350891113
test/optimal-transport-distance: 13.171887397766113
test/prediction_match_rate: 0.24838224053382874
test/sequence-labels-entropy: 1.4028631448745728
test/target_match_rate: 1.0
val/T-mAP: 0.3060651123523712
val/T-mAP-micro: 0.4074362516403198
val/horizon-mean-time-step: 0.718320369720459
val/loss: 7.767452716827393
val/loss__presence: 0.28960683941841125
val/loss_labels: 1.1958677768707275
val/loss_next_item_labels: 1.3641642332077026
val/loss_next_item_timestamps: 2.1829049587249756
val/loss_timestamps: 2.734905958175659
val/match_cost_mean: -2.8459789752960205
val/match_cost_std: 10.517571449279785
val/max_cost: 60.707550048828125
val/mean-predicted-length: 8.602784156799316
val/mean-target-length: 9.00789737701416
val/next-item-accuracy: 0.5413440465927124
val/next-item-mae: 2.9679114818573
val/next-item-map: 0.4602262079715729
val/next-item-map-micro: 0.5888931155204773
val/next-item-mean-time-step: 27.102617263793945
val/next-item-rmse: 8.843852996826172
val/next-k-label-distribution-delta: 5.669042110443115
val/optimal-transport-distance: 13.143340110778809
val/prediction_match_rate: 0.25106877088546753
val/sequence-labels-entropy: 1.411428451538086
val/target_match_rate: 1.0
