date: '2024-09-27 08:49:50'
test/T-mAP: 0.2841518819332123
test/T-mAP-micro: 0.3867952525615692
test/horizon-mean-time-step: 0.7174538373947144
test/loss: 11.841854095458984
test/loss__presence: 0.28614872694015503
test/loss_labels: 1.197352647781372
test/loss_next_item_labels: 5.397574424743652
test/loss_next_item_timestamps: 2.212507486343384
test/loss_timestamps: 2.7482714653015137
test/match_cost_mean: -2.8746862411499023
test/match_cost_std: 10.510361671447754
test/max_cost: 60.69525146484375
test/mean-predicted-length: 8.496040344238281
test/mean-target-length: 8.947009086608887
test/next-item-accuracy: 0.5851942896842957
test/next-item-mae: 3.009827136993408
test/next-item-map: 0.44680213928222656
test/next-item-map-micro: 0.5680568218231201
test/next-item-mean-time-step: 27.824403762817383
test/next-item-rmse: 8.912461280822754
test/next-k-label-distribution-delta: 5.577225685119629
test/optimal-transport-distance: 12.945037841796875
test/prediction_match_rate: 0.24838224053382874
test/sequence-labels-entropy: 1.381394863128662
test/target_match_rate: 1.0
val/T-mAP: 0.28699567914009094
val/T-mAP-micro: 0.3886731266975403
val/horizon-mean-time-step: 0.718320369720459
val/loss: 11.797625541687012
val/loss__presence: 0.28960683941841125
val/loss_labels: 1.1958677768707275
val/loss_next_item_labels: 5.3943376541137695
val/loss_next_item_timestamps: 2.1829049587249756
val/loss_timestamps: 2.734905958175659
val/match_cost_mean: -2.8459789752960205
val/match_cost_std: 10.517571449279785
val/max_cost: 60.707550048828125
val/mean-predicted-length: 8.602784156799316
val/mean-target-length: 9.00789737701416
val/next-item-accuracy: 0.5859400033950806
val/next-item-mae: 2.9679114818573
val/next-item-map: 0.44564563035964966
val/next-item-map-micro: 0.5684123635292053
val/next-item-mean-time-step: 27.102617263793945
val/next-item-rmse: 8.843852996826172
val/next-k-label-distribution-delta: 5.569545745849609
val/optimal-transport-distance: 12.923776626586914
val/prediction_match_rate: 0.25106877088546753
val/sequence-labels-entropy: 1.3897745609283447
val/target_match_rate: 1.0
