date: '2024-09-26 19:09:49'
test/T-mAP: 0.2472904473543167
test/T-mAP-micro: 0.33930933475494385
test/horizon-mean-time-step: 0.7174538373947144
test/loss: 9.063736915588379
test/loss__presence: 0.28614872694015503
test/loss_labels: 1.197352647781372
test/loss_next_item_labels: 2.6194586753845215
test/loss_next_item_timestamps: 2.212507486343384
test/loss_timestamps: 2.7482714653015137
test/match_cost_mean: -2.8746862411499023
test/match_cost_std: 10.510361671447754
test/max_cost: 60.69525146484375
test/mean-predicted-length: 8.496040344238281
test/mean-target-length: 8.947009086608887
test/next-item-accuracy: 0.07407864928245544
test/next-item-mae: 3.009827136993408
test/next-item-map: 0.41779986023902893
test/next-item-map-micro: 0.5366418957710266
test/next-item-mean-time-step: 27.824403762817383
test/next-item-rmse: 8.912461280822754
test/next-k-label-distribution-delta: 8.228182792663574
test/optimal-transport-distance: 17.743398666381836
test/prediction_match_rate: 0.24838224053382874
test/sequence-labels-entropy: 1.5230916738510132
test/target_match_rate: 1.0
val/T-mAP: 0.24910564720630646
val/T-mAP-micro: 0.34033942222595215
val/horizon-mean-time-step: 0.718320369720459
val/loss: 9.022306442260742
val/loss__presence: 0.28960683941841125
val/loss_labels: 1.1958677768707275
val/loss_next_item_labels: 2.619020700454712
val/loss_next_item_timestamps: 2.1829049587249756
val/loss_timestamps: 2.734905958175659
val/match_cost_mean: -2.8459789752960205
val/match_cost_std: 10.517571449279785
val/max_cost: 60.707550048828125
val/mean-predicted-length: 8.602784156799316
val/mean-target-length: 9.00789737701416
val/next-item-accuracy: 0.07452214509248734
val/next-item-mae: 2.9679114818573
val/next-item-map: 0.4162514805793762
val/next-item-map-micro: 0.5369816422462463
val/next-item-mean-time-step: 27.102617263793945
val/next-item-rmse: 8.843852996826172
val/next-k-label-distribution-delta: 8.234707832336426
val/optimal-transport-distance: 17.731155395507812
val/prediction_match_rate: 0.25106877088546753
val/sequence-labels-entropy: 1.5316299200057983
val/target_match_rate: 1.0
