date: '2024-09-27 12:15:30'
test/T-mAP: 0.3058291971683502
test/T-mAP-micro: 0.4092545211315155
test/horizon-mean-time-step: 0.7174538373947144
test/loss: 7.580395698547363
test/loss__presence: 0.28614872694015503
test/loss_labels: 1.197352647781372
test/loss_next_item_labels: 1.1361145973205566
test/loss_next_item_timestamps: 2.212507486343384
test/loss_timestamps: 2.7482714653015137
test/match_cost_mean: -2.8746862411499023
test/match_cost_std: 10.510361671447754
test/max_cost: 60.69525146484375
test/mean-predicted-length: 8.496040344238281
test/mean-target-length: 8.947009086608887
test/next-item-accuracy: 0.5865182876586914
test/next-item-mae: 3.009827136993408
test/next-item-map: 0.46459901332855225
test/next-item-map-micro: 0.5919169187545776
test/next-item-mean-time-step: 27.824403762817383
test/next-item-rmse: 8.912461280822754
test/next-k-label-distribution-delta: 5.570978164672852
test/optimal-transport-distance: 12.93425464630127
test/prediction_match_rate: 0.24838224053382874
test/sequence-labels-entropy: 1.3811030387878418
test/target_match_rate: 1.0
val/T-mAP: 0.3093701899051666
val/T-mAP-micro: 0.41124603152275085
val/horizon-mean-time-step: 0.718320369720459
val/loss: 7.537079811096191
val/loss__presence: 0.28960683941841125
val/loss_labels: 1.1958677768707275
val/loss_next_item_labels: 1.1337950229644775
val/loss_next_item_timestamps: 2.1829049587249756
val/loss_timestamps: 2.734905958175659
val/match_cost_mean: -2.8459789752960205
val/match_cost_std: 10.517571449279785
val/max_cost: 60.707550048828125
val/mean-predicted-length: 8.602784156799316
val/mean-target-length: 9.00789737701416
val/next-item-accuracy: 0.5877029895782471
val/next-item-mae: 2.9679114818573
val/next-item-map: 0.4628334045410156
val/next-item-map-micro: 0.5919988751411438
val/next-item-mean-time-step: 27.102617263793945
val/next-item-rmse: 8.843852996826172
val/next-k-label-distribution-delta: 5.564867973327637
val/optimal-transport-distance: 12.915238380432129
val/prediction_match_rate: 0.25106877088546753
val/sequence-labels-entropy: 1.3892624378204346
val/target_match_rate: 1.0
