date: '2024-09-27 08:49:14'
test/T-mAP: 0.2874845266342163
test/T-mAP-micro: 0.388691782951355
test/horizon-mean-time-step: 0.48460662364959717
test/loss: 5.015005111694336
test/loss__presence: 0.5114266276359558
test/loss_labels: 1.4280284643173218
test/loss_timestamps: 3.0755503177642822
test/match_cost_mean: -0.8498004078865051
test/match_cost_std: 23.111038208007812
test/max_cost: 195.64991760253906
test/mean-predicted-length: 8.392416000366211
test/mean-target-length: 8.947009086608887
test/next-item-accuracy: 0.35020682215690613
test/next-item-mae: 2.7337889671325684
test/next-item-map: 0.2354954332113266
test/next-item-map-micro: 0.30537331104278564
test/next-item-mean-time-step: 27.404111862182617
test/next-item-rmse: 8.579584121704102
test/next-k-label-distribution-delta: 5.257856845855713
test/optimal-transport-distance: 12.644550323486328
test/prediction_match_rate: 0.24838224053382874
test/sequence-labels-entropy: 1.3751087188720703
test/target_match_rate: 1.0
val/T-mAP: 0.29013028740882874
val/T-mAP-micro: 0.38963600993156433
val/horizon-mean-time-step: 0.48575258255004883
val/loss: 5.039095878601074
val/loss__presence: 0.5237061381340027
val/loss_labels: 1.4290131330490112
val/loss_timestamps: 3.0863773822784424
val/match_cost_mean: -0.7228248119354248
val/match_cost_std: 23.365161895751953
val/max_cost: 195.7498779296875
val/mean-predicted-length: 8.476240158081055
val/mean-target-length: 9.00789737701416
val/next-item-accuracy: 0.3509719967842102
val/next-item-mae: 2.69629168510437
val/next-item-map: 0.2261982560157776
val/next-item-map-micro: 0.3056519031524658
val/next-item-mean-time-step: 26.689510345458984
val/next-item-rmse: 8.515374183654785
val/next-k-label-distribution-delta: 5.256032466888428
val/optimal-transport-distance: 12.643148422241211
val/prediction_match_rate: 0.25106877088546753
val/sequence-labels-entropy: 1.3838247060775757
val/target_match_rate: 1.0
