date: '2025-02-10 16:40:17'
test/T-mAP: 0.22222845256328583
test/T-mAP-weighted: 0.28858160972595215
test/horizon-max-f-score: 0.36666810512542725
test/horizon-max-f-score-weighted: 0.44503000378608704
test/horizon-mean-time-step: 0.2279551476240158
test/loss: 8.179274559020996
test/loss_decoder_labels: 2.6219093799591064
test/loss_decoder_timestamps: 2.8433918952941895
test/loss_diffusion: 2.713972806930542
test/loss_embedder_regularizer: 8.669061344335205e-07
test/mean-predicted-length: 15.379674911499023
test/mean-target-length: 8.919472694396973
test/next-item-accuracy: 0.5324759483337402
test/next-item-mae: 2.992568016052246
test/next-item-map: 0.35176578164100647
test/next-item-map-weighted: 0.4939534068107605
test/next-item-max-f-score: 0.418375164270401
test/next-item-max-f-score-weighted: 0.5490512251853943
test/next-item-mean-time-step: 27.672861099243164
test/next-item-rmse: 8.757892608642578
test/next-k-label-distribution-delta: 4.623612880706787
test/optimal-transport-distance: 13.184669494628906
test/sequence-labels-entropy: 1.1756558418273926
val/T-mAP: 0.22453100979328156
val/T-mAP-weighted: 0.28895294666290283
val/horizon-max-f-score: 0.37065139412879944
val/horizon-max-f-score-weighted: 0.4467787742614746
val/horizon-mean-time-step: 0.23254446685314178
val/loss: 8.126708030700684
val/loss_decoder_labels: 2.6117072105407715
val/loss_decoder_timestamps: 2.801112413406372
val/loss_diffusion: 2.713886022567749
val/loss_embedder_regularizer: 8.668143891554791e-07
val/mean-predicted-length: 15.419173240661621
val/mean-target-length: 9.000659942626953
val/next-item-accuracy: 0.5343158841133118
val/next-item-mae: 2.939321994781494
val/next-item-map: 0.3531070947647095
val/next-item-map-weighted: 0.494717538356781
val/next-item-max-f-score: 0.42052143812179565
val/next-item-max-f-score-weighted: 0.5510802268981934
val/next-item-mean-time-step: 26.951683044433594
val/next-item-rmse: 8.667378425598145
val/next-k-label-distribution-delta: 4.597914218902588
val/optimal-transport-distance: 13.126401901245117
val/sequence-labels-entropy: 1.1818679571151733
