date: '2025-02-10 16:18:50'
test/T-mAP: 0.1833893060684204
test/T-mAP-weighted: 0.21827970445156097
test/horizon-max-f-score: 0.31457507610321045
test/horizon-max-f-score-weighted: 0.35253387689590454
test/horizon-mean-time-step: 0.2279551476240158
test/loss: 8.179274559020996
test/loss_decoder_labels: 2.6219093799591064
test/loss_decoder_timestamps: 2.8433918952941895
test/loss_diffusion: 2.713972806930542
test/loss_embedder_regularizer: 8.669061344335205e-07
test/mean-predicted-length: 15.379674911499023
test/mean-target-length: 8.919472694396973
test/next-item-accuracy: 0.056493137031793594
test/next-item-mae: 2.992568016052246
test/next-item-map: 0.35503119230270386
test/next-item-map-weighted: 0.49469393491744995
test/next-item-max-f-score: 0.3982885777950287
test/next-item-max-f-score-weighted: 0.5262061357498169
test/next-item-mean-time-step: 27.672861099243164
test/next-item-rmse: 8.757892608642578
test/next-k-label-distribution-delta: 8.174370765686035
test/optimal-transport-distance: 17.772554397583008
test/sequence-labels-entropy: 1.7313406467437744
val/T-mAP: 0.18476298451423645
val/T-mAP-weighted: 0.21827156841754913
val/horizon-max-f-score: 0.3166959881782532
val/horizon-max-f-score-weighted: 0.35378751158714294
val/horizon-mean-time-step: 0.23254446685314178
val/loss: 8.126708030700684
val/loss_decoder_labels: 2.6117072105407715
val/loss_decoder_timestamps: 2.801112413406372
val/loss_diffusion: 2.713886022567749
val/loss_embedder_regularizer: 8.668143891554791e-07
val/mean-predicted-length: 15.419173240661621
val/mean-target-length: 9.000659942626953
val/next-item-accuracy: 0.05774273723363876
val/next-item-mae: 2.939321994781494
val/next-item-map: 0.3559943735599518
val/next-item-map-weighted: 0.49515998363494873
val/next-item-max-f-score: 0.39940452575683594
val/next-item-max-f-score-weighted: 0.5268967747688293
val/next-item-mean-time-step: 26.951683044433594
val/next-item-rmse: 8.667378425598145
val/next-k-label-distribution-delta: 8.18094253540039
val/optimal-transport-distance: 17.77027130126953
val/sequence-labels-entropy: 1.734409213066101
