date: '2025-02-10 16:29:29'
test/T-mAP: 0.22964707016944885
test/T-mAP-weighted: 0.2830762267112732
test/horizon-max-f-score: 0.3814077079296112
test/horizon-max-f-score-weighted: 0.4405093789100647
test/horizon-mean-time-step: 0.2279551476240158
test/loss: 8.179274559020996
test/loss_decoder_labels: 2.6219093799591064
test/loss_decoder_timestamps: 2.8433918952941895
test/loss_diffusion: 2.713972806930542
test/loss_embedder_regularizer: 8.669061344335205e-07
test/mean-predicted-length: 15.379674911499023
test/mean-target-length: 8.919472694396973
test/next-item-accuracy: 0.40332525968551636
test/next-item-mae: 2.992568016052246
test/next-item-map: 0.3853420913219452
test/next-item-map-weighted: 0.5293341875076294
test/next-item-max-f-score: 0.42931902408599854
test/next-item-max-f-score-weighted: 0.5568966269493103
test/next-item-mean-time-step: 27.672861099243164
test/next-item-rmse: 8.757892608642578
test/next-k-label-distribution-delta: 5.67728853225708
test/optimal-transport-distance: 14.427298545837402
test/sequence-labels-entropy: 1.6048232316970825
val/T-mAP: 0.23178601264953613
val/T-mAP-weighted: 0.2832118272781372
val/horizon-max-f-score: 0.3840285837650299
val/horizon-max-f-score-weighted: 0.44205471873283386
val/horizon-mean-time-step: 0.23254446685314178
val/loss: 8.126708030700684
val/loss_decoder_labels: 2.6117072105407715
val/loss_decoder_timestamps: 2.801112413406372
val/loss_diffusion: 2.713886022567749
val/loss_embedder_regularizer: 8.668143891554791e-07
val/mean-predicted-length: 15.419173240661621
val/mean-target-length: 9.000659942626953
val/next-item-accuracy: 0.40597397089004517
val/next-item-mae: 2.939321994781494
val/next-item-map: 0.38673722743988037
val/next-item-map-weighted: 0.5305564403533936
val/next-item-max-f-score: 0.4312268793582916
val/next-item-max-f-score-weighted: 0.5584725141525269
val/next-item-mean-time-step: 26.951683044433594
val/next-item-rmse: 8.667378425598145
val/next-k-label-distribution-delta: 5.658586025238037
val/optimal-transport-distance: 14.382044792175293
val/sequence-labels-entropy: 1.609023094177246
