date: '2025-02-10 16:34:52'
test/T-mAP: 0.2363041788339615
test/T-mAP-weighted: 0.30034518241882324
test/horizon-max-f-score: 0.3884314298629761
test/horizon-max-f-score-weighted: 0.4624423384666443
test/horizon-mean-time-step: 0.2279551476240158
test/loss: 8.179274559020996
test/loss_decoder_labels: 2.6219093799591064
test/loss_decoder_timestamps: 2.8433918952941895
test/loss_diffusion: 2.713972806930542
test/loss_embedder_regularizer: 8.669061344335205e-07
test/mean-predicted-length: 15.379674911499023
test/mean-target-length: 8.919472694396973
test/next-item-accuracy: 0.4883871376514435
test/next-item-mae: 2.992568016052246
test/next-item-map: 0.37624531984329224
test/next-item-map-weighted: 0.5209430456161499
test/next-item-max-f-score: 0.4232015609741211
test/next-item-max-f-score-weighted: 0.5527240037918091
test/next-item-mean-time-step: 27.672861099243164
test/next-item-rmse: 8.757892608642578
test/next-k-label-distribution-delta: 5.058168888092041
test/optimal-transport-distance: 13.6339750289917
test/sequence-labels-entropy: 1.4726505279541016
val/T-mAP: 0.23869416117668152
val/T-mAP-weighted: 0.30077284574508667
val/horizon-max-f-score: 0.3912779688835144
val/horizon-max-f-score-weighted: 0.4634004235267639
val/horizon-mean-time-step: 0.23254446685314178
val/loss: 8.126708030700684
val/loss_decoder_labels: 2.6117072105407715
val/loss_decoder_timestamps: 2.801112413406372
val/loss_diffusion: 2.713886022567749
val/loss_embedder_regularizer: 8.668143891554791e-07
val/mean-predicted-length: 15.419173240661621
val/mean-target-length: 9.000659942626953
val/next-item-accuracy: 0.49117472767829895
val/next-item-mae: 2.939321994781494
val/next-item-map: 0.3772190809249878
val/next-item-map-weighted: 0.5215829014778137
val/next-item-max-f-score: 0.42504051327705383
val/next-item-max-f-score-weighted: 0.5545530319213867
val/next-item-mean-time-step: 26.951683044433594
val/next-item-rmse: 8.667378425598145
val/next-k-label-distribution-delta: 5.026442527770996
val/optimal-transport-distance: 13.55654525756836
val/sequence-labels-entropy: 1.4781361818313599
