date: '2025-02-10 16:24:06'
test/T-mAP: 0.20933912694454193
test/T-mAP-weighted: 0.2509138882160187
test/horizon-max-f-score: 0.35189709067344666
test/horizon-max-f-score-weighted: 0.39670437574386597
test/horizon-mean-time-step: 0.2279551476240158
test/loss: 8.179274559020996
test/loss_decoder_labels: 2.6219093799591064
test/loss_decoder_timestamps: 2.8433918952941895
test/loss_diffusion: 2.713972806930542
test/loss_embedder_regularizer: 8.669061344335205e-07
test/mean-predicted-length: 15.379674911499023
test/mean-target-length: 8.919472694396973
test/next-item-accuracy: 0.2545618712902069
test/next-item-mae: 2.992568016052246
test/next-item-map: 0.38597163558006287
test/next-item-map-weighted: 0.5286876559257507
test/next-item-max-f-score: 0.42758601903915405
test/next-item-max-f-score-weighted: 0.5547374486923218
test/next-item-mean-time-step: 27.672861099243164
test/next-item-rmse: 8.757892608642578
test/next-k-label-distribution-delta: 6.591884136199951
test/optimal-transport-distance: 15.650734901428223
test/sequence-labels-entropy: 1.6723971366882324
val/T-mAP: 0.21115723252296448
val/T-mAP-weighted: 0.25094473361968994
val/horizon-max-f-score: 0.35422512888908386
val/horizon-max-f-score-weighted: 0.39824771881103516
val/horizon-mean-time-step: 0.23254446685314178
val/loss: 8.126708030700684
val/loss_decoder_labels: 2.6117072105407715
val/loss_decoder_timestamps: 2.801112413406372
val/loss_diffusion: 2.713886022567749
val/loss_embedder_regularizer: 8.668143891554791e-07
val/mean-predicted-length: 15.419173240661621
val/mean-target-length: 9.000659942626953
val/next-item-accuracy: 0.2572970986366272
val/next-item-mae: 2.939321994781494
val/next-item-map: 0.3872121274471283
val/next-item-map-weighted: 0.5298009514808655
val/next-item-max-f-score: 0.42966166138648987
val/next-item-max-f-score-weighted: 0.5561973452568054
val/next-item-mean-time-step: 26.951683044433594
val/next-item-rmse: 8.667378425598145
val/next-k-label-distribution-delta: 6.587403297424316
val/optimal-transport-distance: 15.62151050567627
val/sequence-labels-entropy: 1.6761844158172607
