date: '2024-09-27 02:01:44'
test/T-mAP: 0.15376095473766327
test/T-mAP-micro: 0.20742090046405792
test/horizon-mean-time-step: 2.3028151988983154
test/loss: 3.3589799404144287
test/loss_labels: 1.1397428512573242
test/loss_timestamps: 2.21923565864563
test/mean-predicted-length: 13.677261352539062
test/mean-target-length: 8.947009086608887
test/next-item-accuracy: 0.4585973918437958
test/next-item-mae: 3.010023593902588
test/next-item-map: 0.4615185260772705
test/next-item-map-micro: 0.5901334285736084
test/next-item-mean-time-step: 27.851425170898438
test/next-item-rmse: 8.914846420288086
test/next-k-label-distribution-delta: 4.756719589233398
test/optimal-transport-distance: 13.176822662353516
test/sequence-labels-entropy: 1.584904432296753
val/T-mAP: 0.15513722598552704
val/T-mAP-micro: 0.20828920602798462
val/horizon-mean-time-step: 2.2854163646698
val/loss: 3.325880765914917
val/loss_labels: 1.137373924255371
val/loss_timestamps: 2.1885058879852295
val/mean-predicted-length: 13.78070068359375
val/mean-target-length: 9.00789737701416
val/next-item-accuracy: 0.45891073346138
val/next-item-mae: 2.9657185077667236
val/next-item-map: 0.46036574244499207
val/next-item-map-micro: 0.5903388857841492
val/next-item-mean-time-step: 27.127208709716797
val/next-item-rmse: 8.841852188110352
val/next-k-label-distribution-delta: 4.739289283752441
val/optimal-transport-distance: 13.151368141174316
val/sequence-labels-entropy: 1.5927668809890747
