date: '2025-02-10 16:34:31'
test/T-mAP: 0.19835788011550903
test/T-mAP-weighted: 0.25063756108283997
test/horizon-max-f-score: 0.33696794509887695
test/horizon-max-f-score-weighted: 0.40250495076179504
test/horizon-mean-time-step: 2.2687056064605713
test/loss: 3.3731534481048584
test/loss_labels: 1.142775535583496
test/loss_timestamps: 2.2303781509399414
test/mean-predicted-length: 13.573498725891113
test/mean-target-length: 8.919472694396973
test/next-item-accuracy: 0.5406729578971863
test/next-item-mae: 3.041997194290161
test/next-item-map: 0.4576510190963745
test/next-item-map-weighted: 0.5861994624137878
test/next-item-max-f-score: 0.4868088364601135
test/next-item-max-f-score-weighted: 0.5966109037399292
test/next-item-mean-time-step: 27.876733779907227
test/next-item-rmse: 8.97658634185791
test/next-k-label-distribution-delta: 4.205660820007324
test/optimal-transport-distance: 12.126474380493164
test/sequence-labels-entropy: 1.5616384744644165
val/T-mAP: 0.20082050561904907
val/T-mAP-weighted: 0.2519530653953552
val/horizon-max-f-score: 0.34303393959999084
val/horizon-max-f-score-weighted: 0.406229168176651
val/horizon-mean-time-step: 2.263784408569336
val/loss: 3.330212116241455
val/loss_labels: 1.138554334640503
val/loss_timestamps: 2.191657304763794
val/mean-predicted-length: 13.548083305358887
val/mean-target-length: 9.000659942626953
val/next-item-accuracy: 0.5429589152336121
val/next-item-mae: 2.988544225692749
val/next-item-map: 0.45831918716430664
val/next-item-map-weighted: 0.5871432423591614
val/next-item-max-f-score: 0.48851341009140015
val/next-item-max-f-score-weighted: 0.598242461681366
val/next-item-mean-time-step: 27.1545467376709
val/next-item-rmse: 8.887300491333008
val/next-k-label-distribution-delta: 4.172688007354736
val/optimal-transport-distance: 12.069299697875977
val/sequence-labels-entropy: 1.5659958124160767
