date: '2025-02-10 16:23:46'
test/T-mAP: 0.12283973395824432
test/T-mAP-weighted: 0.17342063784599304
test/horizon-max-f-score: 0.23590493202209473
test/horizon-max-f-score-weighted: 0.3019808232784271
test/horizon-mean-time-step: 1.725577473640442
test/loss: 3.3731534481048584
test/loss_labels: 1.142775535583496
test/loss_timestamps: 2.2303781509399414
test/mean-predicted-length: 17.08576011657715
test/mean-target-length: 8.919472694396973
test/next-item-accuracy: 0.33708757162094116
test/next-item-mae: 3.041997194290161
test/next-item-map: 0.45697033405303955
test/next-item-map-weighted: 0.5852010846138
test/next-item-max-f-score: 0.4870797395706177
test/next-item-max-f-score-weighted: 0.594829797744751
test/next-item-mean-time-step: 27.876733779907227
test/next-item-rmse: 8.97658634185791
test/next-k-label-distribution-delta: 5.773131847381592
test/optimal-transport-distance: 14.647354125976562
test/sequence-labels-entropy: 1.6478201150894165
val/T-mAP: 0.1229705959558487
val/T-mAP-weighted: 0.17294947803020477
val/horizon-max-f-score: 0.2383514940738678
val/horizon-max-f-score-weighted: 0.30299457907676697
val/horizon-mean-time-step: 1.7046008110046387
val/loss: 3.330212116241455
val/loss_labels: 1.138554334640503
val/loss_timestamps: 2.191657304763794
val/mean-predicted-length: 17.24898910522461
val/mean-target-length: 9.000659942626953
val/next-item-accuracy: 0.33746078610420227
val/next-item-mae: 2.988544225692749
val/next-item-map: 0.4571045935153961
val/next-item-map-weighted: 0.5861694812774658
val/next-item-max-f-score: 0.4874662756919861
val/next-item-max-f-score-weighted: 0.5968696475028992
val/next-item-mean-time-step: 27.1545467376709
val/next-item-rmse: 8.887300491333008
val/next-k-label-distribution-delta: 5.7596235275268555
val/optimal-transport-distance: 14.625443458557129
val/sequence-labels-entropy: 1.6520754098892212
