date: '2024-09-26 19:10:47'
test/T-mAP: 0.09304553270339966
test/T-mAP-micro: 0.13192978501319885
test/horizon-mean-time-step: 0.5909942388534546
test/loss: 3.3589799404144287
test/loss_labels: 1.1397428512573242
test/loss_timestamps: 2.21923565864563
test/mean-predicted-length: 25.87322235107422
test/mean-target-length: 8.947009086608887
test/next-item-accuracy: 0.0776534229516983
test/next-item-mae: 3.010023593902588
test/next-item-map: 0.40899658203125
test/next-item-map-micro: 0.528376579284668
test/next-item-mean-time-step: 27.851425170898438
test/next-item-rmse: 8.914846420288086
test/next-k-label-distribution-delta: 8.073759078979492
test/optimal-transport-distance: 17.738632202148438
test/sequence-labels-entropy: 1.7946354150772095
val/T-mAP: 0.0924818366765976
val/T-mAP-micro: 0.13049538433551788
val/horizon-mean-time-step: 0.5826699137687683
val/loss: 3.325880765914917
val/loss_labels: 1.137373924255371
val/loss_timestamps: 2.1885058879852295
val/mean-predicted-length: 26.009822845458984
val/mean-target-length: 9.00789737701416
val/next-item-accuracy: 0.07769254595041275
val/next-item-mae: 2.9657185077667236
val/next-item-map: 0.40757718682289124
val/next-item-map-micro: 0.5284036993980408
val/next-item-mean-time-step: 27.127208709716797
val/next-item-rmse: 8.841852188110352
val/next-k-label-distribution-delta: 8.080124855041504
val/optimal-transport-distance: 17.755874633789062
val/sequence-labels-entropy: 1.796931505203247
