date: '2024-09-27 12:16:21'
test/T-mAP: 0.22407449781894684
test/T-mAP-micro: 0.288909912109375
test/horizon-mean-time-step: 2.3075976371765137
test/loss: 3.3589799404144287
test/loss_labels: 1.1397428512573242
test/loss_timestamps: 2.21923565864563
test/mean-predicted-length: 12.217716217041016
test/mean-target-length: 8.947009086608887
test/next-item-accuracy: 0.5861446261405945
test/next-item-mae: 3.010023593902588
test/next-item-map: 0.4615185260772705
test/next-item-map-micro: 0.5901334285736084
test/next-item-mean-time-step: 27.851425170898438
test/next-item-rmse: 8.914846420288086
test/next-k-label-distribution-delta: 3.927446126937866
test/optimal-transport-distance: 11.531508445739746
test/sequence-labels-entropy: 1.4807885885238647
val/T-mAP: 0.22650007903575897
val/T-mAP-micro: 0.2905021905899048
val/horizon-mean-time-step: 2.2983155250549316
val/loss: 3.325880765914917
val/loss_labels: 1.137373924255371
val/loss_timestamps: 2.1885058879852295
val/mean-predicted-length: 12.261646270751953
val/mean-target-length: 9.00789737701416
val/next-item-accuracy: 0.5871044993400574
val/next-item-mae: 2.9657185077667236
val/next-item-map: 0.46036574244499207
val/next-item-map-micro: 0.5903388857841492
val/next-item-mean-time-step: 27.127208709716797
val/next-item-rmse: 8.841852188110352
val/next-k-label-distribution-delta: 3.9071621894836426
val/optimal-transport-distance: 11.518681526184082
val/sequence-labels-entropy: 1.484873652458191
