date: '2025-02-10 16:18:29'
test/T-mAP: 0.08273100107908249
test/T-mAP-weighted: 0.11605995148420334
test/horizon-max-f-score: 0.1927773356437683
test/horizon-max-f-score-weighted: 0.2484322041273117
test/horizon-mean-time-step: 0.5251704454421997
test/loss: 3.3731534481048584
test/loss_labels: 1.142775535583496
test/loss_timestamps: 2.2303781509399414
test/mean-predicted-length: 25.489986419677734
test/mean-target-length: 8.919472694396973
test/next-item-accuracy: 0.07196321338415146
test/next-item-mae: 3.041997194290161
test/next-item-map: 0.42459091544151306
test/next-item-map-weighted: 0.5506807565689087
test/next-item-max-f-score: 0.4648817777633667
test/next-item-max-f-score-weighted: 0.5718117356300354
test/next-item-mean-time-step: 27.876733779907227
test/next-item-rmse: 8.97658634185791
test/next-k-label-distribution-delta: 8.219799041748047
test/optimal-transport-distance: 17.918333053588867
test/sequence-labels-entropy: 1.7936639785766602
val/T-mAP: 0.08284049481153488
val/T-mAP-weighted: 0.11557228863239288
val/horizon-max-f-score: 0.1938290148973465
val/horizon-max-f-score-weighted: 0.24843646585941315
val/horizon-mean-time-step: 0.5137096643447876
val/loss: 3.330212116241455
val/loss_labels: 1.138554334640503
val/loss_timestamps: 2.191657304763794
val/mean-predicted-length: 25.648405075073242
val/mean-target-length: 9.000659942626953
val/next-item-accuracy: 0.07228508591651917
val/next-item-mae: 2.988544225692749
val/next-item-map: 0.4249020516872406
val/next-item-map-weighted: 0.5520932078361511
val/next-item-max-f-score: 0.4642026126384735
val/next-item-max-f-score-weighted: 0.5730544924736023
val/next-item-mean-time-step: 27.1545467376709
val/next-item-rmse: 8.887300491333008
val/next-k-label-distribution-delta: 8.20609188079834
val/optimal-transport-distance: 17.904586791992188
val/sequence-labels-entropy: 1.797045111656189
