date: '2025-02-10 16:39:56'
test/T-mAP: 0.2194397896528244
test/T-mAP-weighted: 0.2746399939060211
test/horizon-max-f-score: 0.3890257179737091
test/horizon-max-f-score-weighted: 0.4694341719150543
test/horizon-mean-time-step: 2.463493824005127
test/loss: 3.3731534481048584
test/loss_labels: 1.142775535583496
test/loss_timestamps: 2.2303781509399414
test/mean-predicted-length: 12.2094144821167
test/mean-target-length: 8.919472694396973
test/next-item-accuracy: 0.5834318995475769
test/next-item-mae: 3.041997194290161
test/next-item-map: 0.44225409626960754
test/next-item-map-weighted: 0.5635824203491211
test/next-item-max-f-score: 0.4853726625442505
test/next-item-max-f-score-weighted: 0.5948181748390198
test/next-item-mean-time-step: 27.876733779907227
test/next-item-rmse: 8.97658634185791
test/next-k-label-distribution-delta: 3.9547908306121826
test/optimal-transport-distance: 11.545801162719727
test/sequence-labels-entropy: 1.4815174341201782
val/T-mAP: 0.22205890715122223
val/T-mAP-weighted: 0.27651098370552063
val/horizon-max-f-score: 0.39527878165245056
val/horizon-max-f-score-weighted: 0.4747977554798126
val/horizon-mean-time-step: 2.456052303314209
val/loss: 3.330212116241455
val/loss_labels: 1.138554334640503
val/loss_timestamps: 2.191657304763794
val/mean-predicted-length: 12.209943771362305
val/mean-target-length: 9.000659942626953
val/next-item-accuracy: 0.5854215025901794
val/next-item-mae: 2.988544225692749
val/next-item-map: 0.44324949383735657
val/next-item-map-weighted: 0.5645895004272461
val/next-item-max-f-score: 0.48709723353385925
val/next-item-max-f-score-weighted: 0.596713125705719
val/next-item-mean-time-step: 27.1545467376709
val/next-item-rmse: 8.887300491333008
val/next-k-label-distribution-delta: 3.9250473976135254
val/optimal-transport-distance: 11.492552757263184
val/sequence-labels-entropy: 1.4865503311157227
