date: '2025-02-10 16:29:08'
test/T-mAP: 0.15711700916290283
test/T-mAP-weighted: 0.21113012731075287
test/horizon-max-f-score: 0.2813302278518677
test/horizon-max-f-score-weighted: 0.349200576543808
test/horizon-mean-time-step: 2.227219820022583
test/loss: 3.3731534481048584
test/loss_labels: 1.142775535583496
test/loss_timestamps: 2.2303781509399414
test/mean-predicted-length: 14.516617774963379
test/mean-target-length: 8.919472694396973
test/next-item-accuracy: 0.4640169143676758
test/next-item-mae: 3.041997194290161
test/next-item-map: 0.46063533425331116
test/next-item-map-weighted: 0.5895780324935913
test/next-item-max-f-score: 0.48798680305480957
test/next-item-max-f-score-weighted: 0.597784161567688
test/next-item-mean-time-step: 27.876733779907227
test/next-item-rmse: 8.97658634185791
test/next-k-label-distribution-delta: 4.727402210235596
test/optimal-transport-distance: 13.080982208251953
test/sequence-labels-entropy: 1.602963924407959
val/T-mAP: 0.15912270545959473
val/T-mAP-weighted: 0.21219760179519653
val/horizon-max-f-score: 0.2855699062347412
val/horizon-max-f-score-weighted: 0.35130253434181213
val/horizon-mean-time-step: 2.2136306762695312
val/loss: 3.330212116241455
val/loss_labels: 1.138554334640503
val/loss_timestamps: 2.191657304763794
val/mean-predicted-length: 14.567619323730469
val/mean-target-length: 9.000659942626953
val/next-item-accuracy: 0.46523672342300415
val/next-item-mae: 2.988544225692749
val/next-item-map: 0.46117690205574036
val/next-item-map-weighted: 0.5905311107635498
val/next-item-max-f-score: 0.4895484447479248
val/next-item-max-f-score-weighted: 0.5996779799461365
val/next-item-mean-time-step: 27.1545467376709
val/next-item-rmse: 8.887300491333008
val/next-k-label-distribution-delta: 4.7006025314331055
val/optimal-transport-distance: 13.031713485717773
val/sequence-labels-entropy: 1.6073493957519531
