date: '2024-09-27 08:50:46'
test/T-mAP: 0.21320253610610962
test/T-mAP-micro: 0.27192243933677673
test/horizon-mean-time-step: 2.2854108810424805
test/loss: 3.3589799404144287
test/loss_labels: 1.1397428512573242
test/loss_timestamps: 2.21923565864563
test/mean-predicted-length: 12.23031997680664
test/mean-target-length: 8.947009086608887
test/next-item-accuracy: 0.5840644836425781
test/next-item-mae: 3.010023593902588
test/next-item-map: 0.44523128867149353
test/next-item-map-micro: 0.5666581988334656
test/next-item-mean-time-step: 27.851425170898438
test/next-item-rmse: 8.914846420288086
test/next-k-label-distribution-delta: 3.9377481937408447
test/optimal-transport-distance: 11.587105751037598
test/sequence-labels-entropy: 1.4902244806289673
val/T-mAP: 0.21645864844322205
val/T-mAP-micro: 0.27426382899284363
val/horizon-mean-time-step: 2.2803282737731934
val/loss: 3.325880765914917
val/loss_labels: 1.137373924255371
val/loss_timestamps: 2.1885058879852295
val/mean-predicted-length: 12.273862838745117
val/mean-target-length: 9.00789737701416
val/next-item-accuracy: 0.5851933360099792
val/next-item-mae: 2.9657185077667236
val/next-item-map: 0.44396835565567017
val/next-item-map-micro: 0.5665926933288574
val/next-item-mean-time-step: 27.127208709716797
val/next-item-rmse: 8.841852188110352
val/next-k-label-distribution-delta: 3.9164624214172363
val/optimal-transport-distance: 11.579421997070312
val/sequence-labels-entropy: 1.4945648908615112
