date: '2024-09-27 05:26:01'
test/T-mAP: 0.19321705400943756
test/T-mAP-micro: 0.244792178273201
test/horizon-mean-time-step: 2.287881374359131
test/loss: 3.3589799404144287
test/loss_labels: 1.1397428512573242
test/loss_timestamps: 2.21923565864563
test/mean-predicted-length: 13.010931968688965
test/mean-target-length: 8.947009086608887
test/next-item-accuracy: 0.5393489599227905
test/next-item-mae: 3.010023593902588
test/next-item-map: 0.45906105637550354
test/next-item-map-micro: 0.5871872305870056
test/next-item-mean-time-step: 27.851425170898438
test/next-item-rmse: 8.914846420288086
test/next-k-label-distribution-delta: 4.202263355255127
test/optimal-transport-distance: 12.17301082611084
test/sequence-labels-entropy: 1.548370361328125
val/T-mAP: 0.19605058431625366
val/T-mAP-micro: 0.24637383222579956
val/horizon-mean-time-step: 2.276062250137329
val/loss: 3.325880765914917
val/loss_labels: 1.137373924255371
val/loss_timestamps: 2.1885058879852295
val/mean-predicted-length: 13.021544456481934
val/mean-target-length: 9.00789737701416
val/next-item-accuracy: 0.5399633049964905
val/next-item-mae: 2.9657185077667236
val/next-item-map: 0.45796820521354675
val/next-item-map-micro: 0.5872705578804016
val/next-item-mean-time-step: 27.127208709716797
val/next-item-rmse: 8.841852188110352
val/next-k-label-distribution-delta: 4.179731845855713
val/optimal-transport-distance: 12.147696495056152
val/sequence-labels-entropy: 1.5542327165603638
