date: '2024-09-26 22:37:24'
test/T-mAP: 0.12163770198822021
test/T-mAP-micro: 0.1748260259628296
test/horizon-mean-time-step: 1.9161347150802612
test/loss: 3.3589799404144287
test/loss_labels: 1.1397428512573242
test/loss_timestamps: 2.21923565864563
test/mean-predicted-length: 16.27911949157715
test/mean-target-length: 8.947009086608887
test/next-item-accuracy: 0.3329331874847412
test/next-item-mae: 3.010023593902588
test/next-item-map: 0.4578768014907837
test/next-item-map-micro: 0.5858132839202881
test/next-item-mean-time-step: 27.851425170898438
test/next-item-rmse: 8.914846420288086
test/next-k-label-distribution-delta: 5.740252494812012
test/optimal-transport-distance: 14.666435241699219
test/sequence-labels-entropy: 1.63303542137146
val/T-mAP: 0.12256459146738052
val/T-mAP-micro: 0.17437191307544708
val/horizon-mean-time-step: 1.907408356666565
val/loss: 3.325880765914917
val/loss_labels: 1.137373924255371
val/loss_timestamps: 2.1885058879852295
val/mean-predicted-length: 16.26398468017578
val/mean-target-length: 9.00789737701416
val/next-item-accuracy: 0.33276739716529846
val/next-item-mae: 2.9657185077667236
val/next-item-map: 0.45664146542549133
val/next-item-map-micro: 0.5860114097595215
val/next-item-mean-time-step: 27.127208709716797
val/next-item-rmse: 8.841852188110352
val/next-k-label-distribution-delta: 5.709324836730957
val/optimal-transport-distance: 14.617491722106934
val/sequence-labels-entropy: 1.6350561380386353
