date: '2024-09-27 02:30:19'
test/T-mAP: 0.06609481573104858
test/T-mAP-micro: 0.10507363826036453
test/horizon-mean-time-step: 7.031930446624756
test/loss: -1.493016242980957
test/loss_nhp: -1.493016242980957
test/mean-predicted-length: 4.642737865447998
test/mean-target-length: 8.947009086608887
test/next-item-accuracy: 0.18058913946151733
test/next-item-mae: 5.000011920928955
test/next-item-map: 0.11853538453578949
test/next-item-map-micro: 0.19761119782924652
test/next-item-mean-time-step: 29.23976707458496
test/next-item-rmse: 11.910176277160645
test/next-k-label-distribution-delta: 7.4680657386779785
test/optimal-transport-distance: 17.878477096557617
test/sequence-labels-entropy: 1.2921158075332642
test/thinning_accepted: 19.608718872070312
val/T-mAP: 0.06586509197950363
val/T-mAP-micro: 0.1038040965795517
val/horizon-mean-time-step: 7.039243698120117
val/loss: -1.6095318794250488
val/loss_nhp: -1.6095318794250488
val/mean-predicted-length: 4.613625526428223
val/mean-target-length: 9.00789737701416
val/next-item-accuracy: 0.1802682727575302
val/next-item-mae: 4.991831302642822
val/next-item-map: 0.11852060258388519
val/next-item-map-micro: 0.1973840594291687
val/next-item-mean-time-step: 28.5395565032959
val/next-item-rmse: 11.899496078491211
val/next-k-label-distribution-delta: 7.464105606079102
val/optimal-transport-distance: 17.89990234375
val/sequence-labels-entropy: 1.2909857034683228
val/thinning_accepted: 19.35392951965332
