date: '2024-09-27 09:19:48'
test/T-mAP: 0.08617084473371506
test/T-mAP-micro: 0.13850285112857819
test/horizon-mean-time-step: 10.214667320251465
test/loss: -1.493016242980957
test/loss_nhp: -1.493016242980957
test/mean-predicted-length: 2.711181640625
test/mean-target-length: 8.947009086608887
test/next-item-accuracy: 0.22828510403633118
test/next-item-mae: 5.000011920928955
test/next-item-map: 0.11241044849157333
test/next-item-map-micro: 0.1887086033821106
test/next-item-mean-time-step: 29.23976707458496
test/next-item-rmse: 11.910176277160645
test/next-k-label-distribution-delta: 7.005616664886475
test/optimal-transport-distance: 17.688892364501953
test/sequence-labels-entropy: 0.7475085258483887
test/thinning_accepted: 19.608718872070312
val/T-mAP: 0.08541707694530487
val/T-mAP-micro: 0.1366051733493805
val/horizon-mean-time-step: 10.233811378479004
val/loss: -1.6095318794250488
val/loss_nhp: -1.6095318794250488
val/mean-predicted-length: 2.6855790615081787
val/mean-target-length: 9.00789737701416
val/next-item-accuracy: 0.22759313881397247
val/next-item-mae: 4.991831302642822
val/next-item-map: 0.11248405277729034
val/next-item-map-micro: 0.18825241923332214
val/next-item-mean-time-step: 28.5395565032959
val/next-item-rmse: 11.899496078491211
val/next-k-label-distribution-delta: 6.989846706390381
val/optimal-transport-distance: 17.6983699798584
val/sequence-labels-entropy: 0.7452675700187683
val/thinning_accepted: 19.35392951965332
