date: '2024-09-27 12:44:36'
test/T-mAP: 0.09895357489585876
test/T-mAP-micro: 0.1625165343284607
test/horizon-mean-time-step: 10.948853492736816
test/loss: -1.6569474935531616
test/loss_nhp: -1.6569474935531616
test/mean-predicted-length: 2.4510233402252197
test/mean-target-length: 8.947009086608887
test/next-item-accuracy: 0.23255717754364014
test/next-item-mae: 5.0181450843811035
test/next-item-map: 0.11834394186735153
test/next-item-map-micro: 0.19770126044750214
test/next-item-mean-time-step: 29.245758056640625
test/next-item-rmse: 11.937514305114746
test/next-k-label-distribution-delta: 7.252102851867676
test/optimal-transport-distance: 18.230205535888672
test/sequence-labels-entropy: 0.4167517125606537
test/thinning_accepted: 19.556177139282227
val/T-mAP: 0.09849756211042404
val/T-mAP-micro: 0.15956026315689087
val/horizon-mean-time-step: 10.93634033203125
val/loss: -1.602923035621643
val/loss_nhp: -1.602923035621643
val/mean-predicted-length: 2.4508984088897705
val/mean-target-length: 9.00789737701416
val/next-item-accuracy: 0.23146279156208038
val/next-item-mae: 4.986817836761475
val/next-item-map: 0.11871745437383652
val/next-item-map-micro: 0.19755074381828308
val/next-item-mean-time-step: 28.524383544921875
val/next-item-rmse: 11.894201278686523
val/next-k-label-distribution-delta: 7.25735330581665
val/optimal-transport-distance: 18.238876342773438
val/sequence-labels-entropy: 0.4186958372592926
val/thinning_accepted: 19.016311645507812
