date: '2024-09-26 23:05:40'
test/T-mAP: 0.06649810075759888
test/T-mAP-micro: 0.10602912306785583
test/horizon-mean-time-step: 6.603207111358643
test/loss: -1.493016242980957
test/loss_nhp: -1.493016242980957
test/mean-predicted-length: 5.232018947601318
test/mean-target-length: 8.947009086608887
test/next-item-accuracy: 0.1279679387807846
test/next-item-mae: 5.000011920928955
test/next-item-map: 0.11606043577194214
test/next-item-map-micro: 0.1950266808271408
test/next-item-mean-time-step: 29.23976707458496
test/next-item-rmse: 11.910176277160645
test/next-k-label-distribution-delta: 7.870454788208008
test/optimal-transport-distance: 18.136716842651367
test/sequence-labels-entropy: 1.3564283847808838
test/thinning_accepted: 19.608718872070312
val/T-mAP: 0.06530473381280899
val/T-mAP-micro: 0.10369589179754257
val/horizon-mean-time-step: 6.578644275665283
val/loss: -1.6095318794250488
val/loss_nhp: -1.6095318794250488
val/mean-predicted-length: 5.245604515075684
val/mean-target-length: 9.00789737701416
val/next-item-accuracy: 0.12616704404354095
val/next-item-mae: 4.991831302642822
val/next-item-map: 0.11599879711866379
val/next-item-map-micro: 0.19465242326259613
val/next-item-mean-time-step: 28.5395565032959
val/next-item-rmse: 11.899496078491211
val/next-k-label-distribution-delta: 7.86913537979126
val/optimal-transport-distance: 18.14946174621582
val/sequence-labels-entropy: 1.3586710691452026
val/thinning_accepted: 19.35392951965332
