date: '2024-09-26 19:39:58'
test/T-mAP: 0.06742533296346664
test/T-mAP-micro: 0.10744999349117279
test/horizon-mean-time-step: 6.8311076164245605
test/loss: -1.493016242980957
test/loss_nhp: -1.493016242980957
test/mean-predicted-length: 6.044222831726074
test/mean-target-length: 8.947009086608887
test/next-item-accuracy: 0.04003742337226868
test/next-item-mae: 5.000011920928955
test/next-item-map: 0.11359965056180954
test/next-item-map-micro: 0.1911117285490036
test/next-item-mean-time-step: 29.23976707458496
test/next-item-rmse: 11.910176277160645
test/next-k-label-distribution-delta: 8.493903160095215
test/optimal-transport-distance: 18.51338768005371
test/sequence-labels-entropy: 1.4383020401000977
test/thinning_accepted: 19.608718872070312
val/T-mAP: 0.06671450287103653
val/T-mAP-micro: 0.10603978484869003
val/horizon-mean-time-step: 6.82745885848999
val/loss: -1.6095318794250488
val/loss_nhp: -1.6095318794250488
val/mean-predicted-length: 6.040860652923584
val/mean-target-length: 9.00789737701416
val/next-item-accuracy: 0.03917071968317032
val/next-item-mae: 4.991831302642822
val/next-item-map: 0.1133476197719574
val/next-item-map-micro: 0.19048555195331573
val/next-item-mean-time-step: 28.5395565032959
val/next-item-rmse: 11.899496078491211
val/next-k-label-distribution-delta: 8.486420631408691
val/optimal-transport-distance: 18.516883850097656
val/sequence-labels-entropy: 1.4390017986297607
val/thinning_accepted: 19.35392951965332
