date: '2024-09-27 05:53:59'
test/T-mAP: 0.07161814719438553
test/T-mAP-micro: 0.11416349560022354
test/horizon-mean-time-step: 7.976223468780518
test/loss: -1.493016242980957
test/loss_nhp: -1.493016242980957
test/mean-predicted-length: 3.8684823513031006
test/mean-target-length: 8.947009086608887
test/next-item-accuracy: 0.20732489228248596
test/next-item-mae: 5.000011920928955
test/next-item-map: 0.11680269241333008
test/next-item-map-micro: 0.19550304114818573
test/next-item-mean-time-step: 29.23976707458496
test/next-item-rmse: 11.910176277160645
test/next-k-label-distribution-delta: 7.192536354064941
test/optimal-transport-distance: 17.65406036376953
test/sequence-labels-entropy: 1.175312876701355
test/thinning_accepted: 19.608718872070312
val/T-mAP: 0.0708795115351677
val/T-mAP-micro: 0.11225749552249908
val/horizon-mean-time-step: 7.9943461418151855
val/loss: -1.6095318794250488
val/loss_nhp: -1.6095318794250488
val/mean-predicted-length: 3.8352365493774414
val/mean-target-length: 9.00789737701416
val/next-item-accuracy: 0.2071218341588974
val/next-item-mae: 4.991831302642822
val/next-item-map: 0.11671809107065201
val/next-item-map-micro: 0.19520631432533264
val/next-item-mean-time-step: 28.5395565032959
val/next-item-rmse: 11.899496078491211
val/next-k-label-distribution-delta: 7.191370964050293
val/optimal-transport-distance: 17.66395378112793
val/sequence-labels-entropy: 1.172481656074524
val/thinning_accepted: 19.35392951965332
