date: '2024-09-26 20:28:33'
test/T-mAP: 0.0729532539844513
test/T-mAP-micro: 0.10381202399730682
test/horizon-mean-time-step: 0.7030861377716064
test/loss: -1.0462884902954102
test/loss_nhp: -1.0462884902954102
test/mean-predicted-length: 27.572540283203125
test/mean-target-length: 8.947009086608887
test/next-item-accuracy: 0.046280767768621445
test/next-item-mae: 2.9724504947662354
test/next-item-map: 0.15622709691524506
test/next-item-map-micro: 0.2174605280160904
test/next-item-mean-time-step: 27.482040405273438
test/next-item-rmse: 8.563735008239746
test/next-k-label-distribution-delta: 8.410992622375488
test/optimal-transport-distance: 18.1115665435791
test/sequence-labels-entropy: 1.8316802978515625
test/thinning_accepted: 41.685298919677734
val/T-mAP: 0.07472790032625198
val/T-mAP-micro: 0.10527530312538147
val/horizon-mean-time-step: 0.7032154202461243
val/loss: -0.8670099377632141
val/loss_nhp: -0.8670099377632141
val/mean-predicted-length: 27.575626373291016
val/mean-target-length: 9.00789737701416
val/next-item-accuracy: 0.04534558951854706
val/next-item-mae: 2.932727813720703
val/next-item-map: 0.15687668323516846
val/next-item-map-micro: 0.21841683983802795
val/next-item-mean-time-step: 26.766969680786133
val/next-item-rmse: 8.50190544128418
val/next-k-label-distribution-delta: 8.395894050598145
val/optimal-transport-distance: 18.091251373291016
val/sequence-labels-entropy: 1.8355073928833008
val/thinning_accepted: 41.62580108642578
