date: '2024-09-27 03:17:52'
test/T-mAP: 0.0865836814045906
test/T-mAP-micro: 0.11247982829809189
test/horizon-mean-time-step: 1.321824312210083
test/loss: -1.0462884902954102
test/loss_nhp: -1.0462884902954102
test/mean-predicted-length: 21.58171844482422
test/mean-target-length: 8.947009086608887
test/next-item-accuracy: 0.22087371349334717
test/next-item-mae: 2.9724504947662354
test/next-item-map: 0.19585032761096954
test/next-item-map-micro: 0.2732140123844147
test/next-item-mean-time-step: 27.482040405273438
test/next-item-rmse: 8.563735008239746
test/next-k-label-distribution-delta: 6.889717102050781
test/optimal-transport-distance: 16.588476181030273
test/sequence-labels-entropy: 1.6504026651382446
test/thinning_accepted: 41.685298919677734
val/T-mAP: 0.0874074250459671
val/T-mAP-micro: 0.11244738847017288
val/horizon-mean-time-step: 1.3180454969406128
val/loss: -0.8670099377632141
val/loss_nhp: -0.8670099377632141
val/mean-predicted-length: 21.609691619873047
val/mean-target-length: 9.00789737701416
val/next-item-accuracy: 0.22043751180171967
val/next-item-mae: 2.932727813720703
val/next-item-map: 0.1967056393623352
val/next-item-map-micro: 0.2743735611438751
val/next-item-mean-time-step: 26.766969680786133
val/next-item-rmse: 8.50190544128418
val/next-k-label-distribution-delta: 6.867402076721191
val/optimal-transport-distance: 16.564329147338867
val/sequence-labels-entropy: 1.6550666093826294
val/thinning_accepted: 41.62580108642578
