date: '2024-09-27 10:09:02'
test/T-mAP: 0.15349408984184265
test/T-mAP-micro: 0.18295975029468536
test/horizon-mean-time-step: 2.4121811389923096
test/loss: -1.0462884902954102
test/loss_nhp: -1.0462884902954102
test/mean-predicted-length: 12.665122985839844
test/mean-target-length: 8.947009086608887
test/next-item-accuracy: 0.3539169430732727
test/next-item-mae: 2.9724504947662354
test/next-item-map: 0.22581546008586884
test/next-item-map-micro: 0.30941370129585266
test/next-item-mean-time-step: 27.482040405273438
test/next-item-rmse: 8.563735008239746
test/next-k-label-distribution-delta: 5.746718883514404
test/optimal-transport-distance: 15.377815246582031
test/sequence-labels-entropy: 1.1748965978622437
test/thinning_accepted: 41.685298919677734
val/T-mAP: 0.15506112575531006
val/T-mAP-micro: 0.18350060284137726
val/horizon-mean-time-step: 2.411715269088745
val/loss: -0.8670099377632141
val/loss_nhp: -0.8670099377632141
val/mean-predicted-length: 12.642131805419922
val/mean-target-length: 9.00789737701416
val/next-item-accuracy: 0.3539942502975464
val/next-item-mae: 2.932727813720703
val/next-item-map: 0.2265496402978897
val/next-item-map-micro: 0.31035518646240234
val/next-item-mean-time-step: 26.766969680786133
val/next-item-rmse: 8.50190544128418
val/next-k-label-distribution-delta: 5.744434833526611
val/optimal-transport-distance: 15.364286422729492
val/sequence-labels-entropy: 1.1770707368850708
val/thinning_accepted: 41.62580108642578
