date: '2024-09-27 13:32:42'
test/T-mAP: 0.15295615792274475
test/T-mAP-micro: 0.18454143404960632
test/horizon-mean-time-step: 2.3664402961730957
test/loss: -1.0396288633346558
test/loss_nhp: -1.0396288633346558
test/mean-predicted-length: 12.24903392791748
test/mean-target-length: 8.947009086608887
test/next-item-accuracy: 0.39858537912368774
test/next-item-mae: 2.970046281814575
test/next-item-map: 0.19627773761749268
test/next-item-map-micro: 0.2736455798149109
test/next-item-mean-time-step: 27.481809616088867
test/next-item-rmse: 8.563562393188477
test/next-k-label-distribution-delta: 5.497492790222168
test/optimal-transport-distance: 15.114981651306152
test/sequence-labels-entropy: 1.0867327451705933
test/thinning_accepted: 41.6707649230957
val/T-mAP: 0.15564921498298645
val/T-mAP-micro: 0.18630313873291016
val/horizon-mean-time-step: 2.3642613887786865
val/loss: -0.5101015567779541
val/loss_nhp: -0.5101015567779541
val/mean-predicted-length: 12.264039993286133
val/mean-target-length: 9.00789737701416
val/next-item-accuracy: 0.3988361358642578
val/next-item-mae: 2.931666135787964
val/next-item-map: 0.19701528549194336
val/next-item-map-micro: 0.2749553918838501
val/next-item-mean-time-step: 26.766246795654297
val/next-item-rmse: 8.500577926635742
val/next-k-label-distribution-delta: 5.4924468994140625
val/optimal-transport-distance: 15.074357986450195
val/sequence-labels-entropy: 1.0905849933624268
val/thinning_accepted: 41.39643859863281
