date: '2024-09-27 06:43:03'
test/T-mAP: 0.11042332649230957
test/T-mAP-micro: 0.13202352821826935
test/horizon-mean-time-step: 1.6237059831619263
test/loss: -1.0462884902954102
test/loss_nhp: -1.0462884902954102
test/mean-predicted-length: 18.612707138061523
test/mean-target-length: 8.947009086608887
test/next-item-accuracy: 0.26858144998550415
test/next-item-mae: 2.9724504947662354
test/next-item-map: 0.20948974788188934
test/next-item-map-micro: 0.2870280146598816
test/next-item-mean-time-step: 27.482040405273438
test/next-item-rmse: 8.563735008239746
test/next-k-label-distribution-delta: 6.416746616363525
test/optimal-transport-distance: 16.11261558532715
test/sequence-labels-entropy: 1.525223731994629
test/thinning_accepted: 41.685298919677734
val/T-mAP: 0.1141665056347847
val/T-mAP-micro: 0.1340978592634201
val/horizon-mean-time-step: 1.6202945709228516
val/loss: -0.8670099377632141
val/loss_nhp: -0.8670099377632141
val/mean-predicted-length: 18.59923553466797
val/mean-target-length: 9.00789737701416
val/next-item-accuracy: 0.26881128549575806
val/next-item-mae: 2.932727813720703
val/next-item-map: 0.21016043424606323
val/next-item-map-micro: 0.2881067395210266
val/next-item-mean-time-step: 26.766969680786133
val/next-item-rmse: 8.50190544128418
val/next-k-label-distribution-delta: 6.404204368591309
val/optimal-transport-distance: 16.07748794555664
val/sequence-labels-entropy: 1.5269203186035156
val/thinning_accepted: 41.62580108642578
