date: '2024-09-26 23:54:07'
test/T-mAP: 0.07408212125301361
test/T-mAP-micro: 0.099327951669693
test/horizon-mean-time-step: 1.0120781660079956
test/loss: -1.0462884902954102
test/loss_nhp: -1.0462884902954102
test/mean-predicted-length: 24.86308479309082
test/mean-target-length: 8.947009086608887
test/next-item-accuracy: 0.1519233137369156
test/next-item-mae: 2.9724504947662354
test/next-item-map: 0.18219931423664093
test/next-item-map-micro: 0.25407660007476807
test/next-item-mean-time-step: 27.482040405273438
test/next-item-rmse: 8.563735008239746
test/next-k-label-distribution-delta: 7.46527099609375
test/optimal-transport-distance: 17.12834930419922
test/sequence-labels-entropy: 1.7430435419082642
test/thinning_accepted: 41.685298919677734
val/T-mAP: 0.07560724765062332
val/T-mAP-micro: 0.10038454830646515
val/horizon-mean-time-step: 1.015276551246643
val/loss: -0.8670099377632141
val/loss_nhp: -0.8670099377632141
val/mean-predicted-length: 24.79657745361328
val/mean-target-length: 9.00789737701416
val/next-item-accuracy: 0.14977021515369415
val/next-item-mae: 2.932727813720703
val/next-item-map: 0.18298174440860748
val/next-item-map-micro: 0.25524094700813293
val/next-item-mean-time-step: 26.766969680786133
val/next-item-rmse: 8.50190544128418
val/next-k-label-distribution-delta: 7.438241004943848
val/optimal-transport-distance: 17.104900360107422
val/sequence-labels-entropy: 1.7423944473266602
val/thinning_accepted: 41.62580108642578
