date: '2024-09-27 12:20:37'
test/T-mAP: 0.21616819500923157
test/T-mAP-micro: 0.2725408375263214
test/horizon-mean-time-step: 2.6510603427886963
test/loss: 3.2940821647644043
test/loss_labels: 1.1539040803909302
test/loss_timestamps: 2.14017915725708
test/mean-predicted-length: 9.70301628112793
test/mean-target-length: 8.947009086608887
test/next-item-accuracy: 0.5835201740264893
test/next-item-mae: 3.9540510177612305
test/next-item-map: 0.4544636309146881
test/next-item-map-micro: 0.5849067568778992
test/next-item-mean-time-step: 27.667720794677734
test/next-item-rmse: 8.987120628356934
test/next-k-label-distribution-delta: 3.9884374141693115
test/optimal-transport-distance: 13.761445999145508
test/sequence-labels-entropy: 1.4613662958145142
test/timestamps-bias-mean: 2.5683250427246094
test/timestamps-current_influence: -0.00981130637228489
val/T-mAP: 0.22010675072669983
val/T-mAP-micro: 0.27547240257263184
val/horizon-mean-time-step: 2.6501004695892334
val/loss: 4.085336208343506
val/loss_labels: 1.1512036323547363
val/loss_timestamps: 2.934131145477295
val/mean-predicted-length: 9.699226379394531
val/mean-target-length: 9.00789737701416
val/next-item-accuracy: 0.5842866897583008
val/next-item-mae: 3.9005286693573
val/next-item-map: 0.45332837104797363
val/next-item-map-micro: 0.5849944353103638
val/next-item-mean-time-step: 26.95331382751465
val/next-item-rmse: 8.921854972839355
val/next-k-label-distribution-delta: 3.965275287628174
val/optimal-transport-distance: 13.677159309387207
val/sequence-labels-entropy: 1.4679772853851318
val/timestamps-bias-mean: 2.597811460494995
val/timestamps-current_influence: -0.009811308234930038
