date: '2024-09-30 08:44:16'
test/T-mAP: 0.1902988702058792
test/T-mAP-micro: 0.23522314429283142
test/horizon-mean-time-step: 2.6663384437561035
test/loss: 3.2940821647644043
test/loss_labels: 1.1539040803909302
test/loss_timestamps: 2.14017915725708
test/mean-predicted-length: 9.520317077636719
test/mean-target-length: 8.947009086608887
test/next-item-accuracy: 0.540010929107666
test/next-item-mae: 3.95371413230896
test/next-item-map: 0.4513360559940338
test/next-item-map-micro: 0.5816553831100464
test/next-item-mean-time-step: 27.66650390625
test/next-item-rmse: 8.986862182617188
test/next-k-label-distribution-delta: 4.203413963317871
test/optimal-transport-distance: 13.988177299499512
test/sequence-labels-entropy: 1.506020188331604
test/timestamps-bias-mean: 2.5683250427246094
test/timestamps-current_influence: -0.00981130637228489
val/T-mAP: 0.19384753704071045
val/T-mAP-micro: 0.23665152490139008
val/horizon-mean-time-step: 2.667691230773926
val/loss: 4.085336208343506
val/loss_labels: 1.1512036323547363
val/loss_timestamps: 2.934131145477295
val/mean-predicted-length: 9.478413581848145
val/mean-target-length: 9.00789737701416
val/next-item-accuracy: 0.5404314994812012
val/next-item-mae: 3.9012317657470703
val/next-item-map: 0.45029816031455994
val/next-item-map-micro: 0.5816250443458557
val/next-item-mean-time-step: 26.952899932861328
val/next-item-rmse: 8.921701431274414
val/next-k-label-distribution-delta: 4.186445713043213
val/optimal-transport-distance: 13.936365127563477
val/sequence-labels-entropy: 1.511830449104309
val/timestamps-bias-mean: 2.597811460494995
val/timestamps-current_influence: -0.009811308234930038
