date: '2024-09-30 08:39:50'
test/T-mAP: 0.1515042781829834
test/T-mAP-micro: 0.195809006690979
test/horizon-mean-time-step: 2.890808582305908
test/loss: 3.2940821647644043
test/loss_labels: 1.1539040803909302
test/loss_timestamps: 2.14017915725708
test/mean-predicted-length: 9.740334510803223
test/mean-target-length: 8.947009086608887
test/next-item-accuracy: 0.45908287167549133
test/next-item-mae: 3.95371413230896
test/next-item-map: 0.4544636309146881
test/next-item-map-micro: 0.5849067568778992
test/next-item-mean-time-step: 27.66650390625
test/next-item-rmse: 8.986862182617188
test/next-k-label-distribution-delta: 4.7335944175720215
test/optimal-transport-distance: 14.577021598815918
test/sequence-labels-entropy: 1.5346819162368774
test/timestamps-bias-mean: 2.5683250427246094
test/timestamps-current_influence: -0.00981130637228489
val/T-mAP: 0.15469565987586975
val/T-mAP-micro: 0.1982162743806839
val/horizon-mean-time-step: 2.8922410011291504
val/loss: 4.085336208343506
val/loss_labels: 1.1512036323547363
val/loss_timestamps: 2.934131145477295
val/mean-predicted-length: 9.65886116027832
val/mean-target-length: 9.00789737701416
val/next-item-accuracy: 0.459903359413147
val/next-item-mae: 3.9012317657470703
val/next-item-map: 0.45332837104797363
val/next-item-map-micro: 0.5849944353103638
val/next-item-mean-time-step: 26.952899932861328
val/next-item-rmse: 8.921701431274414
val/next-k-label-distribution-delta: 4.716176509857178
val/optimal-transport-distance: 14.514714241027832
val/sequence-labels-entropy: 1.5400865077972412
val/timestamps-bias-mean: 2.597811460494995
val/timestamps-current_influence: -0.009811308234930038
