date: '2024-09-30 08:48:16'
test/T-mAP: 0.20395661890506744
test/T-mAP-micro: 0.24861258268356323
test/horizon-mean-time-step: 2.6184909343719482
test/loss: 3.2940821647644043
test/loss_labels: 1.1539040803909302
test/loss_timestamps: 2.14017915725708
test/mean-predicted-length: 9.686796188354492
test/mean-target-length: 8.947009086608887
test/next-item-accuracy: 0.5823697447776794
test/next-item-mae: 3.95371413230896
test/next-item-map: 0.43628430366516113
test/next-item-map-micro: 0.5607662796974182
test/next-item-mean-time-step: 27.66650390625
test/next-item-rmse: 8.986862182617188
test/next-k-label-distribution-delta: 3.9967119693756104
test/optimal-transport-distance: 13.769185066223145
test/sequence-labels-entropy: 1.4674760103225708
test/timestamps-bias-mean: 2.5683250427246094
test/timestamps-current_influence: -0.00981130637228489
val/T-mAP: 0.2088802456855774
val/T-mAP-micro: 0.2527410089969635
val/horizon-mean-time-step: 2.6181771755218506
val/loss: 4.085336208343506
val/loss_labels: 1.1512036323547363
val/loss_timestamps: 2.934131145477295
val/mean-predicted-length: 9.66623592376709
val/mean-target-length: 9.00789737701416
val/next-item-accuracy: 0.5830244421958923
val/next-item-mae: 3.9012317657470703
val/next-item-map: 0.43596911430358887
val/next-item-map-micro: 0.5608665943145752
val/next-item-mean-time-step: 26.952899932861328
val/next-item-rmse: 8.921701431274414
val/next-k-label-distribution-delta: 3.9664859771728516
val/optimal-transport-distance: 13.681184768676758
val/sequence-labels-entropy: 1.4739489555358887
val/timestamps-bias-mean: 2.597811460494995
val/timestamps-current_influence: -0.009811308234930038
