date: '2024-09-30 08:31:40'
test/T-mAP: 0.08203473687171936
test/T-mAP-micro: 0.11661087721586227
test/horizon-mean-time-step: 0.6142638325691223
test/loss: 3.2940821647644043
test/loss_labels: 1.1539040803909302
test/loss_timestamps: 2.14017915725708
test/mean-predicted-length: 26.23552703857422
test/mean-target-length: 8.947009086608887
test/next-item-accuracy: 0.07203087955713272
test/next-item-mae: 3.95371413230896
test/next-item-map: 0.40306076407432556
test/next-item-map-micro: 0.5254138708114624
test/next-item-mean-time-step: 27.66650390625
test/next-item-rmse: 8.986862182617188
test/next-k-label-distribution-delta: 8.162753105163574
test/optimal-transport-distance: 18.161945343017578
test/sequence-labels-entropy: 1.8003528118133545
test/timestamps-bias-mean: 2.5683250427246094
test/timestamps-current_influence: -0.00981130637228489
val/T-mAP: 0.08304665982723236
val/T-mAP-micro: 0.11669865250587463
val/horizon-mean-time-step: 0.6032050848007202
val/loss: 4.085336208343506
val/loss_labels: 1.1512036323547363
val/loss_timestamps: 2.934131145477295
val/mean-predicted-length: 26.37432289123535
val/mean-target-length: 9.00789737701416
val/next-item-accuracy: 0.07313546538352966
val/next-item-mae: 3.9012317657470703
val/next-item-map: 0.40275463461875916
val/next-item-map-micro: 0.5258167386054993
val/next-item-mean-time-step: 26.952899932861328
val/next-item-rmse: 8.921701431274414
val/next-k-label-distribution-delta: 8.163992881774902
val/optimal-transport-distance: 18.150497436523438
val/sequence-labels-entropy: 1.8074594736099243
val/timestamps-bias-mean: 2.597811460494995
val/timestamps-current_influence: -0.009811308234930038
