date: '2024-09-30 08:35:44'
test/T-mAP: 0.1099625825881958
test/T-mAP-micro: 0.15093082189559937
test/horizon-mean-time-step: 2.558480739593506
test/loss: 3.2940821647644043
test/loss_labels: 1.1539040803909302
test/loss_timestamps: 2.14017915725708
test/mean-predicted-length: 12.329643249511719
test/mean-target-length: 8.947009086608887
test/next-item-accuracy: 0.32585132122039795
test/next-item-mae: 3.95371413230896
test/next-item-map: 0.45104485750198364
test/next-item-map-micro: 0.5804910659790039
test/next-item-mean-time-step: 27.66650390625
test/next-item-rmse: 8.986862182617188
test/next-k-label-distribution-delta: 5.814834117889404
test/optimal-transport-distance: 15.683974266052246
test/sequence-labels-entropy: 1.5922729969024658
test/timestamps-bias-mean: 2.5683250427246094
test/timestamps-current_influence: -0.00981130637228489
val/T-mAP: 0.11108268052339554
val/T-mAP-micro: 0.1518343836069107
val/horizon-mean-time-step: 2.5548276901245117
val/loss: 4.085336208343506
val/loss_labels: 1.1512036323547363
val/loss_timestamps: 2.934131145477295
val/mean-predicted-length: 12.300938606262207
val/mean-target-length: 9.00789737701416
val/next-item-accuracy: 0.3253421485424042
val/next-item-mae: 3.9012317657470703
val/next-item-map: 0.4496006965637207
val/next-item-map-micro: 0.5803973078727722
val/next-item-mean-time-step: 26.952899932861328
val/next-item-rmse: 8.921701431274414
val/next-k-label-distribution-delta: 5.803373336791992
val/optimal-transport-distance: 15.657169342041016
val/sequence-labels-entropy: 1.5966843366622925
val/timestamps-bias-mean: 2.597811460494995
val/timestamps-current_influence: -0.009811308234930038
