date: '2024-09-23 18:36:28'
test/T-mAP: 0.25055164098739624
test/T-mAP-micro: 0.3215210437774658
test/horizon-mean-time-step: 3.2331600189208984
test/loss: 4.517333030700684
test/loss_nhp: 4.517333030700684
test/mean-predicted-length: 30.013442993164062
test/mean-target-length: 21.358747482299805
test/next-item-accuracy: 0.6002475619316101
test/next-item-mae: 18.3336181640625
test/next-item-map: 0.467095285654068
test/next-item-map-micro: 0.6130906939506531
test/next-item-mean-time-step: 30.4827880859375
test/next-item-rmse: 32.01329040527344
test/next-k-label-distribution-delta: 8.002578735351562
test/optimal-transport-distance: 171.9495086669922
test/thinning_accepted: 45.96794891357422
val/T-mAP: 0.2762991487979889
val/T-mAP-micro: 0.3189118802547455
val/horizon-mean-time-step: 3.4368696212768555
val/loss: 4.548440456390381
val/loss_nhp: 4.548440456390381
val/mean-predicted-length: 29.752437591552734
val/mean-target-length: 20.682857513427734
val/next-item-accuracy: 0.6049387454986572
val/next-item-mae: 18.587108612060547
val/next-item-map: 0.4869314134120941
val/next-item-map-micro: 0.6181259155273438
val/next-item-mean-time-step: 31.222522735595703
val/next-item-rmse: 32.199256896972656
val/next-k-label-distribution-delta: 8.039759635925293
val/optimal-transport-distance: 174.0386199951172
val/thinning_accepted: 45.635128021240234
