date: '2026-04-10 20:10:32'
test/T-mAP: 0.5696604251861572
test/T-mAP-weighted: 0.7129669189453125
test/horizon-max-f-score: 0.6253101229667664
test/horizon-max-f-score-weighted: 0.7514412999153137
test/horizon-mean-time-step: 1.5654126405715942
test/loss: 26.719112396240234
test/loss__presence: 0.1555936485528946
test/loss_labels: 0.5048708319664001
test/loss_next_item_labels: 0.7740148305892944
test/loss_next_item_timestamps: 15.227767944335938
test/loss_timestamps: 10.056864738464355
test/match_cost_mean: -7.563077926635742
test/match_cost_std: 8.73742389678955
test/max_cost: 73.6924819946289
test/mean-predicted-length: 0.0
test/mean-target-length: 21.358747482299805
test/next-item-accuracy: 0.5981537103652954
test/next-item-mae: 18.581384658813477
test/next-item-map: 0.4635690152645111
test/next-item-map-weighted: 0.6109308004379272
test/next-item-max-f-score: 0.5025156140327454
test/next-item-max-f-score-weighted: 0.6465029716491699
test/next-item-mean-time-step: 30.902198791503906
test/next-item-rmse: 32.062538146972656
test/next-k-label-distribution-delta: 3.6802947521209717
test/optimal-transport-distance: 202.3705291748047
test/prediction_match_rate: 0.19853898882865906
test/sequence-labels-entropy: 0.0
test/target-sequence-labels-entropy: 0.48265179991722107
test/target_match_rate: 1.0
val/T-mAP: 0.6115521192550659
val/T-mAP-weighted: 0.7167563438415527
val/horizon-max-f-score: 0.6515524983406067
val/horizon-max-f-score-weighted: 0.7544907927513123
val/horizon-mean-time-step: 1.5640815496444702
val/loss: 26.403825759887695
val/loss__presence: 0.15598876774311066
val/loss_labels: 0.5097951292991638
val/loss_next_item_labels: 0.7713994979858398
val/loss_next_item_timestamps: 15.449990272521973
val/loss_timestamps: 9.51665210723877
val/match_cost_mean: -7.432227611541748
val/match_cost_std: 8.681461334228516
val/max_cost: 73.61673736572266
val/mean-predicted-length: 0.0
val/mean-target-length: 20.682857513427734
val/next-item-accuracy: 0.6012599468231201
val/next-item-mae: 18.811988830566406
val/next-item-map: 0.481904000043869
val/next-item-map-weighted: 0.6144095659255981
val/next-item-max-f-score: 0.5122529864311218
val/next-item-max-f-score-weighted: 0.6478390097618103
val/next-item-mean-time-step: 31.641389846801758
val/next-item-rmse: 32.25294876098633
val/next-k-label-distribution-delta: 3.630157470703125
val/optimal-transport-distance: 200.62635803222656
val/prediction_match_rate: 0.1931135058403015
val/sequence-labels-entropy: 0.0
val/target-sequence-labels-entropy: 0.4756934940814972
val/target_match_rate: 1.0
