date: '2026-04-24 10:53:20'
test/T-mAP: 0.17600339651107788
test/T-mAP-weighted: 0.2358802706003189
test/horizon-max-f-score: 0.4897805452346802
test/horizon-max-f-score-weighted: 0.6195257306098938
test/horizon-mean-time-step: 0.028684673830866814
test/loss: 79.41348266601562
test/loss__presence: 0.48763900995254517
test/loss_labels: 0.7243708372116089
test/loss_next_item_labels: 0.9206304550170898
test/loss_next_item_timestamps: 22.892108917236328
test/loss_timestamps: 54.388736724853516
test/match_cost_mean: 7.637610912322998
test/match_cost_std: 5.293306827545166
test/max_cost: 25.302946090698242
test/mean-predicted-length: 0.0
test/mean-target-length: 21.358747482299805
test/next-item-accuracy: 0.4514652192592621
test/next-item-mae: 22.831531524658203
test/next-item-map: 0.37483546137809753
test/next-item-map-weighted: 0.5303326845169067
test/next-item-max-f-score: 0.45766162872314453
test/next-item-max-f-score-weighted: 0.6298365592956543
test/next-item-mean-time-step: 29.713951110839844
test/next-item-rmse: 38.321529388427734
test/next-k-label-distribution-delta: 6.41583776473999
test/optimal-transport-distance: 212.62490844726562
test/prediction_match_rate: 0.19853898882865906
test/sequence-labels-entropy: 0.0
test/target-sequence-labels-entropy: 0.48265179991722107
test/target_match_rate: 1.0
val/T-mAP: 0.16326284408569336
val/T-mAP-weighted: 0.21136096119880676
val/horizon-max-f-score: 0.5283147692680359
val/horizon-max-f-score-weighted: 0.6429508924484253
val/horizon-mean-time-step: 0.02882346697151661
val/loss: 83.94203186035156
val/loss__presence: 0.4858349561691284
val/loss_labels: 0.7115423083305359
val/loss_next_item_labels: 0.9355290532112122
val/loss_next_item_timestamps: 23.9814453125
val/loss_timestamps: 57.827674865722656
val/match_cost_mean: 8.116010665893555
val/match_cost_std: 5.319127082824707
val/max_cost: 25.248920440673828
val/mean-predicted-length: 0.0
val/mean-target-length: 20.195945739746094
val/next-item-accuracy: 0.42114749550819397
val/next-item-mae: 23.97516632080078
val/next-item-map: 0.37593498826026917
val/next-item-map-weighted: 0.5320273041725159
val/next-item-max-f-score: 0.4609273672103882
val/next-item-max-f-score-weighted: 0.6319848895072937
val/next-item-mean-time-step: 32.50698471069336
val/next-item-rmse: 39.43748474121094
val/next-k-label-distribution-delta: 6.472972869873047
val/optimal-transport-distance: 218.82728576660156
val/prediction_match_rate: 0.18314820528030396
val/sequence-labels-entropy: 0.0
val/target-sequence-labels-entropy: 0.4873654842376709
val/target_match_rate: 1.0
