date: '2024-06-01 05:33:16'
test/detection-mAP: 0.49599018692970276
test/horizon-mean-time-step: 14.148658752441406
test/loss: 23.91547203063965
test/loss_hypro-bce: 23.91547203063965
test/mean-noise-energy: 12.33637809753418
test/mean-predicted-length: 12.9994478225708
test/mean-target-energy: 23.904481887817383
test/mean-target-length: 21.358747482299805
test/next-item-accuracy: 0.6011874079704285
test/next-item-mae: 18.548677444458008
test/next-item-mean-time-step: 22.40106201171875
test/next-item-rmse: 32.1800422668457
test/optimal-transport-distance: 170.64698791503906
val/detection-mAP: 0.5178968906402588
val/horizon-mean-time-step: 14.783655166625977
val/loss: 23.84392738342285
val/loss_hypro-bce: 23.84392738342285
val/mean-noise-energy: 12.327449798583984
val/mean-predicted-length: 12.706676483154297
val/mean-target-energy: 23.83517837524414
val/mean-target-length: 20.682857513427734
val/next-item-accuracy: 0.604704737663269
val/next-item-mae: 18.788471221923828
val/next-item-mean-time-step: 22.766944885253906
val/next-item-rmse: 32.364341735839844
val/optimal-transport-distance: 171.6177215576172
