date: '2025-02-22 14:15:17'
test/T-mAP: 0.46872708201408386
test/T-mAP-weighted: 0.6217204332351685
test/horizon-max-f-score: 0.5562028884887695
test/horizon-max-f-score-weighted: 0.7300775051116943
test/horizon-mean-time-step: 19.694934844970703
test/loss: 0.16778765618801117
test/loss_hypro-bce: 0.16778765618801117
test/mean-noise-energy: 7.561180114746094
test/mean-predicted-length: 16.151565551757812
test/mean-target-energy: -4.4348578453063965
test/mean-target-length: 21.358747482299805
test/next-item-accuracy: 0.5083799362182617
test/next-item-mae: 18.61395263671875
test/next-item-map: 0.4683713912963867
test/next-item-map-weighted: 0.6143790483474731
test/next-item-max-f-score: 0.503625214099884
test/next-item-max-f-score-weighted: 0.6474644541740417
test/next-item-mean-time-step: 30.368223190307617
test/next-item-rmse: 32.05414962768555
test/next-k-label-distribution-delta: 4.782320499420166
test/optimal-transport-distance: 160.39822387695312
test/sequence-labels-entropy: 0.4525384306907654
val/T-mAP: 0.5058258771896362
val/T-mAP-weighted: 0.6278663277626038
val/horizon-max-f-score: 0.5892438888549805
val/horizon-max-f-score-weighted: 0.7318572998046875
val/horizon-mean-time-step: 20.302927017211914
val/loss: 0.16659359633922577
val/loss_hypro-bce: 0.16659359633922577
val/mean-noise-energy: 7.5628557205200195
val/mean-predicted-length: 15.562265396118164
val/mean-target-energy: -4.507386684417725
val/mean-target-length: 20.682857513427734
val/next-item-accuracy: 0.5117430686950684
val/next-item-mae: 18.855388641357422
val/next-item-map: 0.4885977804660797
val/next-item-map-weighted: 0.6190778613090515
val/next-item-max-f-score: 0.5154485106468201
val/next-item-max-f-score-weighted: 0.6494941115379333
val/next-item-mean-time-step: 31.098548889160156
val/next-item-rmse: 32.24837112426758
val/next-k-label-distribution-delta: 4.714178562164307
val/optimal-transport-distance: 161.8291015625
val/sequence-labels-entropy: 0.4457712173461914
