date: '2024-09-14 03:38:50'
test/T-mAP: 0.4698899984359741
test/T-mAP-micro: 0.6277526021003723
test/horizon-mean-time-step: 20.296672821044922
test/loss: 1.144523024559021
test/loss_hypro-bce: 1.144523024559021
test/mean-noise-energy: 5.871004581451416
test/mean-predicted-length: 14.970534324645996
test/mean-target-energy: 0.3454802632331848
test/mean-target-length: 21.358747482299805
test/next-item-accuracy: 0.5987492799758911
test/next-item-mae: 18.751489639282227
test/next-item-map: 0.46687909960746765
test/next-item-map-micro: 0.6137732863426208
test/next-item-mean-time-step: 30.35649299621582
test/next-item-rmse: 32.053504943847656
test/next-k-label-distribution-delta: 7.019153118133545
test/optimal-transport-distance: 170.71759033203125
val/T-mAP: 0.4989747703075409
val/T-mAP-micro: 0.6306342482566833
val/horizon-mean-time-step: 20.875642776489258
val/loss: 1.120642900466919
val/loss_hypro-bce: 1.120642900466919
val/mean-noise-energy: 5.86934232711792
val/mean-predicted-length: 14.49943733215332
val/mean-target-energy: 0.30917686223983765
val/mean-target-length: 20.682857513427734
val/next-item-accuracy: 0.6021960377693176
val/next-item-mae: 19.014469146728516
val/next-item-map: 0.48593267798423767
val/next-item-map-micro: 0.6179952621459961
val/next-item-mean-time-step: 31.085607528686523
val/next-item-rmse: 32.267337799072266
val/next-k-label-distribution-delta: 7.041260242462158
val/optimal-transport-distance: 171.4026336669922
