date: '2024-06-03 15:56:27'
test/detection-mAP: 0.2365017682313919
test/horizon-mean-time-step: 5.63460636138916
test/loss: 0.0
test/mean-predicted-length: 9.887845039367676
test/mean-target-length: 21.358747482299805
test/next-item-accuracy: 0.5850231051445007
test/next-item-mae: 18.82062530517578
test/next-item-mean-time-step: 22.234851837158203
test/next-item-rmse: 33.803287506103516
test/optimal-transport-distance: 173.54083251953125
val/detection-mAP: 0.2380904108285904
val/horizon-mean-time-step: 6.040950298309326
val/loss: 0.0
val/mean-predicted-length: 9.877532005310059
val/mean-target-length: 20.682857513427734
val/next-item-accuracy: 0.5902329683303833
val/next-item-mae: 19.155065536499023
val/next-item-mean-time-step: 22.592121124267578
val/next-item-rmse: 34.13072204589844
val/optimal-transport-distance: 174.87413024902344
