date: '2025-02-19 15:38:45'
num_seeds: 5
test/T-mAP: 0.45602684617042544
test/T-mAP-micro: 0.5967307686805725
test/T-mAP-micro-std: 0.0034488703464667122
test/T-mAP-std: 0.0028280180601764414
test/horizon-max-accuracy-micro: 0.5907141089439392
test/horizon-max-accuracy-micro-std: 0.019107035260962107
test/horizon-mean-time-step: 19.444024658203126
test/horizon-mean-time-step-std: 0.9720039858998536
test/loss: 4.551536178588867
test/loss-std: 0.0006322397097107614
test/loss_labels: 0.7704182267189026
test/loss_labels-std: 0.0004587447173518772
test/loss_timestamps: 3.7811177253723143
test/loss_timestamps-std: 0.0006659804923026083
test/mean-predicted-length: 16.57580108642578
test/mean-predicted-length-std: 0.9451342262491219
test/mean-target-length: 21.358747482299805
test/mean-target-length-std: 0.0
test/next-item-accuracy: 0.6000818967819214
test/next-item-accuracy-std: 0.0005568952029168541
test/next-item-mae: 18.59639205932617
test/next-item-mae-std: 0.03859193922240593
test/next-item-map: 0.46806045770645144
test/next-item-map-micro: 0.6142509460449219
test/next-item-map-micro-std: 0.00019420481695283143
test/next-item-map-std: 0.000253194861204888
test/next-item-max-accuracy: 0.48117517232894896
test/next-item-max-accuracy-std: 0.00016234119432874237
test/next-item-mean-time-step: 30.374308776855468
test/next-item-mean-time-step-std: 0.009741573488329361
test/next-item-rmse: 32.072200775146484
test/next-item-rmse-std: 0.00993915020529253
test/next-k-label-distribution-delta: 7.960221195220948
test/next-k-label-distribution-delta-std: 0.04166135400502481
test/optimal-transport-distance: 168.04330139160157
test/optimal-transport-distance-std: 0.9715779012246616
test/sequence-labels-entropy: 0.08731094896793365
test/sequence-labels-entropy-std: 0.009022303409875872
test/timestamps-bias-mean: -2.6978880405426025
test/timestamps-bias-mean-std: 0.015528143013013576
test/timestamps-current_influence: -0.003051290009170771
test/timestamps-current_influence-std: 0.0004680863610805409
val/T-mAP: 0.49032151103019717
val/T-mAP-micro: 0.6030007719993591
val/T-mAP-micro-std: 0.004372473696577229
val/T-mAP-std: 0.0015130741008872023
val/horizon-max-accuracy-micro: 0.5910151362419128
val/horizon-max-accuracy-micro-std: 0.017836903561704857
val/horizon-mean-time-step: 20.07792549133301
val/horizon-mean-time-step-std: 0.8644265318041247
val/loss: 4.583456230163574
val/loss-std: 0.0010548531044369774
val/loss_labels: 0.7671554446220398
val/loss_labels-std: 0.0005171222854386334
val/loss_timestamps: 3.816300964355469
val/loss_timestamps-std: 0.0008183798435338325
val/mean-predicted-length: 15.946211624145509
val/mean-predicted-length-std: 0.8395911876703551
val/mean-target-length: 20.682857513427734
val/mean-target-length-std: 0.0
val/next-item-accuracy: 0.6037948489189148
val/next-item-accuracy-std: 0.00044356272259815746
val/next-item-mae: 18.828768920898437
val/next-item-mae-std: 0.038467235474012026
val/next-item-map: 0.4879158794879913
val/next-item-map-micro: 0.6189388036727905
val/next-item-map-micro-std: 0.0002811862292180533
val/next-item-map-std: 0.0004961083511955434
val/next-item-max-accuracy: 0.4865789234638214
val/next-item-max-accuracy-std: 0.0001269631493850502
val/next-item-mean-time-step: 31.09565124511719
val/next-item-mean-time-step-std: 0.009468813352025703
val/next-item-rmse: 32.25214767456055
val/next-item-rmse-std: 0.011013530591700177
val/next-k-label-distribution-delta: 7.995499038696289
val/next-k-label-distribution-delta-std: 0.04591009654480932
val/optimal-transport-distance: 169.2150909423828
val/optimal-transport-distance-std: 1.0168439232855306
val/sequence-labels-entropy: 0.09118936657905578
val/sequence-labels-entropy-std: 0.005724063225326747
val/timestamps-bias-mean: -2.728027868270874
val/timestamps-bias-mean-std: 0.01482297935731832
val/timestamps-current_influence: -0.0030512898694723843
val/timestamps-current_influence-std: 0.0004680866134093024
