date: '2025-02-24 09:05:16'
num_seeds: 5
test/T-mAP: 0.24238204061985016
test/T-mAP-std: 0.009361841175883175
test/T-mAP-weighted: 0.31023775935173037
test/T-mAP-weighted-std: 0.012861637961312922
test/horizon-max-f-score: 0.38578855991363525
test/horizon-max-f-score-std: 0.007205010851010458
test/horizon-max-f-score-weighted: 0.48378915786743165
test/horizon-max-f-score-weighted-std: 0.011166150889416042
test/horizon-mean-time-step: 3.1297327518463134
test/horizon-mean-time-step-std: 0.2681167843072388
test/loss: 4.520903301239014
test/loss-std: 0.0009868937101367374
test/loss_nhp: 4.520903301239014
test/loss_nhp-std: 0.0009868937101367374
test/mean-predicted-length: 29.832633209228515
test/mean-predicted-length-std: 0.5759218378316486
test/mean-target-length: 21.358747482299805
test/mean-target-length-std: 0.0
test/next-item-accuracy: 0.6006383895874023
test/next-item-accuracy-std: 0.00028232214257587645
test/next-item-mae: 18.324392318725586
test/next-item-mae-std: 0.024436500162860086
test/next-item-map: 0.4666218042373657
test/next-item-map-std: 0.0001796683003484169
test/next-item-map-weighted: 0.6130170464515686
test/next-item-map-weighted-std: 0.00021179823458700325
test/next-item-max-f-score: 0.5032327175140381
test/next-item-max-f-score-std: 0.00032668174478902825
test/next-item-max-f-score-weighted: 0.6470417857170105
test/next-item-max-f-score-weighted-std: 0.00015925792420536943
test/next-item-mean-time-step: 30.453647232055665
test/next-item-mean-time-step-std: 0.012178280912473088
test/next-item-rmse: 32.034628295898436
test/next-item-rmse-std: 0.017606189067619273
test/next-k-label-distribution-delta: 7.989908218383789
test/next-k-label-distribution-delta-std: 0.006912720061131176
test/optimal-transport-distance: 172.9126190185547
test/optimal-transport-distance-std: 0.6668064720818532
test/sequence-labels-entropy: 0.08100180774927139
test/sequence-labels-entropy-std: 0.002479315094958036
test/thinning_accepted: 46.66756591796875
test/thinning_accepted-std: 0.08518086179457215
val/T-mAP: 0.2673934757709503
val/T-mAP-std: 0.011561559274557733
val/T-mAP-weighted: 0.30890931487083434
val/T-mAP-weighted-std: 0.014354884352074595
val/horizon-max-f-score: 0.4127320408821106
val/horizon-max-f-score-std: 0.009938321356253879
val/horizon-max-f-score-weighted: 0.4811892509460449
val/horizon-max-f-score-weighted-std: 0.01235472461032861
val/horizon-mean-time-step: 3.3034839630126953
val/horizon-mean-time-step-std: 0.2868931998202842
val/loss: 4.551845836639404
val/loss-std: 0.001248194455548308
val/loss_nhp: 4.551845836639404
val/loss_nhp-std: 0.001248194455548308
val/mean-predicted-length: 29.55431365966797
val/mean-predicted-length-std: 0.6171630210316483
val/mean-target-length: 20.682857513427734
val/mean-target-length-std: 0.0
val/next-item-accuracy: 0.6044669508934021
val/next-item-accuracy-std: 0.00029426605009649255
val/next-item-mae: 18.571097564697265
val/next-item-mae-std: 0.026428815353786564
val/next-item-map: 0.4869148313999176
val/next-item-map-std: 0.0006999185862826018
val/next-item-map-weighted: 0.6180952310562133
val/next-item-map-weighted-std: 0.00046479052500945445
val/next-item-max-f-score: 0.5143784999847412
val/next-item-max-f-score-std: 0.000699996579164283
val/next-item-max-f-score-weighted: 0.6493652820587158
val/next-item-max-f-score-weighted-std: 0.00013541007600227173
val/next-item-mean-time-step: 31.189846801757813
val/next-item-mean-time-step-std: 0.01361238346840598
val/next-item-rmse: 32.2141716003418
val/next-item-rmse-std: 0.013484303654294661
val/next-k-label-distribution-delta: 8.021905517578125
val/next-k-label-distribution-delta-std: 0.007645405696156977
val/optimal-transport-distance: 174.69318542480468
val/optimal-transport-distance-std: 0.7120648429545866
val/sequence-labels-entropy: 0.08858193755149842
val/sequence-labels-entropy-std: 0.002649695873615542
val/thinning_accepted: 45.97288360595703
val/thinning_accepted-std: 0.07823309504283993
