date: '2025-02-24 20:21:25'
num_seeds: 1
test/T-mAP: 0.3078274726867676
test/T-mAP-std: 0.0
test/T-mAP-weighted: 0.4052221179008484
test/T-mAP-weighted-std: 0.0
test/horizon-max-f-score: 0.5696797966957092
test/horizon-max-f-score-std: 0.0
test/horizon-max-f-score-weighted: 0.6939762234687805
test/horizon-max-f-score-weighted-std: 0.0
test/horizon-mean-time-step: 6.419778823852539
test/horizon-mean-time-step-std: 0.0
test/loss: 0.0
test/loss-std: 0.0
test/mean-predicted-length: 15.110681533813477
test/mean-predicted-length-std: 0.0
test/mean-target-length: 21.358747482299805
test/mean-target-length-std: 0.0
test/next-item-accuracy: 0.4914990961551666
test/next-item-accuracy-std: 0.0
test/next-item-mae: 22.21474266052246
test/next-item-mae-std: 0.0
test/next-item-map: 0.35144171118736267
test/next-item-map-std: 0.0
test/next-item-map-weighted: 0.4844507873058319
test/next-item-map-weighted-std: 0.0
test/next-item-max-f-score: 0.4628298580646515
test/next-item-max-f-score-std: 0.0
test/next-item-max-f-score-weighted: 0.6296392679214478
test/next-item-max-f-score-weighted-std: 0.0
test/next-item-mean-time-step: 32.84444046020508
test/next-item-mean-time-step-std: 0.0
test/next-item-rmse: 37.398048400878906
test/next-item-rmse-std: 0.0
test/next-k-label-distribution-delta: 4.702762603759766
test/next-k-label-distribution-delta-std: 0.0
test/optimal-transport-distance: 170.16409301757812
test/optimal-transport-distance-std: 0.0
test/sequence-labels-entropy: 0.49522843956947327
test/sequence-labels-entropy-std: 0.0
test/target-sequence-labels-entropy: 0.48265188932418823
test/target-sequence-labels-entropy-std: 0.0
val/T-mAP: 0.3115521967411041
val/T-mAP-std: 0.0
val/T-mAP-weighted: 0.40698620676994324
val/T-mAP-weighted-std: 0.0
val/horizon-max-f-score: 0.5809831023216248
val/horizon-max-f-score-std: 0.0
val/horizon-max-f-score-weighted: 0.6873783469200134
val/horizon-max-f-score-weighted-std: 0.0
val/horizon-mean-time-step: 6.747924327850342
val/horizon-mean-time-step-std: 0.0
val/loss: 0.0
val/loss-std: 0.0
val/mean-predicted-length: 15.104463577270508
val/mean-predicted-length-std: 0.0
val/mean-target-length: 20.682857513427734
val/mean-target-length-std: 0.0
val/next-item-accuracy: 0.48919302225112915
val/next-item-accuracy-std: 0.0
val/next-item-mae: 22.331886291503906
val/next-item-mae-std: 0.0
val/next-item-map: 0.3488338887691498
val/next-item-map-std: 0.0
val/next-item-map-weighted: 0.4820767641067505
val/next-item-map-weighted-std: 0.0
val/next-item-max-f-score: 0.4691876173019409
val/next-item-max-f-score-std: 0.0
val/next-item-max-f-score-weighted: 0.6288772821426392
val/next-item-max-f-score-weighted-std: 0.0
val/next-item-mean-time-step: 33.46877670288086
val/next-item-mean-time-step-std: 0.0
val/next-item-rmse: 37.501468658447266
val/next-item-rmse-std: 0.0
val/next-k-label-distribution-delta: 4.784696102142334
val/next-k-label-distribution-delta-std: 0.0
val/optimal-transport-distance: 172.4088592529297
val/optimal-transport-distance-std: 0.0
val/sequence-labels-entropy: 0.4915889501571655
val/sequence-labels-entropy-std: 0.0
val/target-sequence-labels-entropy: 0.47569361329078674
val/target-sequence-labels-entropy-std: 0.0
