date: '2025-02-04 14:51:22'
num_seeds: 5
test/T-mAP: 0.4005045175552368
test/T-mAP-micro: 0.5305822134017945
test/T-mAP-micro-std: 0.019683065359546968
test/T-mAP-std: 0.017290271996401152
test/horizon-max-accuracy-micro: 0.4714506208896637
test/horizon-max-accuracy-micro-std: 0.020617554000366113
test/horizon-mean-time-step: 12.619669723510743
test/horizon-mean-time-step-std: 2.6191032477294205
test/loss: 15.729192924499511
test/loss-std: 0.06785323308293031
test/loss_labels: 0.7744481205940247
test/loss_labels-std: 0.0006713412227357211
test/loss_timestamps: 14.954744148254395
test/loss_timestamps-std: 0.0679174406545754
test/mean-predicted-length: 23.155838012695312
test/mean-predicted-length-std: 2.2829531216189802
test/mean-target-length: 21.358747482299805
test/mean-target-length-std: 0.0
test/next-item-accuracy: 0.5987958073616028
test/next-item-accuracy-std: 0.0005515747145139842
test/next-item-mae: 18.46603660583496
test/next-item-mae-std: 0.059873471296578926
test/next-item-map: 0.4606891334056854
test/next-item-map-micro: 0.6101216793060302
test/next-item-map-micro-std: 0.0004748572691872914
test/next-item-map-std: 0.0010588090356328588
test/next-item-max-accuracy: 0.47918524146080016
test/next-item-max-accuracy-std: 0.0003897087851142282
test/next-item-mean-time-step: 31.004292678833007
test/next-item-mean-time-step-std: 0.017486852315753944
test/next-item-rmse: 32.06245803833008
test/next-item-rmse-std: 0.0733682962185207
test/next-k-label-distribution-delta: 7.993517780303955
test/next-k-label-distribution-delta-std: 0.007129064624109858
test/optimal-transport-distance: 166.09202880859374
test/optimal-transport-distance-std: 1.128119570548658
test/sequence-labels-entropy: 0.08927649706602096
test/sequence-labels-entropy-std: 0.00559120913070402
val/T-mAP: 0.4373126447200775
val/T-mAP-micro: 0.5346718251705169
val/T-mAP-micro-std: 0.02142127121759792
val/T-mAP-std: 0.018783821940172713
val/horizon-max-accuracy-micro: 0.47413169145584105
val/horizon-max-accuracy-micro-std: 0.01829664725272212
val/horizon-mean-time-step: 13.161686515808105
val/horizon-mean-time-step-std: 2.70253620733817
val/loss: 15.93433780670166
val/loss-std: 0.06702985970706893
val/loss_labels: 0.7718968272209168
val/loss_labels-std: 0.0007423968801234278
val/loss_timestamps: 15.16244297027588
val/loss_timestamps-std: 0.0671891264182343
val/mean-predicted-length: 22.48315849304199
val/mean-predicted-length-std: 2.2805276045624407
val/mean-target-length: 20.682857513427734
val/mean-target-length-std: 0.0
val/next-item-accuracy: 0.6018234848976135
val/next-item-accuracy-std: 0.0006150108705538894
val/next-item-mae: 18.69740562438965
val/next-item-mae-std: 0.05823068308639274
val/next-item-map: 0.47945224642753603
val/next-item-map-micro: 0.6141443490982056
val/next-item-map-micro-std: 0.0005902365405742147
val/next-item-map-std: 0.0016111596892208419
val/next-item-max-accuracy: 0.4834125280380249
val/next-item-max-accuracy-std: 0.0005472316954607705
val/next-item-mean-time-step: 31.7445930480957
val/next-item-mean-time-step-std: 0.018731378543084525
val/next-item-rmse: 32.24531173706055
val/next-item-rmse-std: 0.07365704154091553
val/next-k-label-distribution-delta: 8.04223575592041
val/next-k-label-distribution-delta-std: 0.014274454709926887
val/optimal-transport-distance: 167.37015380859376
val/optimal-transport-distance-std: 1.3010028362412995
val/sequence-labels-entropy: 0.09429104030132293
val/sequence-labels-entropy-std: 0.004071577427806187
