date: '2025-01-28 13:05:46'
num_seeds: 5
test/T-mAP: 0.4752996027469635
test/T-mAP-micro: 0.6156549572944641
test/T-mAP-micro-std: 0.01735135329357017
test/T-mAP-std: 0.014013449344696486
test/horizon-max-accuracy-micro: 0.6556474566459656
test/horizon-max-accuracy-micro-std: 0.010473748060225918
test/horizon-mean-time-step: 13.717466735839844
test/horizon-mean-time-step-std: 0.7446137778572107
test/loss: 2.6204246520996093
test/loss-std: 0.16463660234233357
test/loss_decoder_labels: 0.008099596947431564
test/loss_decoder_labels-std: 0.0008569871904748114
test/loss_decoder_timestamps: 1.3208079576492309
test/loss_decoder_timestamps-std: 0.06485118763263971
test/loss_diffusion: 1.2914436340332032
test/loss_diffusion-std: 0.12960446667218925
test/loss_embedder_regularizer: 7.329780492000282e-05
test/loss_embedder_regularizer-std: 8.532365775893975e-06
test/mean-predicted-length: 13.400847053527832
test/mean-predicted-length-std: 0.2947419628927201
test/mean-target-length: 21.358747482299805
test/mean-target-length-std: 0.0
test/next-item-accuracy: 0.5503568768501281
test/next-item-accuracy-std: 0.004235395372061353
test/next-item-mae: 18.774198913574217
test/next-item-mae-std: 0.28509476577171755
test/next-item-map: 0.3973508536815643
test/next-item-map-micro: 0.5368587732315063
test/next-item-map-micro-std: 0.00668745173865628
test/next-item-map-std: 0.006857809321576379
test/next-item-max-accuracy: 0.43332395553588865
test/next-item-max-accuracy-std: 0.0068807318872000835
test/next-item-mean-time-step: 30.613679504394533
test/next-item-mean-time-step-std: 0.0933663599837756
test/next-item-rmse: 32.470700073242185
test/next-item-rmse-std: 0.25592581203308384
test/next-k-label-distribution-delta: 4.514696216583252
test/next-k-label-distribution-delta-std: 0.24440668346377778
test/optimal-transport-distance: 158.25537109375
test/optimal-transport-distance-std: 3.5942628877510305
test/sequence-labels-entropy: 0.3916178345680237
test/sequence-labels-entropy-std: 0.020451563056685648
val/T-mAP: 0.4873912215232849
val/T-mAP-micro: 0.6162866950035095
val/T-mAP-micro-std: 0.015740585366754982
val/T-mAP-std: 0.012102383595314922
val/horizon-max-accuracy-micro: 0.6513335704803467
val/horizon-max-accuracy-micro-std: 0.010360788665771095
val/horizon-mean-time-step: 14.395927047729492
val/horizon-mean-time-step-std: 0.7471452607212161
val/loss: 2.622406005859375
val/loss-std: 0.16510498021318087
val/loss_decoder_labels: 0.00800365200266242
val/loss_decoder_labels-std: 0.0008516970659324657
val/loss_decoder_timestamps: 1.3310434818267822
val/loss_decoder_timestamps-std: 0.0693922276181094
val/loss_diffusion: 1.283285641670227
val/loss_diffusion-std: 0.12809656551950518
val/loss_embedder_regularizer: 7.323565660044551e-05
val/loss_embedder_regularizer-std: 8.485882512795581e-06
val/mean-predicted-length: 13.154838752746581
val/mean-predicted-length-std: 0.31945499487881585
val/mean-target-length: 20.682857513427734
val/mean-target-length-std: 0.0
val/next-item-accuracy: 0.5524529933929443
val/next-item-accuracy-std: 0.003908607139171842
val/next-item-mae: 19.010983276367188
val/next-item-mae-std: 0.2929373031259304
val/next-item-map: 0.4119418621063232
val/next-item-map-micro: 0.5393885970115662
val/next-item-map-micro-std: 0.007976872787537658
val/next-item-map-std: 0.009164492243377058
val/next-item-max-accuracy: 0.4352392077445984
val/next-item-max-accuracy-std: 0.007913988684662619
val/next-item-mean-time-step: 31.329591369628908
val/next-item-mean-time-step-std: 0.09151773097851292
val/next-item-rmse: 32.650367736816406
val/next-item-rmse-std: 0.2567073900110359
val/next-k-label-distribution-delta: 4.5672918319702145
val/next-k-label-distribution-delta-std: 0.23833156477126058
val/optimal-transport-distance: 160.3660919189453
val/optimal-transport-distance-std: 3.1069873349447263
val/sequence-labels-entropy: 0.38718162178993226
val/sequence-labels-entropy-std: 0.01914055995641999
