date: '2025-02-03 14:14:19'
num_seeds: 5
test/T-mAP: 0.522377610206604
test/T-mAP-micro: 0.6660806894302368
test/T-mAP-micro-std: 0.00676213565063037
test/T-mAP-std: 0.00676646142397625
test/horizon-max-accuracy-micro: 0.6509056210517883
test/horizon-max-accuracy-micro-std: 0.0075477847373608895
test/horizon-mean-time-step: 9.696539688110352
test/horizon-mean-time-step-std: 0.20472604009398507
test/loss: 15.79440097808838
test/loss-std: 0.08941198050193966
test/loss_decoder_labels: 0.7691382169723511
test/loss_decoder_labels-std: 0.006613166709192002
test/loss_decoder_timestamps: 14.449354362487792
test/loss_decoder_timestamps-std: 0.09031237300816425
test/loss_diffusion: 0.5758527517318726
test/loss_diffusion-std: 0.012399777601534405
test/loss_embedder_regularizer: 5.630434097838588e-05
test/loss_embedder_regularizer-std: 3.558105030987345e-06
test/mean-predicted-length: 14.732928276062012
test/mean-predicted-length-std: 0.10098599785309721
test/mean-target-length: 21.358747482299805
test/mean-target-length-std: 0.0
test/next-item-accuracy: 0.5772210836410523
test/next-item-accuracy-std: 0.007749641071494765
test/next-item-mae: 18.595398712158204
test/next-item-mae-std: 0.06409709634499798
test/next-item-map: 0.42962788939476015
test/next-item-map-micro: 0.5782349109649658
test/next-item-map-micro-std: 0.009098615999127504
test/next-item-map-std: 0.00671337663929088
test/next-item-max-accuracy: 0.45301157236099243
test/next-item-max-accuracy-std: 0.00908888537848037
test/next-item-mean-time-step: 30.02785720825195
test/next-item-mean-time-step-std: 0.03161417762650702
test/next-item-rmse: 33.77305603027344
test/next-item-rmse-std: 0.10788688589462292
test/next-k-label-distribution-delta: 5.545930194854736
test/next-k-label-distribution-delta-std: 0.5085270158629326
test/optimal-transport-distance: 157.97559509277343
test/optimal-transport-distance-std: 1.1000106051391656
test/sequence-labels-entropy: 0.31229364275932314
test/sequence-labels-entropy-std: 0.03694999951726551
val/T-mAP: 0.5423615574836731
val/T-mAP-micro: 0.6674083828926086
val/T-mAP-micro-std: 0.006730898112752701
val/T-mAP-std: 0.008883378472614807
val/horizon-max-accuracy-micro: 0.6444033145904541
val/horizon-max-accuracy-micro-std: 0.00766632374487964
val/horizon-mean-time-step: 10.0149356842041
val/horizon-mean-time-step-std: 0.1960318106038688
val/loss: 16.033143615722658
val/loss-std: 0.07881440707267923
val/loss_decoder_labels: 0.7668755888938904
val/loss_decoder_labels-std: 0.00692159034034016
val/loss_decoder_timestamps: 14.684916877746582
val/loss_decoder_timestamps-std: 0.07955583953606865
val/loss_diffusion: 0.5812948226928711
val/loss_diffusion-std: 0.011898885194683701
val/loss_embedder_regularizer: 5.635294728563167e-05
val/loss_embedder_regularizer-std: 3.578159751926291e-06
val/mean-predicted-length: 14.61436595916748
val/mean-predicted-length-std: 0.10608553894248426
val/mean-target-length: 20.682857513427734
val/mean-target-length-std: 0.0
val/next-item-accuracy: 0.5803293108940124
val/next-item-accuracy-std: 0.007217279990080413
val/next-item-mae: 18.81132583618164
val/next-item-mae-std: 0.061620613900041546
val/next-item-map: 0.4473107099533081
val/next-item-map-micro: 0.5829343795776367
val/next-item-map-micro-std: 0.008049362866533745
val/next-item-map-std: 0.005869152634728871
val/next-item-max-accuracy: 0.45714944005012514
val/next-item-max-accuracy-std: 0.009149885264660707
val/next-item-mean-time-step: 30.74676055908203
val/next-item-mean-time-step-std: 0.031212063776767288
val/next-item-rmse: 33.976071166992185
val/next-item-rmse-std: 0.10894931443216097
val/next-k-label-distribution-delta: 5.556264114379883
val/next-k-label-distribution-delta-std: 0.5303226665312368
val/optimal-transport-distance: 158.9960479736328
val/optimal-transport-distance-std: 1.3593492608949522
val/sequence-labels-entropy: 0.3084959387779236
val/sequence-labels-entropy-std: 0.03419686726328626
