date: '2025-02-12 11:33:36'
num_seeds: 5
test/T-mAP: 0.4816651105880737
test/T-mAP-micro: 0.6353938102722168
test/T-mAP-micro-std: 0.005892588433097479
test/T-mAP-std: 0.008768483316129026
test/horizon-max-accuracy-micro: 0.6310534477233887
test/horizon-max-accuracy-micro-std: 0.010486846677995649
test/horizon-mean-time-step: 9.268664741516114
test/horizon-mean-time-step-std: 0.596680887840554
test/loss: 16.41146583557129
test/loss-std: 0.07875967647665102
test/loss_decoder_labels: 0.7860628962516785
test/loss_decoder_labels-std: 0.002209869239426979
test/loss_decoder_timestamps: 14.264988136291503
test/loss_decoder_timestamps-std: 0.08702280466659443
test/loss_diffusion: 1.360414171218872
test/loss_diffusion-std: 0.03792536268334194
test/loss_embedder_regularizer: 4.536943737365462e-13
test/loss_embedder_regularizer-std: 2.161791929818068e-14
test/mean-predicted-length: 14.762946510314942
test/mean-predicted-length-std: 0.19437459070285232
test/mean-target-length: 21.358747482299805
test/mean-target-length-std: 0.0
test/next-item-accuracy: 0.5839864611625671
test/next-item-accuracy-std: 0.005298928525635259
test/next-item-mae: 18.569626998901366
test/next-item-mae-std: 0.03964793601403056
test/next-item-map: 0.43237862586975095
test/next-item-map-micro: 0.5841061353683472
test/next-item-map-micro-std: 0.009390435949718723
test/next-item-map-std: 0.008367447315176264
test/next-item-max-accuracy: 0.45957528352737426
test/next-item-max-accuracy-std: 0.007054773926068887
test/next-item-mean-time-step: 30.00787773132324
test/next-item-mean-time-step-std: 0.018137122043444392
test/next-item-rmse: 33.79554824829101
test/next-item-rmse-std: 0.14258300615718056
test/next-k-label-distribution-delta: 6.500110816955567
test/next-k-label-distribution-delta-std: 0.2866018081644186
test/optimal-transport-distance: 159.2045654296875
test/optimal-transport-distance-std: 2.9192434739897517
test/sequence-labels-entropy: 0.22295068800449372
test/sequence-labels-entropy-std: 0.028527836458567435
val/T-mAP: 0.5031359195709229
val/T-mAP-micro: 0.6376545429229736
val/T-mAP-micro-std: 0.006174328923454844
val/T-mAP-std: 0.010289022936302397
val/horizon-max-accuracy-micro: 0.6256402373313904
val/horizon-max-accuracy-micro-std: 0.010353505303011283
val/horizon-mean-time-step: 9.644763565063476
val/horizon-mean-time-step-std: 0.587094193385995
val/loss: 16.671924591064453
val/loss-std: 0.07178833133952302
val/loss_decoder_labels: 0.783708643913269
val/loss_decoder_labels-std: 0.002267424878355976
val/loss_decoder_timestamps: 14.517542457580566
val/loss_decoder_timestamps-std: 0.07897982642559613
val/loss_diffusion: 1.370673131942749
val/loss_diffusion-std: 0.03868255527969034
val/loss_embedder_regularizer: 4.537184213407319e-13
val/loss_embedder_regularizer-std: 2.1377331770715344e-14
val/mean-predicted-length: 14.63810977935791
val/mean-predicted-length-std: 0.21185465529094402
val/mean-target-length: 20.682857513427734
val/mean-target-length-std: 0.0
val/next-item-accuracy: 0.5868331670761109
val/next-item-accuracy-std: 0.0062343041865204445
val/next-item-mae: 18.78943786621094
val/next-item-mae-std: 0.038984531833211614
val/next-item-map: 0.44917808175086976
val/next-item-map-micro: 0.5877076506614685
val/next-item-map-micro-std: 0.009384442303225667
val/next-item-map-std: 0.009430887569282348
val/next-item-max-accuracy: 0.4635894000530243
val/next-item-max-accuracy-std: 0.007831747553051245
val/next-item-mean-time-step: 30.727756881713866
val/next-item-mean-time-step-std: 0.018329170824903537
val/next-item-rmse: 34.004634857177734
val/next-item-rmse-std: 0.14719548652383377
val/next-k-label-distribution-delta: 6.491147804260254
val/next-k-label-distribution-delta-std: 0.31448462849793424
val/optimal-transport-distance: 160.20708312988282
val/optimal-transport-distance-std: 2.80067996705182
val/sequence-labels-entropy: 0.22561538815498353
val/sequence-labels-entropy-std: 0.02748672328700072
