date: '2025-01-30 16:53:02'
num_seeds: 5
test/T-mAP: 0.44850009083747866
test/T-mAP-micro: 0.5772666335105896
test/T-mAP-micro-std: 0.019028859921137228
test/T-mAP-std: 0.012581940473014827
test/horizon-max-accuracy-micro: 0.6255633234977722
test/horizon-max-accuracy-micro-std: 0.016101752039375247
test/horizon-mean-time-step: 8.003652000427246
test/horizon-mean-time-step-std: 0.5211487779252584
test/loss: 14.842183876037598
test/loss-std: 0.28089192887152165
test/loss_decoder_labels: 0.7665084719657898
test/loss_decoder_labels-std: 0.01388483231531716
test/loss_decoder_timestamps: 14.04273281097412
test/loss_decoder_timestamps-std: 0.28099257241304787
test/loss_diffusion: 0.03293278887867927
test/loss_diffusion-std: 0.01573311546467726
test/loss_embedder_regularizer: 1.0539092818362405e-05
test/loss_embedder_regularizer-std: 3.0513930112164964e-06
test/mean-predicted-length: 14.98044204711914
test/mean-predicted-length-std: 0.07656907431009981
test/mean-target-length: 21.358747482299805
test/mean-target-length-std: 0.0
test/next-item-accuracy: 0.5601950526237488
test/next-item-accuracy-std: 0.01017352579683309
test/next-item-mae: 18.8483829498291
test/next-item-mae-std: 0.6079065766346436
test/next-item-map: 0.41421652436256406
test/next-item-map-micro: 0.5556461930274963
test/next-item-map-micro-std: 0.011189592756809034
test/next-item-map-std: 0.010826981544533074
test/next-item-max-accuracy: 0.4313594937324524
test/next-item-max-accuracy-std: 0.011920301488417275
test/next-item-mean-time-step: 30.21715888977051
test/next-item-mean-time-step-std: 0.04812883143518925
test/next-item-rmse: 34.1856330871582
test/next-item-rmse-std: 0.7058566043970051
test/next-k-label-distribution-delta: 4.7933704376220705
test/next-k-label-distribution-delta-std: 0.5236484101390432
test/optimal-transport-distance: 152.14040832519532
test/optimal-transport-distance-std: 8.000414487356982
test/sequence-labels-entropy: 0.3700925290584564
test/sequence-labels-entropy-std: 0.046478044588530526
val/T-mAP: 0.4644901692867279
val/T-mAP-micro: 0.5772649645805359
val/T-mAP-micro-std: 0.018646633249464698
val/T-mAP-std: 0.012671052837143584
val/horizon-max-accuracy-micro: 0.6187684774398804
val/horizon-max-accuracy-micro-std: 0.015275432485141956
val/horizon-mean-time-step: 8.452912616729737
val/horizon-mean-time-step-std: 0.5209927407752332
val/loss: 15.109426116943359
val/loss-std: 0.26714942433012123
val/loss_decoder_labels: 0.7633025765419006
val/loss_decoder_labels-std: 0.014076138842092398
val/loss_decoder_timestamps: 14.313273239135743
val/loss_decoder_timestamps-std: 0.2669594333899016
val/loss_diffusion: 0.032840465381741527
val/loss_diffusion-std: 0.01566396409133479
val/loss_embedder_regularizer: 1.0540216771914857e-05
val/loss_embedder_regularizer-std: 3.047513861409781e-06
val/mean-predicted-length: 14.874868583679199
val/mean-predicted-length-std: 0.08386862079897266
val/mean-target-length: 20.682857513427734
val/mean-target-length-std: 0.0
val/next-item-accuracy: 0.5620159268379211
val/next-item-accuracy-std: 0.012037958077917257
val/next-item-mae: 19.05804100036621
val/next-item-mae-std: 0.6016657470011174
val/next-item-map: 0.4301395058631897
val/next-item-map-micro: 0.5581192016601563
val/next-item-map-micro-std: 0.012003958320259916
val/next-item-map-std: 0.011793049292033467
val/next-item-max-accuracy: 0.43422061800956724
val/next-item-max-accuracy-std: 0.013334559564480621
val/next-item-mean-time-step: 30.931476593017578
val/next-item-mean-time-step-std: 0.050835593268028084
val/next-item-rmse: 34.37086715698242
val/next-item-rmse-std: 0.7066487189373878
val/next-k-label-distribution-delta: 4.813203144073486
val/next-k-label-distribution-delta-std: 0.5131705976821097
val/optimal-transport-distance: 154.36770935058593
val/optimal-transport-distance-std: 7.252099569281934
val/sequence-labels-entropy: 0.3675136923789978
val/sequence-labels-entropy-std: 0.044953763391582004
