date: '2024-06-02 09:10:32'
test/detection-mAP: 0.318002849817276
test/horizon-mean-time-step: 7.734864234924316
test/loss: 14.452238082885742
test/loss_labels: 0.7746303677558899
test/loss_timestamps: 13.677607536315918
test/mean-predicted-length: 14.820258140563965
test/mean-target-length: 21.358747482299805
test/next-item-accuracy: 0.5934076905250549
test/next-item-mae: 18.037202835083008
test/next-item-mean-time-step: 22.180147171020508
test/next-item-rmse: 33.025970458984375
test/optimal-transport-distance: 169.7222137451172
val/detection-mAP: 0.34165337681770325
val/horizon-mean-time-step: 8.264886856079102
val/loss: 14.724128723144531
val/loss_labels: 0.7715794444084167
val/loss_timestamps: 13.952550888061523
val/mean-predicted-length: 14.707239151000977
val/mean-target-length: 20.682857513427734
val/next-item-accuracy: 0.5990882515907288
val/next-item-mae: 18.2574520111084
val/next-item-mean-time-step: 22.53875160217285
val/next-item-rmse: 33.214561462402344
val/optimal-transport-distance: 170.0331268310547
