date: '2024-06-02 09:10:13'
test/detection-mAP: 0.2869395315647125
test/horizon-mean-time-step: 6.280028343200684
test/loss: 15.574753761291504
test/loss_labels: 0.7718320488929749
test/loss_timestamps: 14.802925109863281
test/mean-predicted-length: 15.042173385620117
test/mean-target-length: 21.358747482299805
test/next-item-accuracy: 0.5997263789176941
test/next-item-mae: 18.3188419342041
test/next-item-mean-time-step: 22.277496337890625
test/next-item-rmse: 32.18691635131836
test/optimal-transport-distance: 175.82388305664062
val/detection-mAP: 0.3036412298679352
val/horizon-mean-time-step: 6.6632080078125
val/loss: 15.774964332580566
val/loss_labels: 0.7687833905220032
val/loss_timestamps: 15.006180763244629
val/mean-predicted-length: 14.964178085327148
val/mean-target-length: 20.682857513427734
val/next-item-accuracy: 0.6043115854263306
val/next-item-mae: 18.543731689453125
val/next-item-mean-time-step: 22.635974884033203
val/next-item-rmse: 32.350502014160156
val/optimal-transport-distance: 176.03721618652344
