date: '2024-05-28 12:28:27'
test/detection-mAP: 0.29550331830978394
test/horizon-mean-time-step: 65.76113891601562
test/loss: 30.784706745538173
test/loss_labels: 0.7741042971611023
test/loss_timestamps: 30.010602470907628
test/mean-predicted-length: 7.854001522064209
test/mean-target-length: 9.662111282348633
test/next-item-accuracy: 0.6076927781105042
test/next-item-mae: 73.82840728759766
test/next-item-mean-time-step: 1780.024658203125
test/optimal-transport-distance: 600.1921997070312
val/detection-mAP: 0.30941030383110046
val/horizon-mean-time-step: 65.42784881591797
val/loss: 30.563583822257698
val/loss_labels: 0.7699200510978699
val/loss_timestamps: 29.793663816697777
val/mean-predicted-length: 7.846624851226807
val/mean-target-length: 9.576114654541016
val/next-item-accuracy: 0.6101651191711426
val/next-item-mae: 74.25609588623047
val/next-item-mean-time-step: 1813.40087890625
val/optimal-transport-distance: 597.1168823242188
