date: '2024-08-01 16:11:28'
test/detection-mAP: 0.4907163679599762
test/horizon-mean-time-step: 14.497760772705078
test/loss: 3.969402551651001
test/loss_nhp: 3.969402551651001
test/mean-predicted-length: 12.889686584472656
test/mean-target-length: 21.358747482299805
test/next-item-accuracy: 0.600415050983429
test/next-item-mae: 19.150585174560547
test/next-item-mean-time-step: 22.85274314880371
test/next-item-rmse: 32.62624740600586
test/optimal-transport-distance: 173.70591735839844
val/detection-mAP: 0.5127058029174805
val/horizon-mean-time-step: 15.123099327087402
val/loss: 4.024496555328369
val/loss_nhp: 4.024496555328369
val/mean-predicted-length: 12.618717193603516
val/mean-target-length: 20.682857513427734
val/next-item-accuracy: 0.6051727533340454
val/next-item-mae: 19.405635833740234
val/next-item-mean-time-step: 23.20256233215332
val/next-item-rmse: 32.87057113647461
val/optimal-transport-distance: 174.3734588623047
