date: '2024-05-30 13:36:59'
test/detection-mAP: 0.39823707938194275
test/horizon-mean-time-step: 17.1046142578125
test/loss: 4.208784580230713
test/loss_nhp: 4.208784580230713
test/mean-predicted-length: 11.986740112304688
test/mean-target-length: 21.358747482299805
test/next-item-accuracy: 0.5997450351715088
test/next-item-mae: 18.90313720703125
test/next-item-mean-time-step: 22.42463493347168
test/next-item-rmse: 32.03635787963867
test/optimal-transport-distance: 441.1461181640625
val/detection-mAP: 0.41824501752853394
val/horizon-mean-time-step: 17.824609756469727
val/loss: 4.235639572143555
val/loss_nhp: 4.235639572143555
val/mean-predicted-length: 11.675543785095215
val/mean-target-length: 20.682857513427734
val/next-item-accuracy: 0.6033474206924438
val/next-item-mae: 19.148038864135742
val/next-item-mean-time-step: 22.79169273376465
val/next-item-rmse: 32.22043228149414
val/optimal-transport-distance: 445.731201171875
