date: '2024-07-31 18:01:28'
test/detection-mAP: 0.48096200823783875
test/horizon-mean-time-step: 13.8941650390625
test/loss: 4.169727802276611
test/loss_nhp: 4.169727802276611
test/mean-predicted-length: 12.9994478225708
test/mean-target-length: 21.358747482299805
test/next-item-accuracy: 0.5999404191970825
test/next-item-mae: 18.943300247192383
test/next-item-mean-time-step: 22.71303939819336
test/next-item-rmse: 32.49259567260742
test/optimal-transport-distance: 172.6669158935547
val/detection-mAP: 0.5073087811470032
val/horizon-mean-time-step: 14.47417163848877
val/loss: 4.218514442443848
val/loss_nhp: 4.218514442443848
val/mean-predicted-length: 12.725431442260742
val/mean-target-length: 20.682857513427734
val/next-item-accuracy: 0.6037780046463013
val/next-item-mae: 19.20688819885254
val/next-item-mean-time-step: 23.10591697692871
val/next-item-rmse: 32.71670150756836
val/optimal-transport-distance: 173.251953125
