date: '2024-06-02 09:22:03'
test/detection-mAP: 0.46700239181518555
test/horizon-mean-time-step: 18.43717384338379
test/loss: 3.9004948139190674
test/loss_nhp: 3.9004948139190674
test/mean-predicted-length: 11.899999618530273
test/mean-target-length: 21.358747482299805
test/next-item-accuracy: 0.5995495915412903
test/next-item-mae: 19.150354385375977
test/next-item-mean-time-step: 22.4942684173584
test/next-item-rmse: 32.09485626220703
test/optimal-transport-distance: 180.27059936523438
val/detection-mAP: 0.4925157129764557
val/horizon-mean-time-step: 19.110750198364258
val/loss: 3.944033145904541
val/loss_nhp: 3.944033145904541
val/mean-predicted-length: 11.59996223449707
val/mean-target-length: 20.682857513427734
val/next-item-accuracy: 0.6041711568832397
val/next-item-mae: 19.36653709411621
val/next-item-mean-time-step: 22.860944747924805
val/next-item-rmse: 32.27846145629883
val/optimal-transport-distance: 181.23081970214844
