date: '2024-06-02 10:45:31'
test/detection-mAP: 0.4753577411174774
test/horizon-mean-time-step: 20.487417221069336
test/loss: 4.3182172775268555
test/loss_nhp: 4.3182172775268555
test/mean-predicted-length: 11.388398170471191
test/mean-target-length: 21.358747482299805
test/next-item-accuracy: 0.5969253182411194
test/next-item-mae: 20.296167373657227
test/next-item-mean-time-step: 22.916362762451172
test/next-item-rmse: 33.142616271972656
test/optimal-transport-distance: 180.09156799316406
val/detection-mAP: 0.49654385447502136
val/horizon-mean-time-step: 21.311649322509766
val/loss: 4.349072456359863
val/loss_nhp: 4.349072456359863
val/mean-predicted-length: 11.063578605651855
val/mean-target-length: 20.682857513427734
val/next-item-accuracy: 0.5999869108200073
val/next-item-mae: 20.49298858642578
val/next-item-mean-time-step: 23.237417221069336
val/next-item-rmse: 33.2644157409668
val/optimal-transport-distance: 181.78265380859375
