date: '2024-07-17 18:49:45'
test/detection-mAP: 0.48414739966392517
test/horizon-mean-time-step: 16.676931381225586
test/loss: 3.909137487411499
test/loss_nhp: 3.909137487411499
test/mean-predicted-length: 12.644567489624023
test/mean-target-length: 21.358747482299805
test/next-item-accuracy: 0.5994751453399658
test/next-item-mae: 19.935054779052734
test/next-item-mean-time-step: 23.09052085876465
test/next-item-rmse: 33.168670654296875
test/optimal-transport-distance: 176.06820678710938
val/detection-mAP: 0.510086715221405
val/horizon-mean-time-step: 17.434354782104492
val/loss: 3.9533674716949463
val/loss_nhp: 3.9533674716949463
val/mean-predicted-length: 12.351838111877441
val/mean-target-length: 20.682857513427734
val/next-item-accuracy: 0.603955864906311
val/next-item-mae: 20.193662643432617
val/next-item-mean-time-step: 23.399642944335938
val/next-item-rmse: 33.37096405029297
val/optimal-transport-distance: 177.19801330566406
