date: '2024-07-19 12:33:51'
test/detection-mAP: 0.47748497128486633
test/horizon-mean-time-step: 15.338869094848633
test/loss: 3.885185480117798
test/loss_nhp: 3.885185480117798
test/mean-predicted-length: 13.183978080749512
test/mean-target-length: 21.358747482299805
test/next-item-accuracy: 0.5994937419891357
test/next-item-mae: 20.27194595336914
test/next-item-mean-time-step: 23.38580894470215
test/next-item-rmse: 34.13584899902344
test/optimal-transport-distance: 174.3041229248047
val/detection-mAP: 0.5000052452087402
val/horizon-mean-time-step: 15.807751655578613
val/loss: 3.9285430908203125
val/loss_nhp: 3.9285430908203125
val/mean-predicted-length: 12.947674751281738
val/mean-target-length: 20.682857513427734
val/next-item-accuracy: 0.6030946373939514
val/next-item-mae: 20.498708724975586
val/next-item-mean-time-step: 23.705551147460938
val/next-item-rmse: 34.282188415527344
val/optimal-transport-distance: 175.3309783935547
