date: '2024-05-30 17:37:48'
test/detection-mAP: 0.36375412344932556
test/horizon-mean-time-step: 29.94105339050293
test/loss: 4.208784580230713
test/loss_nhp: 4.208784580230713
test/mean-predicted-length: 11.449355125427246
test/mean-target-length: 21.358747482299805
test/next-item-accuracy: 0.5987399816513062
test/next-item-mae: 28.454530715942383
test/next-item-mean-time-step: 27.139667510986328
test/next-item-rmse: 45.06886672973633
test/optimal-transport-distance: 492.75390625
val/detection-mAP: 0.3841453492641449
val/horizon-mean-time-step: 32.093360900878906
val/loss: 4.235639572143555
val/loss_nhp: 4.235639572143555
val/mean-predicted-length: 11.083083152770996
val/mean-target-length: 20.682857513427734
val/next-item-accuracy: 0.6017748117446899
val/next-item-mae: 28.76006317138672
val/next-item-mean-time-step: 27.643796920776367
val/next-item-rmse: 45.28917694091797
val/optimal-transport-distance: 499.3505859375
