date: '2024-07-17 18:23:52'
test/detection-mAP: 0.4331103265285492
test/horizon-mean-time-step: 17.840984344482422
test/loss: 3.8458805084228516
test/loss_nhp: 3.8458805084228516
test/mean-predicted-length: 13.26832389831543
test/mean-target-length: 21.358747482299805
test/next-item-accuracy: 0.6000335216522217
test/next-item-mae: 23.749223709106445
test/next-item-mean-time-step: 24.99849510192871
test/next-item-rmse: 39.64680480957031
test/optimal-transport-distance: 174.841064453125
val/detection-mAP: 0.4512249529361725
val/horizon-mean-time-step: 18.69580841064453
val/loss: 3.8880279064178467
val/loss_nhp: 3.8880279064178467
val/mean-predicted-length: 13.061515808105469
val/mean-target-length: 20.682857513427734
val/next-item-accuracy: 0.6032537817955017
val/next-item-mae: 23.872037887573242
val/next-item-mean-time-step: 25.323429107666016
val/next-item-rmse: 39.66374969482422
val/optimal-transport-distance: 177.76388549804688
