date: '2024-08-02 15:22:43'
test/T-mAP: 0.48157867789268494
test/horizon-mean-time-step: 12.985074996948242
test/loss: 4.5217509269714355
test/loss_nhp: 4.5217509269714355
test/mean-predicted-length: 13.206629753112793
test/mean-target-length: 21.358747482299805
test/next-item-accuracy: 0.6006662845611572
test/next-item-mae: 18.433448791503906
test/next-item-mean-time-step: 22.429296493530273
test/next-item-rmse: 32.11412811279297
test/optimal-transport-distance: 167.4149932861328
test/thinning_accepted: 47.3060302734375
val/T-mAP: 0.5060403943061829
val/horizon-mean-time-step: 13.635974884033203
val/loss: 4.552417278289795
val/loss_nhp: 4.552417278289795
val/mean-predicted-length: 12.929670333862305
val/mean-target-length: 20.682857513427734
val/next-item-accuracy: 0.6037124991416931
val/next-item-mae: 18.675899505615234
val/next-item-mean-time-step: 22.80042266845703
val/next-item-rmse: 32.29518508911133
val/optimal-transport-distance: 167.78079223632812
val/thinning_accepted: 46.87945556640625
