date: '2024-08-02 14:04:43'
test/detection-mAP: 0.46808335185050964
test/horizon-mean-time-step: 12.318787574768066
test/loss: 4.510101795196533
test/loss_nhp: 4.510101795196533
test/mean-predicted-length: 13.461878776550293
test/mean-target-length: 21.358747482299805
test/next-item-accuracy: 0.6007500290870667
test/next-item-mae: 18.36281967163086
test/next-item-mean-time-step: 22.453096389770508
test/next-item-rmse: 32.045387268066406
test/optimal-transport-distance: 165.96531677246094
val/detection-mAP: 0.502857506275177
val/horizon-mean-time-step: 12.977269172668457
val/loss: 4.545243263244629
val/loss_nhp: 4.545243263244629
val/mean-predicted-length: 13.202363014221191
val/mean-target-length: 20.682857513427734
val/next-item-accuracy: 0.6040494441986084
val/next-item-mae: 18.63348388671875
val/next-item-mean-time-step: 22.80840492248535
val/next-item-rmse: 32.24655532836914
val/optimal-transport-distance: 167.4632568359375
