date: '2024-08-01 15:51:09'
test/detection-mAP: 0.46876558661460876
test/horizon-mean-time-step: 12.192673683166504
test/loss: 4.512139797210693
test/loss_nhp: 4.512139797210693
test/mean-predicted-length: 13.409760475158691
test/mean-target-length: 21.358747482299805
test/next-item-accuracy: 0.5997450351715088
test/next-item-mae: 18.352872848510742
test/next-item-mean-time-step: 22.436643600463867
test/next-item-rmse: 32.07905578613281
test/optimal-transport-distance: 165.60519409179688
val/detection-mAP: 0.49750563502311707
val/horizon-mean-time-step: 12.857706069946289
val/loss: 4.543405055999756
val/loss_nhp: 4.543405055999756
val/mean-predicted-length: 13.161478042602539
val/mean-target-length: 20.682857513427734
val/next-item-accuracy: 0.6047328114509583
val/next-item-mae: 18.59818458557129
val/next-item-mean-time-step: 22.808650970458984
val/next-item-rmse: 32.26415252685547
val/optimal-transport-distance: 166.8955078125
