date: '2024-08-02 15:39:52'
test/detection-mAP: 0.469577819108963
test/horizon-mean-time-step: 12.021665573120117
test/loss: 4.517027378082275
test/loss_nhp: 4.517027378082275
test/mean-predicted-length: 13.508103370666504
test/mean-target-length: 21.358747482299805
test/next-item-accuracy: 0.599298357963562
test/next-item-mae: 18.354639053344727
test/next-item-mean-time-step: 22.428449630737305
test/next-item-rmse: 32.07737350463867
test/optimal-transport-distance: 165.9897003173828
val/detection-mAP: 0.492967814207077
val/horizon-mean-time-step: 12.686580657958984
val/loss: 4.550521373748779
val/loss_nhp: 4.550521373748779
val/mean-predicted-length: 13.24699878692627
val/mean-target-length: 20.682857513427734
val/next-item-accuracy: 0.6036843657493591
val/next-item-mae: 18.621490478515625
val/next-item-mean-time-step: 22.787769317626953
val/next-item-rmse: 32.268768310546875
val/optimal-transport-distance: 167.39654541015625
