date: '2024-08-01 14:02:22'
test/detection-mAP: 0.4789579212665558
test/horizon-mean-time-step: 12.883058547973633
test/loss: 4.510522842407227
test/loss_nhp: 4.510522842407227
test/mean-predicted-length: 13.154327392578125
test/mean-target-length: 21.358747482299805
test/next-item-accuracy: 0.5983677506446838
test/next-item-mae: 18.4300537109375
test/next-item-mean-time-step: 22.43696403503418
test/next-item-rmse: 32.051544189453125
test/optimal-transport-distance: 166.44378662109375
val/detection-mAP: 0.5054444074630737
val/horizon-mean-time-step: 13.544964790344238
val/loss: 4.541877269744873
val/loss_nhp: 4.541877269744873
val/mean-predicted-length: 12.881845474243164
val/mean-target-length: 20.682857513427734
val/next-item-accuracy: 0.601877748966217
val/next-item-mae: 18.673999786376953
val/next-item-mean-time-step: 22.81016731262207
val/next-item-rmse: 32.2398681640625
val/optimal-transport-distance: 167.3515167236328
