date: '2024-07-24 21:31:55'
test/detection-mAP: 0.4576084613800049
test/horizon-mean-time-step: 14.666804313659668
test/loss: 4.316933631896973
test/loss_nhp: 4.316933631896973
test/mean-predicted-length: 13.313628196716309
test/mean-target-length: 21.358747482299805
test/next-item-accuracy: 0.585925817489624
test/next-item-mae: 21.23655128479004
test/next-item-mean-time-step: 23.474565505981445
test/next-item-rmse: 35.92342758178711
test/optimal-transport-distance: 167.65513610839844
val/detection-mAP: 0.4790731370449066
val/horizon-mean-time-step: 15.574793815612793
val/loss: 4.348742961883545
val/loss_nhp: 4.348742961883545
val/mean-predicted-length: 13.031695365905762
val/mean-target-length: 20.682857513427734
val/next-item-accuracy: 0.5889037847518921
val/next-item-mae: 21.554868698120117
val/next-item-mean-time-step: 23.865238189697266
val/next-item-rmse: 36.196041107177734
val/optimal-transport-distance: 169.75888061523438
