date: '2024-06-03 13:07:46'
test/detection-mAP: 0.2995937168598175
test/horizon-mean-time-step: 5.44667911529541
test/loss: 0.0
test/mean-predicted-length: 15.167403221130371
test/mean-target-length: 21.358747482299805
test/next-item-accuracy: 0.4914990961551666
test/next-item-mae: 22.314332962036133
test/next-item-mean-time-step: 23.939281463623047
test/next-item-rmse: 37.535682678222656
test/optimal-transport-distance: 182.62246704101562
val/detection-mAP: 0.30311319231987
val/horizon-mean-time-step: 5.798799514770508
val/loss: 0.0
val/mean-predicted-length: 15.15566349029541
val/mean-target-length: 20.682857513427734
val/next-item-accuracy: 0.48919302225112915
val/next-item-mae: 22.447059631347656
val/next-item-mean-time-step: 24.22514533996582
val/next-item-rmse: 37.66178894042969
val/optimal-transport-distance: 184.1526641845703
