date: '2024-06-03 13:11:59'
test/detection-mAP: 0.28608015179634094
test/horizon-mean-time-step: 6.661366939544678
test/loss: 0.0
test/mean-predicted-length: 9.804788589477539
test/mean-target-length: 21.358747482299805
test/next-item-accuracy: 0.5028987526893616
test/next-item-mae: 21.926223754882812
test/next-item-mean-time-step: 24.195728302001953
test/next-item-rmse: 37.038848876953125
test/optimal-transport-distance: 163.98231506347656
val/detection-mAP: 0.28543874621391296
val/horizon-mean-time-step: 7.1261773109436035
val/loss: 0.0
val/mean-predicted-length: 9.797449111938477
val/mean-target-length: 20.682857513427734
val/next-item-accuracy: 0.5017457604408264
val/next-item-mae: 22.133203506469727
val/next-item-mean-time-step: 24.513315200805664
val/next-item-rmse: 37.23578643798828
val/optimal-transport-distance: 165.5341339111328
