date: '2024-06-01 19:47:19'
test/detection-mAP: 0.3148488998413086
test/horizon-mean-time-step: 4.808888912200928
test/loss: 0.0
test/mean-predicted-length: 15.17200756072998
test/mean-target-length: 21.358747482299805
test/next-item-accuracy: 0.5211196541786194
test/next-item-mae: 22.645343780517578
test/next-item-mean-time-step: 24.74595069885254
test/next-item-rmse: 37.981689453125
test/optimal-transport-distance: 163.09078979492188
val/detection-mAP: 0.3127118647098541
val/horizon-mean-time-step: 5.098387241363525
val/loss: 0.0
val/mean-predicted-length: 15.159039497375488
val/mean-target-length: 20.682857513427734
val/next-item-accuracy: 0.5254284739494324
val/next-item-mae: 22.93637466430664
val/next-item-mean-time-step: 25.15536880493164
val/next-item-rmse: 38.2142219543457
val/optimal-transport-distance: 165.05625915527344
