date: '2024-06-02 09:11:41'
test/detection-mAP: 0.4600943624973297
test/horizon-mean-time-step: 11.53637409210205
test/loss: 4.325389385223389
test/loss_labels: 0.7726759910583496
test/loss_timestamps: 3.552713394165039
test/mean-predicted-length: 13.697790145874023
test/mean-target-length: 21.358747482299805
test/next-item-accuracy: 0.5998846292495728
test/next-item-mae: 18.349149703979492
test/next-item-mean-time-step: 22.311988830566406
test/next-item-rmse: 32.61898422241211
test/optimal-transport-distance: 163.8040771484375
test/timestamps-bias-mean: -2.4438107013702393
test/timestamps-current_influence: -0.0037130587734282017
val/detection-mAP: 0.49012938141822815
val/horizon-mean-time-step: 12.19875717163086
val/loss: 4.3617844581604
val/loss_labels: 0.7694380879402161
val/loss_timestamps: 3.5923469066619873
val/mean-predicted-length: 13.447299003601074
val/mean-target-length: 20.682857513427734
val/next-item-accuracy: 0.604536235332489
val/next-item-mae: 18.597681045532227
val/next-item-mean-time-step: 22.67323112487793
val/next-item-rmse: 32.82980728149414
val/optimal-transport-distance: 164.2365264892578
val/timestamps-bias-mean: -2.484497308731079
val/timestamps-current_influence: -0.003713058540597558
