date: '2024-06-02 10:17:51'
test/detection-mAP: 0.483296662569046
test/horizon-mean-time-step: 12.86739444732666
test/loss: 4.338410377502441
test/loss_labels: 0.7731086015701294
test/loss_timestamps: 3.5653023719787598
test/mean-predicted-length: 13.37458610534668
test/mean-target-length: 21.358747482299805
test/next-item-accuracy: 0.6002475619316101
test/next-item-mae: 18.52296257019043
test/next-item-mean-time-step: 22.33940887451172
test/next-item-rmse: 32.556400299072266
test/optimal-transport-distance: 167.982421875
test/timestamps-bias-mean: -2.582192897796631
test/timestamps-current_influence: -0.004016371909528971
val/detection-mAP: 0.5102514624595642
val/horizon-mean-time-step: 13.502239227294922
val/loss: 4.373900413513184
val/loss_labels: 0.7698637247085571
val/loss_timestamps: 3.604036808013916
val/mean-predicted-length: 13.116278648376465
val/mean-target-length: 20.682857513427734
val/next-item-accuracy: 0.6045643091201782
val/next-item-mae: 18.766510009765625
val/next-item-mean-time-step: 22.70155143737793
val/next-item-rmse: 32.7701416015625
val/optimal-transport-distance: 168.79312133789062
val/timestamps-bias-mean: -2.618300199508667
val/timestamps-current_influence: -0.004016371909528971
