date: '2024-05-30 13:00:37'
test/detection-mAP: 0.3965472877025604
test/horizon-mean-time-step: 14.547533988952637
test/loss: 4.418891906738281
test/loss_labels: 0.7700310945510864
test/loss_timestamps: 3.6488614082336426
test/mean-predicted-length: 12.849355697631836
test/mean-target-length: 21.358747482299805
test/next-item-accuracy: 0.6005546450614929
test/next-item-mae: 18.563692092895508
test/next-item-mean-time-step: 22.383146286010742
test/next-item-rmse: 32.06269454956055
test/optimal-transport-distance: 430.739501953125
test/timestamps-bias-mean: -2.6858932971954346
test/timestamps-current_influence: -0.0001936716289492324
val/detection-mAP: 0.41529953479766846
val/horizon-mean-time-step: 15.409533500671387
val/loss: 4.446110248565674
val/loss_labels: 0.7669513821601868
val/loss_timestamps: 3.6791598796844482
val/mean-predicted-length: 12.53563404083252
val/mean-target-length: 20.682857513427734
val/next-item-accuracy: 0.6053974032402039
val/next-item-mae: 18.824016571044922
val/next-item-mean-time-step: 22.74787139892578
val/next-item-rmse: 32.25509262084961
val/optimal-transport-distance: 434.2078552246094
val/timestamps-bias-mean: -2.718416213989258
val/timestamps-current_influence: -0.00019367164350114763
