date: '2024-05-30 13:02:32'
test/detection-mAP: 0.3839167058467865
test/horizon-mean-time-step: 13.201972007751465
test/loss: 4.331349849700928
test/loss_labels: 0.7729910612106323
test/loss_timestamps: 3.5583581924438477
test/mean-predicted-length: 13.08324146270752
test/mean-target-length: 21.358747482299805
test/next-item-accuracy: 0.5989447236061096
test/next-item-mae: 18.57806968688965
test/next-item-mean-time-step: 22.400239944458008
test/next-item-rmse: 32.31894302368164
test/optimal-transport-distance: 427.5428771972656
test/timestamps-bias-mean: -2.531397581100464
test/timestamps-current_influence: -0.005223712418228388
val/detection-mAP: 0.4025307297706604
val/horizon-mean-time-step: 13.963338851928711
val/loss: 4.368441581726074
val/loss_labels: 0.7699982523918152
val/loss_timestamps: 3.5984432697296143
val/mean-predicted-length: 12.783195495605469
val/mean-target-length: 20.682857513427734
val/next-item-accuracy: 0.6033942103385925
val/next-item-mae: 18.823705673217773
val/next-item-mean-time-step: 22.775653839111328
val/next-item-rmse: 32.51339340209961
val/optimal-transport-distance: 430.6440734863281
val/timestamps-bias-mean: -2.571485996246338
val/timestamps-current_influence: -0.0052237119525671005
