date: '2024-08-15 14:35:10'
test/T-mAP: 0.503113329410553
test/horizon-mean-time-step: 15.299188613891602
test/loss: 4.567594528198242
test/loss_labels: 0.7725257873535156
test/loss_timestamps: 3.7950687408447266
test/mean-predicted-length: 12.590423583984375
test/mean-target-length: 21.358747482299805
test/next-item-accuracy: 0.5987306833267212
test/next-item-mae: 25.86745262145996
test/next-item-mean-time-step: 30.359928131103516
test/next-item-rmse: 68.63754272460938
test/optimal-transport-distance: 173.403076171875
test/timestamps-bias-mean: -2.764326333999634
test/timestamps-current_influence: -0.0022612400352954865
val/T-mAP: 0.5268867015838623
val/horizon-mean-time-step: 15.979105949401855
val/loss: 4.5998101234436035
val/loss_labels: 0.7696519494056702
val/loss_timestamps: 3.830158233642578
val/mean-predicted-length: 12.265191078186035
val/mean-target-length: 20.682857513427734
val/next-item-accuracy: 0.6021773219108582
val/next-item-mae: 26.42140007019043
val/next-item-mean-time-step: 31.092506408691406
val/next-item-rmse: 70.11309051513672
val/optimal-transport-distance: 174.3860321044922
val/timestamps-bias-mean: -2.792708158493042
val/timestamps-current_influence: -0.002261239569634199
