date: '2024-06-02 09:11:19'
test/detection-mAP: 0.48996543884277344
test/horizon-mean-time-step: 14.13304615020752
test/loss: 4.415474891662598
test/loss_labels: 0.7697338461875916
test/loss_timestamps: 3.6457417011260986
test/mean-predicted-length: 12.913259506225586
test/mean-target-length: 21.358747482299805
test/next-item-accuracy: 0.6012991070747375
test/next-item-mae: 18.527599334716797
test/next-item-mean-time-step: 22.414669036865234
test/next-item-rmse: 32.09930419921875
test/optimal-transport-distance: 168.63865661621094
test/timestamps-bias-mean: -2.6734721660614014
test/timestamps-current_influence: -1.3066513929516077e-05
val/detection-mAP: 0.5150018334388733
val/horizon-mean-time-step: 14.916882514953613
val/loss: 4.442984104156494
val/loss_labels: 0.766758143901825
val/loss_timestamps: 3.6762266159057617
val/mean-predicted-length: 12.567517280578613
val/mean-target-length: 20.682857513427734
val/next-item-accuracy: 0.6044800281524658
val/next-item-mae: 18.801904678344727
val/next-item-mean-time-step: 22.777976989746094
val/next-item-rmse: 32.31332778930664
val/optimal-transport-distance: 169.87522888183594
val/timestamps-bias-mean: -2.7061405181884766
val/timestamps-current_influence: -1.3066513929516077e-05
