date: '2025-12-13 22:18:40'
test/T-mAP: 0.11604340374469757
test/T-mAP-weighted: 0.40142127871513367
test/horizon-max-f-score: 0.17648924887180328
test/horizon-max-f-score-weighted: 0.46507930755615234
test/horizon-mean-time-step: 0.5627434849739075
test/loss: 2.51208233833313
test/loss_labels: 1.826945185661316
test/loss_timestamps: 0.6851374506950378
test/mean-predicted-length: 17.5528564453125
test/mean-target-length: 15.583646774291992
test/next-item-accuracy: 0.41699841618537903
test/next-item-mae: 0.6827585697174072
test/next-item-map: 0.10221483558416367
test/next-item-map-weighted: 0.3154046833515167
test/next-item-max-f-score: 0.15491609275341034
test/next-item-max-f-score-weighted: 0.42107027769088745
test/next-item-mean-time-step: 0.9028146862983704
test/next-item-rmse: 1.0848499536514282
test/next-k-label-distribution-delta: 9.584672927856445
test/optimal-transport-distance: 13.303555488586426
test/sequence-labels-entropy: 0.410484254360199
test/target-sequence-labels-entropy: 1.4227653741836548
val/T-mAP: 0.12200317531824112
val/T-mAP-weighted: 0.4115615487098694
val/horizon-max-f-score: 0.18020816147327423
val/horizon-max-f-score-weighted: 0.4706312417984009
val/horizon-mean-time-step: 0.5687467455863953
val/loss: 2.4683103561401367
val/loss_labels: 1.7755887508392334
val/loss_timestamps: 0.692721426486969
val/mean-predicted-length: 17.435466766357422
val/mean-target-length: 15.263496398925781
val/next-item-accuracy: 0.43485864996910095
val/next-item-mae: 0.6886700391769409
val/next-item-map: 0.10630659759044647
val/next-item-map-weighted: 0.3356662392616272
val/next-item-max-f-score: 0.16229872405529022
val/next-item-max-f-score-weighted: 0.43426287174224854
val/next-item-mean-time-step: 0.9265031814575195
val/next-item-rmse: 1.0995248556137085
val/next-k-label-distribution-delta: 9.292098999023438
val/optimal-transport-distance: 13.103285789489746
val/sequence-labels-entropy: 0.38875097036361694
val/target-sequence-labels-entropy: 1.3858129978179932
