date: '2026-02-21 18:16:09'
test/T-mAP: 0.11514366418123245
test/T-mAP-weighted: 0.38531213998794556
test/horizon-max-f-score: 0.1781981885433197
test/horizon-max-f-score-weighted: 0.44595250487327576
test/horizon-mean-time-step: 0.5038210153579712
test/loss: 3.21264910697937
test/loss_labels: 2.475834608078003
test/loss_timestamps: 0.7368148565292358
test/mean-predicted-length: 19.490591049194336
test/mean-target-length: 15.583646774291992
test/next-item-accuracy: 0.3702627420425415
test/next-item-mae: 0.7314652800559998
test/next-item-map: 0.08262310177087784
test/next-item-map-weighted: 0.2919856905937195
test/next-item-max-f-score: 0.1369915008544922
test/next-item-max-f-score-weighted: 0.40537428855895996
test/next-item-mean-time-step: 0.9414525628089905
test/next-item-rmse: 1.1358553171157837
test/next-k-label-distribution-delta: 8.68559741973877
test/optimal-transport-distance: 13.652810096740723
test/sequence-labels-entropy: 0.7930445671081543
test/target-sequence-labels-entropy: 1.4227652549743652
val/T-mAP: 0.1254354864358902
val/T-mAP-weighted: 0.39800572395324707
val/horizon-max-f-score: 0.19119995832443237
val/horizon-max-f-score-weighted: 0.45441538095474243
val/horizon-mean-time-step: 0.5003277063369751
val/loss: 3.1179819107055664
val/loss_labels: 2.3715336322784424
val/loss_timestamps: 0.7464483976364136
val/mean-predicted-length: 19.653200149536133
val/mean-target-length: 15.263496398925781
val/next-item-accuracy: 0.3851128816604614
val/next-item-mae: 0.7388442158699036
val/next-item-map: 0.08646634966135025
val/next-item-map-weighted: 0.3051531910896301
val/next-item-max-f-score: 0.14419323205947876
val/next-item-max-f-score-weighted: 0.4206373393535614
val/next-item-mean-time-step: 0.9661293029785156
val/next-item-rmse: 1.1519064903259277
val/next-k-label-distribution-delta: 8.43117618560791
val/optimal-transport-distance: 13.40114974975586
val/sequence-labels-entropy: 0.7465808391571045
val/target-sequence-labels-entropy: 1.385812759399414
