date: '2024-05-24 12:22:50'
val/detection-mAP: 0.05269370973110199
val/horizon-mean-time-step: 0.7636660933494568
val/loss: 3.063735008239746
val/loss_labels: 2.3822741508483887
val/loss_timestamps: 0.6814605593681335
val/mean-predicted-length: 7.246039867401123
val/mean-target-length: 9.149765014648438
val/next-item-accuracy: 0.38179105520248413
val/next-item-mae: 0.5703020691871643
val/next-item-mean-time-step: 0.8242365717887878
val/optimal-transport-distance: 13.513250350952148
test/detection-mAP: 0.05169687792658806
test/horizon-mean-time-step: 0.7709657549858093
test/loss: 3.082078456878662
test/loss_labels: 2.4003400802612305
test/loss_timestamps: 0.6817386746406555
test/mean-predicted-length: 7.246232032775879
test/mean-target-length: 9.136935234069824
test/next-item-accuracy: 0.37875133752822876
test/next-item-mae: 0.5720486640930176
test/next-item-mean-time-step: 0.8238614797592163
test/optimal-transport-distance: 13.518592834472656
