date: '2024-05-28 11:02:15'
test/detection-mAP: 0.04928390681743622
test/horizon-mean-time-step: 0.5086354613304138
test/loss: 2.8582775592803955
test/loss_labels: 2.2661824226379395
test/loss_timestamps: 0.5920954346656799
test/mean-predicted-length: 18.451921463012695
test/mean-target-length: 9.136935234069824
test/next-item-accuracy: 0.3808612525463104
test/next-item-mae: 0.579517662525177
test/next-item-mean-time-step: 0.8239558935165405
test/optimal-transport-distance: 13.10026741027832
val/detection-mAP: 0.04864680767059326
val/horizon-mean-time-step: 0.5132721662521362
val/loss: 2.838932514190674
val/loss_labels: 2.248208522796631
val/loss_timestamps: 0.5907235145568848
val/mean-predicted-length: 18.327909469604492
val/mean-target-length: 9.149765014648438
val/next-item-accuracy: 0.3837376832962036
val/next-item-mae: 0.5777432918548584
val/next-item-mean-time-step: 0.8243474364280701
val/optimal-transport-distance: 13.019043922424316
