date: '2024-05-24 11:14:25'
val/detection-mAP: 0.03813759237527847
val/horizon-mean-time-step: 0.7709285616874695
val/loss: 6.616959571838379
val/loss_labels: 2.4512429237365723
val/loss_timestamps: 4.165716171264648
val/mean-predicted-length: 9.71444320678711
val/mean-target-length: 9.149765014648438
val/next-item-accuracy: 0.37542441487312317
val/next-item-mae: 0.5891306400299072
val/next-item-mean-time-step: 0.8243575096130371
val/optimal-transport-distance: 13.561431884765625
test/detection-mAP: 0.04256586730480194
test/horizon-mean-time-step: 0.7716693878173828
test/loss: 6.620645046234131
test/loss_labels: 2.4708409309387207
test/loss_timestamps: 4.149801731109619
test/mean-predicted-length: 9.695488929748535
test/mean-target-length: 9.136935234069824
test/next-item-accuracy: 0.3727583587169647
test/next-item-mae: 0.5906857252120972
test/next-item-mean-time-step: 0.8239838480949402
test/optimal-transport-distance: 13.579349517822266
