date: '2024-05-24 11:18:12'
val/detection-mAP: 0.019740181043744087
val/horizon-mean-time-step: 0.09812786430120468
val/loss: 5.212304592132568
val/loss_labels: 2.4265873432159424
val/loss_timestamps: 2.7857160568237305
val/mean-predicted-length: 32.0
val/mean-target-length: 9.149765014648438
val/next-item-accuracy: 0.3779807388782501
val/next-item-mae: 0.6923527717590332
val/next-item-mean-time-step: 0.8242520093917847
val/optimal-transport-distance: 14.063261032104492
val/timestamps-bias-mean: -1.7638256549835205
val/timestamps-current_influence: -0.00851214025169611
test/detection-mAP: 0.020737292245030403
test/horizon-mean-time-step: 0.09807711094617844
test/loss: 5.232222557067871
test/loss_labels: 2.445829153060913
test/loss_timestamps: 2.786393642425537
test/mean-predicted-length: 32.0
test/mean-target-length: 9.136935234069824
test/next-item-accuracy: 0.3752356767654419
test/next-item-mae: 0.6928903460502625
test/next-item-mean-time-step: 0.8238710761070251
test/optimal-transport-distance: 14.079127311706543
test/timestamps-bias-mean: -1.7636327743530273
test/timestamps-current_influence: -0.008512139320373535
