date: '2024-05-20 09:44:59'
val/detection-mAP: 0.03152012452483177
val/horizon-mean-time-step: 0.20442993938922882
val/loss: 5.084818363189697
val/loss_labels: 2.40378999710083
val/loss_timestamps: 2.6810286045074463
val/mean-predicted-length: 12.117314338684082
val/mean-target-length: 6.92784309387207
val/next-item-accuracy: 0.379911333322525
val/next-item-mae: 0.7030336856842041
val/next-item-mean-time-step: 0.8239259719848633
val/optimal-transport-distance: 13.99848747253418
val/timestamps-bias-mean: -1.6555532217025757
val/timestamps-current_influence: -0.015615276992321014
test/detection-mAP: 0.02877366542816162
test/horizon-mean-time-step: 0.20463894307613373
test/loss: 5.104107856750488
test/loss_labels: 2.422029972076416
test/loss_timestamps: 2.6820781230926514
test/mean-predicted-length: 12.126388549804688
test/mean-target-length: 6.932723522186279
test/next-item-accuracy: 0.37712734937667847
test/next-item-mae: 0.7034943103790283
test/next-item-mean-time-step: 0.8237792253494263
test/optimal-transport-distance: 14.006675720214844
test/timestamps-bias-mean: -1.6572489738464355
test/timestamps-current_influence: -0.015615279786288738
