date: '2025-02-23 13:52:08'
test/T-mAP: 0.06571327149868011
test/T-mAP-weighted: 0.40169933438301086
test/horizon-max-f-score: 0.11001037061214447
test/horizon-max-f-score-weighted: 0.42197364568710327
test/horizon-mean-time-step: 0.651968240737915
test/loss: 3.174793243408203
test/loss_decoder_labels: 2.4113900661468506
test/loss_decoder_timestamps: 0.6172288656234741
test/loss_diffusion: 0.14617414772510529
test/loss_embedder_regularizer: 1.1272275837357834e-13
test/mean-predicted-length: 10.252657890319824
test/mean-target-length: 9.136935234069824
test/next-item-accuracy: 0.3497582972049713
test/next-item-mae: 0.6525609493255615
test/next-item-map: 0.03261730447411537
test/next-item-map-weighted: 0.27505648136138916
test/next-item-max-f-score: 0.06587463617324829
test/next-item-max-f-score-weighted: 0.3281713128089905
test/next-item-mean-time-step: 0.8384265899658203
test/next-item-rmse: 1.046128273010254
test/next-k-label-distribution-delta: 5.2704997062683105
test/optimal-transport-distance: 6.84885311126709
test/sequence-labels-entropy: 0.9237827062606812
val/T-mAP: 0.06610816717147827
val/T-mAP-weighted: 0.40438714623451233
val/horizon-max-f-score: 0.1069326177239418
val/horizon-max-f-score-weighted: 0.42428088188171387
val/horizon-mean-time-step: 0.6521191596984863
val/loss: 3.154609441757202
val/loss_decoder_labels: 2.392146110534668
val/loss_decoder_timestamps: 0.6163886785507202
val/loss_diffusion: 0.1460752785205841
val/loss_embedder_regularizer: 1.1282765493376631e-13
val/mean-predicted-length: 10.247974395751953
val/mean-target-length: 9.149765014648438
val/next-item-accuracy: 0.3524605333805084
val/next-item-mae: 0.6514679789543152
val/next-item-map: 0.031997062265872955
val/next-item-map-weighted: 0.27785027027130127
val/next-item-max-f-score: 0.06339548528194427
val/next-item-max-f-score-weighted: 0.33089321851730347
val/next-item-mean-time-step: 0.8387455940246582
val/next-item-rmse: 1.0481261014938354
val/next-k-label-distribution-delta: 5.247006893157959
val/optimal-transport-distance: 6.828487873077393
val/sequence-labels-entropy: 0.9176278114318848
