date: '2025-02-23 13:07:06'
test/T-mAP: 0.05602118745446205
test/T-mAP-weighted: 0.31000760197639465
test/horizon-max-f-score: 0.12412236630916595
test/horizon-max-f-score-weighted: 0.46105021238327026
test/horizon-mean-time-step: 0.6541521549224854
test/loss: 3.174793243408203
test/loss_decoder_labels: 2.4113900661468506
test/loss_decoder_timestamps: 0.6172288656234741
test/loss_diffusion: 0.14617414772510529
test/loss_embedder_regularizer: 1.1272275837357834e-13
test/mean-predicted-length: 4.0
test/mean-target-length: 9.136935234069824
test/next-item-accuracy: 0.3497582972049713
test/next-item-mae: 0.6525609493255615
test/next-item-map: 0.03261730447411537
test/next-item-map-weighted: 0.27505648136138916
test/next-item-max-f-score: 0.06587463617324829
test/next-item-max-f-score-weighted: 0.3281713128089905
test/next-item-mean-time-step: 0.8384265899658203
test/next-item-rmse: 1.046128273010254
test/sequence-labels-entropy: 0.9218732118606567
val/T-mAP: 0.05520111694931984
val/T-mAP-weighted: 0.313293993473053
val/horizon-max-f-score: 0.11867275089025497
val/horizon-max-f-score-weighted: 0.4653396010398865
val/horizon-mean-time-step: 0.6545102596282959
val/loss: 3.154609441757202
val/loss_decoder_labels: 2.392146110534668
val/loss_decoder_timestamps: 0.6163886785507202
val/loss_diffusion: 0.1460752785205841
val/loss_embedder_regularizer: 1.1282765493376631e-13
val/mean-predicted-length: 3.999966621398926
val/mean-target-length: 9.149765014648438
val/next-item-accuracy: 0.3524605333805084
val/next-item-mae: 0.6514679789543152
val/next-item-map: 0.031997062265872955
val/next-item-map-weighted: 0.27785027027130127
val/next-item-max-f-score: 0.06339548528194427
val/next-item-max-f-score-weighted: 0.33089321851730347
val/next-item-mean-time-step: 0.8387455940246582
val/next-item-rmse: 1.0481261014938354
val/sequence-labels-entropy: 0.9187232255935669
