date: '2025-02-23 13:37:04'
test/T-mAP: 0.06932046264410019
test/T-mAP-weighted: 0.41328758001327515
test/horizon-max-f-score: 0.11563506722450256
test/horizon-max-f-score-weighted: 0.43724438548088074
test/horizon-mean-time-step: 0.6533561944961548
test/loss: 3.174793243408203
test/loss_decoder_labels: 2.4113900661468506
test/loss_decoder_timestamps: 0.6172288656234741
test/loss_diffusion: 0.14617414772510529
test/loss_embedder_regularizer: 1.1272275837357834e-13
test/mean-predicted-length: 7.95081090927124
test/mean-target-length: 9.136935234069824
test/next-item-accuracy: 0.3497582972049713
test/next-item-mae: 0.6525609493255615
test/next-item-map: 0.03261730447411537
test/next-item-map-weighted: 0.27505648136138916
test/next-item-max-f-score: 0.06587463617324829
test/next-item-max-f-score-weighted: 0.3281713128089905
test/next-item-mean-time-step: 0.8384265899658203
test/next-item-rmse: 1.046128273010254
test/next-k-label-distribution-delta: 5.2704997062683105
test/optimal-transport-distance: 6.84885311126709
test/sequence-labels-entropy: 0.9166756868362427
val/T-mAP: 0.06843358278274536
val/T-mAP-weighted: 0.415836900472641
val/horizon-max-f-score: 0.110694520175457
val/horizon-max-f-score-weighted: 0.4394189119338989
val/horizon-mean-time-step: 0.6536117196083069
val/loss: 3.154609441757202
val/loss_decoder_labels: 2.392146110534668
val/loss_decoder_timestamps: 0.6163886785507202
val/loss_diffusion: 0.1460752785205841
val/loss_embedder_regularizer: 1.1282765493376631e-13
val/mean-predicted-length: 7.944342613220215
val/mean-target-length: 9.149765014648438
val/next-item-accuracy: 0.3524605333805084
val/next-item-mae: 0.6514679789543152
val/next-item-map: 0.031997062265872955
val/next-item-map-weighted: 0.27785027027130127
val/next-item-max-f-score: 0.06339548528194427
val/next-item-max-f-score-weighted: 0.33089321851730347
val/next-item-mean-time-step: 0.8387455940246582
val/next-item-rmse: 1.0481261014938354
val/next-k-label-distribution-delta: 5.247006893157959
val/optimal-transport-distance: 6.828487873077393
val/sequence-labels-entropy: 0.9103586077690125
