date: '2025-02-23 13:22:05'
test/T-mAP: 0.0606539323925972
test/T-mAP-weighted: 0.3520147502422333
test/horizon-max-f-score: 0.12100312858819962
test/horizon-max-f-score-weighted: 0.4569990634918213
test/horizon-mean-time-step: 0.654358983039856
test/loss: 3.174793243408203
test/loss_decoder_labels: 2.4113900661468506
test/loss_decoder_timestamps: 0.6172288656234741
test/loss_diffusion: 0.14617414772510529
test/loss_embedder_regularizer: 1.1272275837357834e-13
test/mean-predicted-length: 4.999634265899658
test/mean-target-length: 9.136935234069824
test/next-item-accuracy: 0.3497582972049713
test/next-item-mae: 0.6525609493255615
test/next-item-map: 0.03261730447411537
test/next-item-map-weighted: 0.27505648136138916
test/next-item-max-f-score: 0.06587463617324829
test/next-item-max-f-score-weighted: 0.3281713128089905
test/next-item-mean-time-step: 0.8384265899658203
test/next-item-rmse: 1.046128273010254
test/next-k-label-distribution-delta: 5.2704997062683105
test/optimal-transport-distance: 6.84885311126709
test/sequence-labels-entropy: 0.9194135069847107
val/T-mAP: 0.05970276519656181
val/T-mAP-weighted: 0.3544466197490692
val/horizon-max-f-score: 0.11568614095449448
val/horizon-max-f-score-weighted: 0.4598347544670105
val/horizon-mean-time-step: 0.6545764207839966
val/loss: 3.154609441757202
val/loss_decoder_labels: 2.392146110534668
val/loss_decoder_timestamps: 0.6163886785507202
val/loss_diffusion: 0.1460752785205841
val/loss_embedder_regularizer: 1.1282765493376631e-13
val/mean-predicted-length: 4.999799728393555
val/mean-target-length: 9.149765014648438
val/next-item-accuracy: 0.3524605333805084
val/next-item-mae: 0.6514679789543152
val/next-item-map: 0.031997062265872955
val/next-item-map-weighted: 0.27785027027130127
val/next-item-max-f-score: 0.06339548528194427
val/next-item-max-f-score-weighted: 0.33089321851730347
val/next-item-mean-time-step: 0.8387455940246582
val/next-item-rmse: 1.0481261014938354
val/next-k-label-distribution-delta: 5.247006893157959
val/optimal-transport-distance: 6.828487873077393
val/sequence-labels-entropy: 0.9147195816040039
