date: '2025-02-23 14:12:53'
test/T-mAP: 0.05890223756432533
test/T-mAP-weighted: 0.3151017129421234
test/horizon-max-f-score: 0.10058411210775375
test/horizon-max-f-score-weighted: 0.36312586069107056
test/horizon-mean-time-step: 0.617693305015564
test/loss: 2.8681278228759766
test/loss_labels: 2.2950193881988525
test/loss_timestamps: 0.57310950756073
test/mean-predicted-length: 11.968679428100586
test/mean-target-length: 9.136935234069824
test/next-item-accuracy: 0.37647128105163574
test/next-item-mae: 0.6426186561584473
test/next-item-map: 0.04255446419119835
test/next-item-map-weighted: 0.31200554966926575
test/next-item-max-f-score: 0.08175991475582123
test/next-item-max-f-score-weighted: 0.35373878479003906
test/next-item-mean-time-step: 0.8307701349258423
test/next-item-rmse: 1.0340461730957031
test/next-k-label-distribution-delta: 5.307071208953857
test/optimal-transport-distance: 6.827989101409912
test/sequence-labels-entropy: 0.8764136433601379
val/T-mAP: 0.055003222078084946
val/T-mAP-weighted: 0.3169771432876587
val/horizon-max-f-score: 0.09460250288248062
val/horizon-max-f-score-weighted: 0.366055965423584
val/horizon-mean-time-step: 0.619962215423584
val/loss: 2.847789764404297
val/loss_labels: 2.275538921356201
val/loss_timestamps: 0.5722495913505554
val/mean-predicted-length: 11.937506675720215
val/mean-target-length: 9.149765014648438
val/next-item-accuracy: 0.37940412759780884
val/next-item-mae: 0.6414294242858887
val/next-item-map: 0.04246683046221733
val/next-item-map-weighted: 0.3155222237110138
val/next-item-max-f-score: 0.08070773631334305
val/next-item-max-f-score-weighted: 0.35657018423080444
val/next-item-mean-time-step: 0.8312690258026123
val/next-item-rmse: 1.0358208417892456
val/next-k-label-distribution-delta: 5.278954029083252
val/optimal-transport-distance: 6.806903839111328
val/sequence-labels-entropy: 0.8715259432792664
