date: '2024-08-09 14:17:45'
test/T-mAP: 0.059429559856653214
test/horizon-mean-time-step: 0.6361923813819885
test/loss: 2.8216946125030518
test/loss_labels: 2.261866331100464
test/loss_timestamps: 0.5598281025886536
test/mean-predicted-length: 11.342728614807129
test/mean-target-length: 9.136935234069824
test/next-item-accuracy: 0.38189461827278137
test/next-item-mae: 0.6352648735046387
test/next-item-mean-time-step: 0.8282293081283569
test/next-item-rmse: 1.1916162967681885
test/optimal-transport-distance: 6.804823875427246
val/T-mAP: 0.062868133187294
val/horizon-mean-time-step: 0.6381783485412598
val/loss: 2.802516460418701
val/loss_labels: 2.2440171241760254
val/loss_timestamps: 0.5584998726844788
val/mean-predicted-length: 11.308466911315918
val/mean-target-length: 9.149765014648438
val/next-item-accuracy: 0.3838914632797241
val/next-item-mae: 0.6344146728515625
val/next-item-mean-time-step: 0.8285994529724121
val/next-item-rmse: 1.1867334842681885
val/optimal-transport-distance: 6.786139011383057
