date: '2024-08-09 14:01:15'
test/T-mAP: 0.057756610214710236
test/horizon-mean-time-step: 0.6189305782318115
test/loss: 2.8216946125030518
test/loss_labels: 2.261866331100464
test/loss_timestamps: 0.5598281025886536
test/mean-predicted-length: 3.9986939430236816
test/mean-target-length: 9.136935234069824
test/next-item-accuracy: 0.38189461827278137
test/next-item-mae: 0.6352648735046387
test/next-item-mean-time-step: 0.8282293081283569
test/next-item-rmse: 1.1916162967681885
val/T-mAP: 0.0563560351729393
val/horizon-mean-time-step: 0.6211376786231995
val/loss: 2.802516460418701
val/loss_labels: 2.2440171241760254
val/loss_timestamps: 0.5584998726844788
val/mean-predicted-length: 3.9984326362609863
val/mean-target-length: 9.149765014648438
val/next-item-accuracy: 0.3838914632797241
val/next-item-mae: 0.6344146728515625
val/next-item-mean-time-step: 0.8285994529724121
val/next-item-rmse: 1.1867334842681885
