date: '2024-05-24 23:51:26'
val/detection-mAP: 0.06758156418800354
val/horizon-mean-time-step: 0.32287225127220154
val/loss: 2.8252694606781006
val/loss_labels: 2.244663953781128
val/loss_timestamps: 0.5806059241294861
val/mean-predicted-length: 3.9985992908477783
val/mean-target-length: 9.149765014648438
val/next-item-accuracy: 0.38407596945762634
val/next-item-mae: 0.5674947500228882
val/next-item-mean-time-step: 0.8242860436439514
test/detection-mAP: 0.06443628668785095
test/horizon-mean-time-step: 0.3167375922203064
test/loss: 2.8447182178497314
test/loss_labels: 2.2628064155578613
test/loss_timestamps: 0.5819118022918701
test/mean-predicted-length: 3.9988768100738525
test/mean-target-length: 9.136935234069824
test/next-item-accuracy: 0.3812389671802521
test/next-item-mae: 0.569211483001709
test/next-item-mean-time-step: 0.8238875865936279
