date: '2025-02-23 12:22:16'
test/T-mAP: 0.040154535323381424
test/T-mAP-weighted: 0.14893512427806854
test/horizon-max-f-score: 0.14574521780014038
test/horizon-max-f-score-weighted: 0.5046376585960388
test/loss: 2.868582248687744
test/loss_labels: 2.2949626445770264
test/loss_timestamps: 0.5736190676689148
test/mean-predicted-length: 1.0
test/mean-target-length: 9.136935234069824
test/next-item-accuracy: 0.37647128105163574
test/next-item-mae: 0.6426186561584473
test/next-item-map: 0.04255446419119835
test/next-item-map-weighted: 0.31200551986694336
test/next-item-max-f-score: 0.08175991475582123
test/next-item-max-f-score-weighted: 0.35373881459236145
test/next-item-mean-time-step: 0.8307702541351318
test/next-item-rmse: 1.0340461730957031
test/sequence-labels-entropy: 0.746262788772583
val/T-mAP: 0.03837345540523529
val/T-mAP-weighted: 0.15051451325416565
val/horizon-max-f-score: 0.13749094307422638
val/horizon-max-f-score-weighted: 0.5101754069328308
val/loss: 2.8477983474731445
val/loss_labels: 2.2751052379608154
val/loss_timestamps: 0.5726921558380127
val/mean-predicted-length: 1.0
val/mean-target-length: 9.149765014648438
val/next-item-accuracy: 0.37940412759780884
val/next-item-mae: 0.6414294838905334
val/next-item-map: 0.042466819286346436
val/next-item-map-weighted: 0.3155222535133362
val/next-item-max-f-score: 0.08070774376392365
val/next-item-max-f-score-weighted: 0.35657012462615967
val/next-item-mean-time-step: 0.8312691450119019
val/next-item-rmse: 1.0358208417892456
val/sequence-labels-entropy: 0.7390535473823547
