date: '2024-08-05 13:26:51'
test/T-mAP: 0.057264845818281174
test/horizon-mean-time-step: 0.7204124331474304
test/loss: 2.658156394958496
test/loss_nhp: 2.658156394958496
test/mean-predicted-length: 4.982027530670166
test/mean-target-length: 9.136935234069824
test/next-item-accuracy: 0.354093998670578
test/next-item-mae: 0.709121584892273
test/next-item-mean-time-step: 0.8426867127418518
test/next-item-rmse: 1.196828842163086
test/optimal-transport-distance: 7.015578746795654
test/thinning_accepted: 41.994178771972656
val/T-mAP: 0.05783068388700485
val/horizon-mean-time-step: 0.7188257575035095
val/loss: 2.637331247329712
val/loss_nhp: 2.637331247329712
val/mean-predicted-length: 4.979190826416016
val/mean-target-length: 9.149765014648438
val/next-item-accuracy: 0.35560065507888794
val/next-item-mae: 0.7087897062301636
val/next-item-mean-time-step: 0.843080997467041
val/next-item-rmse: 1.1921154260635376
val/optimal-transport-distance: 7.00683069229126
val/thinning_accepted: 42.79359817504883
