date: '2024-08-05 15:40:13'
test/T-mAP: 0.05600692331790924
test/horizon-mean-time-step: 0.7466261386871338
test/loss: 2.657421588897705
test/loss_nhp: 2.657421588897705
test/mean-predicted-length: 9.41952896118164
test/mean-target-length: 9.136935234069824
test/next-item-accuracy: 0.35406723618507385
test/next-item-mae: 0.7090088129043579
test/next-item-mean-time-step: 0.8426690101623535
test/next-item-rmse: 1.196806788444519
test/optimal-transport-distance: 7.012745380401611
test/thinning_accepted: 41.98284149169922
val/T-mAP: 0.056651096791028976
val/horizon-mean-time-step: 0.7458842992782593
val/loss: 2.6374082565307617
val/loss_nhp: 2.6374082565307617
val/mean-predicted-length: 9.450095176696777
val/mean-target-length: 9.149765014648438
val/next-item-accuracy: 0.35547131299972534
val/next-item-mae: 0.7086354494094849
val/next-item-mean-time-step: 0.8429818749427795
val/next-item-rmse: 1.1920348405838013
val/optimal-transport-distance: 7.00670051574707
val/thinning_accepted: 42.790794372558594
