date: '2024-08-05 15:04:38'
test/T-mAP: 0.056461501866579056
test/horizon-mean-time-step: 0.7386670708656311
test/loss: 2.656785726547241
test/loss_nhp: 2.656785726547241
test/mean-predicted-length: 9.423813819885254
test/mean-target-length: 9.136935234069824
test/next-item-accuracy: 0.35393571853637695
test/next-item-mae: 0.7092747688293457
test/next-item-mean-time-step: 0.842780590057373
test/next-item-rmse: 1.1968241930007935
test/optimal-transport-distance: 7.012885093688965
test/thinning_accepted: 42.00232696533203
val/T-mAP: 0.05791880562901497
val/horizon-mean-time-step: 0.7380492687225342
val/loss: 2.637690305709839
val/loss_nhp: 2.637690305709839
val/mean-predicted-length: 9.449661254882812
val/mean-target-length: 9.149765014648438
val/next-item-accuracy: 0.3554517924785614
val/next-item-mae: 0.708791196346283
val/next-item-mean-time-step: 0.8430460691452026
val/next-item-rmse: 1.1920362710952759
val/optimal-transport-distance: 7.0069499015808105
val/thinning_accepted: 42.794090270996094
