date: '2024-08-05 13:47:01'
test/T-mAP: 0.059210196137428284
test/horizon-mean-time-step: 0.7217374444007874
test/loss: 2.657167673110962
test/loss_nhp: 2.657167673110962
test/mean-predicted-length: 7.6772027015686035
test/mean-target-length: 9.136935234069824
test/next-item-accuracy: 0.35405462980270386
test/next-item-mae: 0.7090128064155579
test/next-item-mean-time-step: 0.842693567276001
test/next-item-rmse: 1.196635127067566
test/optimal-transport-distance: 7.00904655456543
test/thinning_accepted: 41.981605529785156
val/T-mAP: 0.05919717997312546
val/horizon-mean-time-step: 0.7210580110549927
val/loss: 2.6374030113220215
val/loss_nhp: 2.6374030113220215
val/mean-predicted-length: 7.67135763168335
val/mean-target-length: 9.149765014648438
val/next-item-accuracy: 0.3555752635002136
val/next-item-mae: 0.7086856961250305
val/next-item-mean-time-step: 0.8430441617965698
val/next-item-rmse: 1.1922789812088013
val/optimal-transport-distance: 7.008786201477051
val/thinning_accepted: 42.78815460205078
