date: '2024-08-05 12:34:55'
test/T-mAP: 0.036247991025447845
test/horizon-mean-time-step: .nan
test/loss: 2.657752513885498
test/loss_nhp: 2.657752513885498
test/mean-predicted-length: 1.0
test/mean-target-length: 9.136935234069824
test/next-item-accuracy: 0.3539659380912781
test/next-item-mae: 0.7091020345687866
test/next-item-mean-time-step: 0.8426706194877625
test/next-item-rmse: 1.1966967582702637
test/thinning_accepted: 42.018775939941406
val/T-mAP: 0.03737147897481918
val/horizon-mean-time-step: .nan
val/loss: 2.637946605682373
val/loss_nhp: 2.637946605682373
val/mean-predicted-length: 1.0
val/mean-target-length: 9.149765014648438
val/next-item-accuracy: 0.35554012656211853
val/next-item-mae: 0.708946943283081
val/next-item-mean-time-step: 0.843019425868988
val/next-item-rmse: 1.1922553777694702
val/thinning_accepted: 42.791595458984375
