date: '2024-08-05 12:51:13'
test/T-mAP: 0.04634586721658707
test/horizon-mean-time-step: 0.7143045663833618
test/loss: 2.658257484436035
test/loss_nhp: 2.658257484436035
test/mean-predicted-length: 2.0
test/mean-target-length: 9.136935234069824
test/next-item-accuracy: 0.35407260060310364
test/next-item-mae: 0.7091846466064453
test/next-item-mean-time-step: 0.8427226543426514
test/next-item-rmse: 1.1967813968658447
test/thinning_accepted: 41.98244094848633
val/T-mAP: 0.04541393369436264
val/horizon-mean-time-step: 0.7151943445205688
val/loss: 2.637223720550537
val/loss_nhp: 2.637223720550537
val/mean-predicted-length: 2.0
val/mean-target-length: 9.149765014648438
val/next-item-accuracy: 0.35556307435035706
val/next-item-mae: 0.70876145362854
val/next-item-mean-time-step: 0.8430253863334656
val/next-item-rmse: 1.1922266483306885
val/thinning_accepted: 42.799861907958984
