date: '2024-08-05 13:08:24'
test/T-mAP: 0.05519086495041847
test/horizon-mean-time-step: 0.7199507355690002
test/loss: 2.657775640487671
test/loss_nhp: 2.657775640487671
test/mean-predicted-length: 3.995507001876831
test/mean-target-length: 9.136935234069824
test/next-item-accuracy: 0.3540431559085846
test/next-item-mae: 0.7091626524925232
test/next-item-mean-time-step: 0.8426604866981506
test/next-item-rmse: 1.1968399286270142
test/thinning_accepted: 42.01380920410156
val/T-mAP: 0.05415395274758339
val/horizon-mean-time-step: 0.7189291715621948
val/loss: 2.637340545654297
val/loss_nhp: 2.637340545654297
val/mean-predicted-length: 3.9943642616271973
val/mean-target-length: 9.149765014648438
val/next-item-accuracy: 0.3554835021495819
val/next-item-mae: 0.7087140679359436
val/next-item-mean-time-step: 0.8429890275001526
val/next-item-rmse: 1.1921218633651733
val/thinning_accepted: 42.82231140136719
