date: '2024-08-05 14:27:05'
test/T-mAP: 0.053510215133428574
test/horizon-mean-time-step: 0.7429798245429993
test/loss: 2.675361394882202
test/loss_nhp: 2.675361394882202
test/mean-predicted-length: 9.114625930786133
test/mean-target-length: 9.136935234069824
test/next-item-accuracy: 0.35648873448371887
test/next-item-mae: 0.7059458494186401
test/next-item-mean-time-step: 0.8422845602035522
test/next-item-rmse: 1.1971937417984009
test/optimal-transport-distance: 6.999657154083252
test/thinning_accepted: 43.05418014526367
val/T-mAP: 0.054801568388938904
val/horizon-mean-time-step: 0.742603063583374
val/loss: 2.6546213626861572
val/loss_nhp: 2.6546213626861572
val/mean-predicted-length: 9.130589485168457
val/mean-target-length: 9.149765014648438
val/next-item-accuracy: 0.3574965298175812
val/next-item-mae: 0.7055984139442444
val/next-item-mean-time-step: 0.8427035808563232
val/next-item-rmse: 1.1925710439682007
val/optimal-transport-distance: 6.9952616691589355
val/thinning_accepted: 43.41617202758789
