date: '2024-08-05 16:07:00'
test/T-mAP: 0.05363970622420311
test/horizon-mean-time-step: 0.7706636786460876
test/loss: 2.6748740673065186
test/loss_nhp: 2.6748740673065186
test/mean-predicted-length: 9.208197593688965
test/mean-target-length: 9.136935234069824
test/next-item-accuracy: 0.3565889000892639
test/next-item-mae: 0.7059189677238464
test/next-item-mean-time-step: 0.8423082828521729
test/next-item-rmse: 1.197277545928955
test/optimal-transport-distance: 6.998047351837158
test/thinning_accepted: 43.06475067138672
val/T-mAP: 0.055528074502944946
val/horizon-mean-time-step: 0.7703048586845398
val/loss: 2.654191732406616
val/loss_nhp: 2.654191732406616
val/mean-predicted-length: 9.220695495605469
val/mean-target-length: 9.149765014648438
val/next-item-accuracy: 0.3574604094028473
val/next-item-mae: 0.7056549191474915
val/next-item-mean-time-step: 0.842665433883667
val/next-item-rmse: 1.1924965381622314
val/optimal-transport-distance: 6.992644309997559
val/thinning_accepted: 43.42084884643555
