date: '2024-08-05 15:27:46'
test/T-mAP: 0.05348573625087738
test/horizon-mean-time-step: 0.7592530846595764
test/loss: 2.6742303371429443
test/loss_nhp: 2.6742303371429443
test/mean-predicted-length: 9.215093612670898
test/mean-target-length: 9.136935234069824
test/next-item-accuracy: 0.3564661741256714
test/next-item-mae: 0.7061207890510559
test/next-item-mean-time-step: 0.8423532247543335
test/next-item-rmse: 1.197451114654541
test/optimal-transport-distance: 7.002285957336426
test/thinning_accepted: 43.08103561401367
val/T-mAP: 0.055415764451026917
val/horizon-mean-time-step: 0.7590820789337158
val/loss: 2.6540117263793945
val/loss_nhp: 2.6540117263793945
val/mean-predicted-length: 9.220795631408691
val/mean-target-length: 9.149765014648438
val/next-item-accuracy: 0.35769471526145935
val/next-item-mae: 0.7056072354316711
val/next-item-mean-time-step: 0.8427122831344604
val/next-item-rmse: 1.1923093795776367
val/optimal-transport-distance: 6.998635292053223
val/thinning_accepted: 43.426841735839844
