date: '2024-08-05 14:02:33'
test/T-mAP: 0.055678099393844604
test/horizon-mean-time-step: 0.7370384931564331
test/loss: 2.6744439601898193
test/loss_nhp: 2.6744439601898193
test/mean-predicted-length: 7.662156105041504
test/mean-target-length: 9.136935234069824
test/next-item-accuracy: 0.35664090514183044
test/next-item-mae: 0.7057000398635864
test/next-item-mean-time-step: 0.842288076877594
test/next-item-rmse: 1.1970038414001465
test/optimal-transport-distance: 6.997915744781494
test/thinning_accepted: 43.041481018066406
val/T-mAP: 0.05759095773100853
val/horizon-mean-time-step: 0.7380219101905823
val/loss: 2.6543877124786377
val/loss_nhp: 2.6543877124786377
val/mean-predicted-length: 7.651982307434082
val/mean-target-length: 9.149765014648438
val/next-item-accuracy: 0.35756683349609375
val/next-item-mae: 0.7057185769081116
val/next-item-mean-time-step: 0.8427287936210632
val/next-item-rmse: 1.1927540302276611
val/optimal-transport-distance: 6.993268013000488
val/thinning_accepted: 43.43290328979492
