date: '2024-08-05 13:03:49'
test/T-mAP: 0.04529186338186264
test/horizon-mean-time-step: 0.7190787196159363
test/loss: 2.675381660461426
test/loss_nhp: 2.675381660461426
test/mean-predicted-length: 2.0
test/mean-target-length: 9.136935234069824
test/next-item-accuracy: 0.35651206970214844
test/next-item-mae: 0.7058932781219482
test/next-item-mean-time-step: 0.8423258662223816
test/next-item-rmse: 1.1971461772918701
test/thinning_accepted: 43.068626403808594
val/T-mAP: 0.045265235006809235
val/horizon-mean-time-step: 0.7209416031837463
val/loss: 2.6539742946624756
val/loss_nhp: 2.6539742946624756
val/mean-predicted-length: 2.0
val/mean-target-length: 9.149765014648438
val/next-item-accuracy: 0.35766541957855225
val/next-item-mae: 0.7057496905326843
val/next-item-mean-time-step: 0.8426835536956787
val/next-item-rmse: 1.192704200744629
val/thinning_accepted: 43.423072814941406
