date: '2024-08-05 12:47:06'
test/T-mAP: 0.03524645045399666
test/horizon-mean-time-step: .nan
test/loss: 2.675062417984009
test/loss_nhp: 2.675062417984009
test/mean-predicted-length: 1.0
test/mean-target-length: 9.136935234069824
test/next-item-accuracy: 0.35654646158218384
test/next-item-mae: 0.7059406042098999
test/next-item-mean-time-step: 0.8423236608505249
test/next-item-rmse: 1.1972472667694092
test/thinning_accepted: 43.0871467590332
val/T-mAP: 0.03737732395529747
val/horizon-mean-time-step: .nan
val/loss: 2.654648542404175
val/loss_nhp: 2.654648542404175
val/mean-predicted-length: 1.0
val/mean-target-length: 9.149765014648438
val/next-item-accuracy: 0.3576093018054962
val/next-item-mae: 0.7058061957359314
val/next-item-mean-time-step: 0.8426815867424011
val/next-item-rmse: 1.1926883459091187
val/thinning_accepted: 43.44187927246094
