date: '2024-08-09 14:02:28'
test/T-mAP: 0.07069903612136841
test/horizon-mean-time-step: 0.9077393412590027
test/loss: 3.112623929977417
test/loss_labels: 2.265843152999878
test/loss_timestamps: 0.8467808961868286
test/mean-predicted-length: 3.9920847415924072
test/mean-target-length: 9.136935234069824
test/next-item-accuracy: 0.3808612525463104
test/next-item-mae: 0.7040006518363953
test/next-item-mean-time-step: 0.8410437107086182
test/next-item-rmse: 1.1880214214324951
test/timestamps-bias-mean: 0.155392125248909
test/timestamps-current_influence: -0.044440485537052155
val/T-mAP: 0.07529990375041962
val/horizon-mean-time-step: 0.9115508794784546
val/loss: 3.0938215255737305
val/loss_labels: 2.2483878135681152
val/loss_timestamps: 0.8454334139823914
val/mean-predicted-length: 3.991062879562378
val/mean-target-length: 9.149765014648438
val/next-item-accuracy: 0.3825027346611023
val/next-item-mae: 0.7034956216812134
val/next-item-mean-time-step: 0.8412467837333679
val/next-item-rmse: 1.1829907894134521
val/timestamps-bias-mean: 0.1558341383934021
val/timestamps-current_influence: -0.04444047808647156
