date: '2024-08-05 15:29:50'
test/detection-mAP: 0.07130254060029984
test/horizon-mean-time-step: 0.8000611662864685
test/loss: 3.109846353530884
test/loss_labels: 2.2534680366516113
test/loss_timestamps: 0.8563783168792725
test/mean-predicted-length: 8.5443696975708
test/mean-target-length: 9.136935234069824
test/next-item-accuracy: 0.38345402479171753
test/next-item-mae: 0.7077274322509766
test/next-item-mean-time-step: 0.8420876860618591
test/next-item-rmse: 1.194068431854248
test/optimal-transport-distance: 6.772375583648682
test/timestamps-bias-mean: 0.17514532804489136
test/timestamps-current_influence: -0.047138117253780365
val/detection-mAP: 0.07658769190311432
val/horizon-mean-time-step: 0.8024566173553467
val/loss: 3.0914998054504395
val/loss_labels: 2.2357075214385986
val/loss_timestamps: 0.8557920455932617
val/mean-predicted-length: 8.534531593322754
val/mean-target-length: 9.149765014648438
val/next-item-accuracy: 0.3862744867801666
val/next-item-mae: 0.7073693871498108
val/next-item-mean-time-step: 0.8424375057220459
val/next-item-rmse: 1.1895908117294312
val/optimal-transport-distance: 6.753225803375244
val/timestamps-bias-mean: 0.17663338780403137
val/timestamps-current_influence: -0.04713812097907066
