date: '2024-08-09 14:00:10'
test/T-mAP: 0.05256287008523941
test/horizon-mean-time-step: 0.8872301578521729
test/loss: 3.112537384033203
test/loss_labels: 2.265843152999878
test/loss_timestamps: 0.8466944694519043
test/mean-predicted-length: 2.0
test/mean-target-length: 9.136935234069824
test/next-item-accuracy: 0.3808612525463104
test/next-item-mae: 0.7038818597793579
test/next-item-mean-time-step: 0.8409740924835205
test/next-item-rmse: 1.1879509687423706
test/timestamps-bias-mean: 0.155392125248909
test/timestamps-current_influence: -0.044440485537052155
val/T-mAP: 0.05817455053329468
val/horizon-mean-time-step: 0.892227053642273
val/loss: 3.093602418899536
val/loss_labels: 2.2483878135681152
val/loss_timestamps: 0.8452146053314209
val/mean-predicted-length: 2.0
val/mean-target-length: 9.149765014648438
val/next-item-accuracy: 0.3825027346611023
val/next-item-mae: 0.7036945223808289
val/next-item-mean-time-step: 0.8413656949996948
val/next-item-rmse: 1.1832821369171143
val/timestamps-bias-mean: 0.1558341383934021
val/timestamps-current_influence: -0.04444047808647156
