date: '2024-08-05 14:03:49'
test/detection-mAP: 0.0713353380560875
test/horizon-mean-time-step: 0.8007648587226868
test/loss: 3.1103765964508057
test/loss_labels: 2.2534680366516113
test/loss_timestamps: 0.8569079637527466
test/mean-predicted-length: 8.49983024597168
test/mean-target-length: 9.136935234069824
test/next-item-accuracy: 0.38345402479171753
test/next-item-mae: 0.7077627778053284
test/next-item-mean-time-step: 0.8420724868774414
test/next-item-rmse: 1.1942176818847656
test/optimal-transport-distance: 6.77163028717041
test/timestamps-bias-mean: 0.17514532804489136
test/timestamps-current_influence: -0.047138117253780365
val/detection-mAP: 0.07642855495214462
val/horizon-mean-time-step: 0.8029854893684387
val/loss: 3.091430425643921
val/loss_labels: 2.2357075214385986
val/loss_timestamps: 0.8557229042053223
val/mean-predicted-length: 8.496648788452148
val/mean-target-length: 9.149765014648438
val/next-item-accuracy: 0.3862744867801666
val/next-item-mae: 0.7075356245040894
val/next-item-mean-time-step: 0.8424526453018188
val/next-item-rmse: 1.1898090839385986
val/optimal-transport-distance: 6.754881381988525
val/timestamps-bias-mean: 0.17663338780403137
val/timestamps-current_influence: -0.04713812097907066
