date: '2024-08-05 14:56:06'
test/detection-mAP: 0.07130546867847443
test/horizon-mean-time-step: 0.8002190589904785
test/loss: 3.110301971435547
test/loss_labels: 2.2534680366516113
test/loss_timestamps: 0.8568338751792908
test/mean-predicted-length: 8.539928436279297
test/mean-target-length: 9.136935234069824
test/next-item-accuracy: 0.38345402479171753
test/next-item-mae: 0.7078152298927307
test/next-item-mean-time-step: 0.842121958732605
test/next-item-rmse: 1.1941936016082764
test/optimal-transport-distance: 6.771885871887207
test/timestamps-bias-mean: 0.17514532804489136
test/timestamps-current_influence: -0.047138117253780365
val/detection-mAP: 0.07621420174837112
val/horizon-mean-time-step: 0.8024626970291138
val/loss: 3.091453790664673
val/loss_labels: 2.2357075214385986
val/loss_timestamps: 0.8557459712028503
val/mean-predicted-length: 8.539633750915527
val/mean-target-length: 9.149765014648438
val/next-item-accuracy: 0.3862744867801666
val/next-item-mae: 0.7075834274291992
val/next-item-mean-time-step: 0.8424462676048279
val/next-item-rmse: 1.1898086071014404
val/optimal-transport-distance: 6.750792503356934
val/timestamps-bias-mean: 0.17663338780403137
val/timestamps-current_influence: -0.04713812097907066
