date: '2024-08-09 14:04:59'
test/T-mAP: 0.07382883131504059
test/horizon-mean-time-step: 0.9125786423683167
test/loss: 3.112699508666992
test/loss_labels: 2.265843152999878
test/loss_timestamps: 0.8468561172485352
test/mean-predicted-length: 4.960241317749023
test/mean-target-length: 9.136935234069824
test/next-item-accuracy: 0.3808612525463104
test/next-item-mae: 0.7039099931716919
test/next-item-mean-time-step: 0.8409504890441895
test/next-item-rmse: 1.188022494316101
test/optimal-transport-distance: 6.843345642089844
test/timestamps-bias-mean: 0.155392125248909
test/timestamps-current_influence: -0.044440485537052155
val/T-mAP: 0.0799228847026825
val/horizon-mean-time-step: 0.9141810536384583
val/loss: 3.0937507152557373
val/loss_labels: 2.2483878135681152
val/loss_timestamps: 0.8453629612922668
val/mean-predicted-length: 4.954413414001465
val/mean-target-length: 9.149765014648438
val/next-item-accuracy: 0.3825027346611023
val/next-item-mae: 0.703542947769165
val/next-item-mean-time-step: 0.841290295124054
val/next-item-rmse: 1.183100938796997
val/optimal-transport-distance: 6.836668491363525
val/timestamps-bias-mean: 0.1558341383934021
val/timestamps-current_influence: -0.04444047808647156
