date: '2024-08-09 13:57:53'
test/T-mAP: 0.03746809810400009
test/horizon-mean-time-step: .nan
test/loss: 3.1131091117858887
test/loss_labels: 2.265843152999878
test/loss_timestamps: 0.847265362739563
test/mean-predicted-length: 1.0
test/mean-target-length: 9.136935234069824
test/next-item-accuracy: 0.3808612525463104
test/next-item-mae: 0.7039141654968262
test/next-item-mean-time-step: 0.8409828543663025
test/next-item-rmse: 1.1881779432296753
test/timestamps-bias-mean: 0.155392125248909
test/timestamps-current_influence: -0.044440485537052155
val/T-mAP: 0.04355771467089653
val/horizon-mean-time-step: .nan
val/loss: 3.0938642024993896
val/loss_labels: 2.2483878135681152
val/loss_timestamps: 0.8454763889312744
val/mean-predicted-length: 1.0
val/mean-target-length: 9.149765014648438
val/next-item-accuracy: 0.3825027346611023
val/next-item-mae: 0.7035229206085205
val/next-item-mean-time-step: 0.8413349390029907
val/next-item-rmse: 1.1831598281860352
val/timestamps-bias-mean: 0.1558341383934021
val/timestamps-current_influence: -0.04444047808647156
