date: '2024-05-24 23:10:11'
val/detection-mAP: 0.06970611214637756
val/horizon-mean-time-step: 0.7001999020576477
val/loss: 2.8817741870880127
val/loss_labels: 2.2389702796936035
val/loss_timestamps: 0.6428040862083435
val/mean-predicted-length: 9.637676239013672
val/mean-target-length: 9.149765014648438
val/next-item-accuracy: 0.3851332366466522
val/next-item-mae: 0.685024619102478
val/next-item-mean-time-step: 0.8241201043128967
val/optimal-transport-distance: 12.420247077941895
val/timestamps-bias-mean: 0.503686249256134
val/timestamps-current_influence: -0.21806427836418152
test/detection-mAP: 0.07060876488685608
test/horizon-mean-time-step: 0.6981428265571594
test/loss: 2.9015746116638184
test/loss_labels: 2.2568609714508057
test/loss_timestamps: 0.6447135210037231
test/mean-predicted-length: 9.65040111541748
test/mean-target-length: 9.136935234069824
test/next-item-accuracy: 0.38251549005508423
test/next-item-mae: 0.6859622597694397
test/next-item-mean-time-step: 0.823734700679779
test/optimal-transport-distance: 12.46121597290039
test/timestamps-bias-mean: 0.5029240846633911
test/timestamps-current_influence: -0.21806426346302032
