date: '2024-08-09 14:10:32'
test/T-mAP: 0.06985469907522202
test/horizon-mean-time-step: 0.9140318036079407
test/loss: 3.1122708320617676
test/loss_labels: 2.265843152999878
test/loss_timestamps: 0.8464268445968628
test/mean-predicted-length: 7.5382304191589355
test/mean-target-length: 9.136935234069824
test/next-item-accuracy: 0.3808612525463104
test/next-item-mae: 0.7040236592292786
test/next-item-mean-time-step: 0.8409565091133118
test/next-item-rmse: 1.1882091760635376
test/optimal-transport-distance: 6.841220855712891
test/timestamps-bias-mean: 0.155392125248909
test/timestamps-current_influence: -0.044440485537052155
val/T-mAP: 0.07580162584781647
val/horizon-mean-time-step: 0.916947603225708
val/loss: 3.0936830043792725
val/loss_labels: 2.2483878135681152
val/loss_timestamps: 0.845295786857605
val/mean-predicted-length: 7.528929233551025
val/mean-target-length: 9.149765014648438
val/next-item-accuracy: 0.3825027346611023
val/next-item-mae: 0.7035699486732483
val/next-item-mean-time-step: 0.8413336873054504
val/next-item-rmse: 1.183218240737915
val/optimal-transport-distance: 6.837724685668945
val/timestamps-bias-mean: 0.1558341383934021
val/timestamps-current_influence: -0.04444047808647156
