date: '2024-08-05 13:42:10'
test/detection-mAP: 0.07318327575922012
test/horizon-mean-time-step: 0.8013370633125305
test/loss: 3.110182523727417
test/loss_labels: 2.2534680366516113
test/loss_timestamps: 0.8567150831222534
test/mean-predicted-length: 7.476137161254883
test/mean-target-length: 9.136935234069824
test/next-item-accuracy: 0.38345402479171753
test/next-item-mae: 0.7078514695167542
test/next-item-mean-time-step: 0.8421096205711365
test/next-item-rmse: 1.1942355632781982
test/optimal-transport-distance: 6.771145820617676
test/timestamps-bias-mean: 0.17514532804489136
test/timestamps-current_influence: -0.047138117253780365
val/detection-mAP: 0.07914388924837112
val/horizon-mean-time-step: 0.8029593825340271
val/loss: 3.0915651321411133
val/loss_labels: 2.2357075214385986
val/loss_timestamps: 0.8558573126792908
val/mean-predicted-length: 7.466335296630859
val/mean-target-length: 9.149765014648438
val/next-item-accuracy: 0.3862744867801666
val/next-item-mae: 0.7073972821235657
val/next-item-mean-time-step: 0.8424075841903687
val/next-item-rmse: 1.1895849704742432
val/optimal-transport-distance: 6.75620174407959
val/timestamps-bias-mean: 0.17663338780403137
val/timestamps-current_influence: -0.04713812097907066
