date: '2024-08-09 14:16:25'
test/T-mAP: 0.06991426646709442
test/horizon-mean-time-step: 0.9128137230873108
test/loss: 3.112332344055176
test/loss_labels: 2.265843152999878
test/loss_timestamps: 0.8464890122413635
test/mean-predicted-length: 7.553303241729736
test/mean-target-length: 9.136935234069824
test/next-item-accuracy: 0.3808612525463104
test/next-item-mae: 0.70384681224823
test/next-item-mean-time-step: 0.8409836888313293
test/next-item-rmse: 1.1880475282669067
test/optimal-transport-distance: 6.842776775360107
test/timestamps-bias-mean: 0.155392125248909
test/timestamps-current_influence: -0.044440485537052155
val/T-mAP: 0.07596718519926071
val/horizon-mean-time-step: 0.9160588979721069
val/loss: 3.0932304859161377
val/loss_labels: 2.2483878135681152
val/loss_timestamps: 0.8448424935340881
val/mean-predicted-length: 7.54073429107666
val/mean-target-length: 9.149765014648438
val/next-item-accuracy: 0.3825027346611023
val/next-item-mae: 0.7037121057510376
val/next-item-mean-time-step: 0.8413099050521851
val/next-item-rmse: 1.1831849813461304
val/optimal-transport-distance: 6.837117671966553
val/timestamps-bias-mean: 0.1558341383934021
val/timestamps-current_influence: -0.04444047808647156
