date: '2024-08-09 14:19:43'
test/T-mAP: 0.0700833722949028
test/horizon-mean-time-step: 0.9129990339279175
test/loss: 3.112478494644165
test/loss_labels: 2.265843152999878
test/loss_timestamps: 0.8466351628303528
test/mean-predicted-length: 7.556281089782715
test/mean-target-length: 9.136935234069824
test/next-item-accuracy: 0.3808612525463104
test/next-item-mae: 0.7038981318473816
test/next-item-mean-time-step: 0.8410314321517944
test/next-item-rmse: 1.1880820989608765
test/optimal-transport-distance: 6.844611167907715
test/timestamps-bias-mean: 0.155392125248909
test/timestamps-current_influence: -0.044440485537052155
val/T-mAP: 0.07628501951694489
val/horizon-mean-time-step: 0.9160984754562378
val/loss: 3.0934417247772217
val/loss_labels: 2.2483878135681152
val/loss_timestamps: 0.8450537919998169
val/mean-predicted-length: 7.543569087982178
val/mean-target-length: 9.149765014648438
val/next-item-accuracy: 0.3825027346611023
val/next-item-mae: 0.7034388184547424
val/next-item-mean-time-step: 0.8413376808166504
val/next-item-rmse: 1.1833261251449585
val/optimal-transport-distance: 6.835569381713867
val/timestamps-bias-mean: 0.1558341383934021
val/timestamps-current_influence: -0.04444047808647156
