date: '2024-08-09 14:07:45'
test/T-mAP: 0.07102619856595993
test/horizon-mean-time-step: 0.9124709963798523
test/loss: 3.1125681400299072
test/loss_labels: 2.265843152999878
test/loss_timestamps: 0.8467248678207397
test/mean-predicted-length: 7.014889717102051
test/mean-target-length: 9.136935234069824
test/next-item-accuracy: 0.3808612525463104
test/next-item-mae: 0.7039200067520142
test/next-item-mean-time-step: 0.8410512208938599
test/next-item-rmse: 1.1880475282669067
test/optimal-transport-distance: 6.844202995300293
test/timestamps-bias-mean: 0.155392125248909
test/timestamps-current_influence: -0.044440485537052155
val/T-mAP: 0.07755336910486221
val/horizon-mean-time-step: 0.9154590964317322
val/loss: 3.094045639038086
val/loss_labels: 2.2483878135681152
val/loss_timestamps: 0.8456576466560364
val/mean-predicted-length: 7.000800132751465
val/mean-target-length: 9.149765014648438
val/next-item-accuracy: 0.3825027346611023
val/next-item-mae: 0.7036887407302856
val/next-item-mean-time-step: 0.8413032293319702
val/next-item-rmse: 1.1834232807159424
val/optimal-transport-distance: 6.838256359100342
val/timestamps-bias-mean: 0.1558341383934021
val/timestamps-current_influence: -0.04444047808647156
