date: '2024-08-05 13:04:43'
test/detection-mAP: 0.07091332972049713
test/horizon-mean-time-step: 0.8012608885765076
test/loss: 3.1099205017089844
test/loss_labels: 2.2534680366516113
test/loss_timestamps: 0.8564517498016357
test/mean-predicted-length: 3.994697093963623
test/mean-target-length: 9.136935234069824
test/next-item-accuracy: 0.38345402479171753
test/next-item-mae: 0.7077876925468445
test/next-item-mean-time-step: 0.8420940041542053
test/next-item-rmse: 1.1941893100738525
test/timestamps-bias-mean: 0.17514532804489136
test/timestamps-current_influence: -0.047138117253780365
val/detection-mAP: 0.07526290416717529
val/horizon-mean-time-step: 0.8028864860534668
val/loss: 3.0912389755249023
val/loss_labels: 2.2357075214385986
val/loss_timestamps: 0.8555311560630798
val/mean-predicted-length: 3.9934637546539307
val/mean-target-length: 9.149765014648438
val/next-item-accuracy: 0.3862744867801666
val/next-item-mae: 0.7074046730995178
val/next-item-mean-time-step: 0.8424268960952759
val/next-item-rmse: 1.1896673440933228
val/timestamps-bias-mean: 0.17663338780403137
val/timestamps-current_influence: -0.04713812097907066
