date: '2024-08-05 13:22:51'
test/detection-mAP: 0.07472165673971176
test/horizon-mean-time-step: 0.8017855286598206
test/loss: 3.110224723815918
test/loss_labels: 2.2534680366516113
test/loss_timestamps: 0.8567562103271484
test/mean-predicted-length: 4.975810527801514
test/mean-target-length: 9.136935234069824
test/next-item-accuracy: 0.38345402479171753
test/next-item-mae: 0.7077012062072754
test/next-item-mean-time-step: 0.8421148657798767
test/next-item-rmse: 1.1943022012710571
test/optimal-transport-distance: 6.769197463989258
test/timestamps-bias-mean: 0.17514532804489136
test/timestamps-current_influence: -0.047138117253780365
val/detection-mAP: 0.07885996252298355
val/horizon-mean-time-step: 0.8048201203346252
val/loss: 3.0916881561279297
val/loss_labels: 2.2357075214385986
val/loss_timestamps: 0.8559808731079102
val/mean-predicted-length: 4.974155426025391
val/mean-target-length: 9.149765014648438
val/next-item-accuracy: 0.3862744867801666
val/next-item-mae: 0.7076290845870972
val/next-item-mean-time-step: 0.8424363732337952
val/next-item-rmse: 1.189895749092102
val/optimal-transport-distance: 6.753080368041992
val/timestamps-bias-mean: 0.17663338780403137
val/timestamps-current_influence: -0.04713812097907066
