date: '2024-08-05 14:28:30'
test/detection-mAP: 0.07088937610387802
test/horizon-mean-time-step: 0.801358699798584
test/loss: 3.110071897506714
test/loss_labels: 2.2534680366516113
test/loss_timestamps: 0.8566036820411682
test/mean-predicted-length: 8.537263870239258
test/mean-target-length: 9.136935234069824
test/next-item-accuracy: 0.38345402479171753
test/next-item-mae: 0.7077932953834534
test/next-item-mean-time-step: 0.8420771956443787
test/next-item-rmse: 1.1941097974777222
test/optimal-transport-distance: 6.769863128662109
test/timestamps-bias-mean: 0.17514532804489136
test/timestamps-current_influence: -0.047138117253780365
val/detection-mAP: 0.073726125061512
val/horizon-mean-time-step: 0.802822470664978
val/loss: 3.0915353298187256
val/loss_labels: 2.2357075214385986
val/loss_timestamps: 0.8558275699615479
val/mean-predicted-length: 8.541268348693848
val/mean-target-length: 9.149765014648438
val/next-item-accuracy: 0.3862744867801666
val/next-item-mae: 0.7075474858283997
val/next-item-mean-time-step: 0.8424009680747986
val/next-item-rmse: 1.18966805934906
val/optimal-transport-distance: 6.7565388679504395
val/timestamps-bias-mean: 0.17663338780403137
val/timestamps-current_influence: -0.04713812097907066
