date: '2026-02-10 19:09:25'
test/T-mAP: 0.21238300204277039
test/T-mAP-weighted: 0.41429269313812256
test/horizon-max-f-score: 0.2921931743621826
test/horizon-max-f-score-weighted: 0.5216554403305054
test/horizon-mean-time-step: 1.2649164199829102
test/loss: 2.5402321815490723
test/loss_nhp: 2.5402321815490723
test/mean-predicted-length: 7.199926853179932
test/mean-target-length: 19.20047378540039
test/next-item-accuracy: 0.2149684727191925
test/next-item-mae: 0.7549935579299927
test/next-item-map: 0.10157393664121628
test/next-item-map-weighted: 0.19053040444850922
test/next-item-max-f-score: 0.1613369584083557
test/next-item-max-f-score-weighted: 0.2768847644329071
test/next-item-mean-time-step: 0.5385119318962097
test/next-item-rmse: 0.836715042591095
test/next-k-label-distribution-delta: 6.9153594970703125
test/optimal-transport-distance: 8.30578327178955
test/sequence-labels-entropy: 0.17798519134521484
test/target-sequence-labels-entropy: 1.0759520530700684
test/thinning_accepted: 19.575103759765625
val/T-mAP: 0.2195451855659485
val/T-mAP-weighted: 0.41429203748703003
val/horizon-max-f-score: 0.29900842905044556
val/horizon-max-f-score-weighted: 0.5181772112846375
val/horizon-mean-time-step: 1.2647312879562378
val/loss: 2.521821975708008
val/loss_nhp: 2.521821975708008
val/mean-predicted-length: 7.1964898109436035
val/mean-target-length: 19.335750579833984
val/next-item-accuracy: 0.20592819154262543
val/next-item-mae: 0.7580196857452393
val/next-item-map: 0.10073351860046387
val/next-item-map-weighted: 0.18387101590633392
val/next-item-max-f-score: 0.1654616892337799
val/next-item-max-f-score-weighted: 0.27295204997062683
val/next-item-mean-time-step: 0.5330142974853516
val/next-item-rmse: 0.8396108150482178
val/next-k-label-distribution-delta: 6.939335823059082
val/optimal-transport-distance: 8.326865196228027
val/sequence-labels-entropy: 0.1707506626844406
val/target-sequence-labels-entropy: 1.0590906143188477
val/thinning_accepted: 19.933334350585938
