date: '2026-02-18 02:17:58'
test/T-mAP: 0.25254568457603455
test/T-mAP-weighted: 0.40895944833755493
test/horizon-max-f-score: 0.33794474601745605
test/horizon-max-f-score-weighted: 0.5450598001480103
test/horizon-mean-time-step: 1.51790452003479
test/loss: 2.5806174278259277
test/loss_nhp: 2.5806174278259277
test/mean-predicted-length: 6.547428131103516
test/mean-target-length: 19.20047378540039
test/next-item-accuracy: 0.2365003526210785
test/next-item-mae: 0.7604880332946777
test/next-item-map: 0.11033189296722412
test/next-item-map-weighted: 0.1814199686050415
test/next-item-max-f-score: 0.1870700716972351
test/next-item-max-f-score-weighted: 0.2937523126602173
test/next-item-mean-time-step: 0.5377827286720276
test/next-item-rmse: 0.8411980271339417
test/next-k-label-distribution-delta: 7.598686695098877
test/optimal-transport-distance: 8.515734672546387
test/sequence-labels-entropy: 0.32494595646858215
test/target-sequence-labels-entropy: 1.0759520530700684
test/thinning_accepted: 21.485477447509766
val/T-mAP: 0.2578143775463104
val/T-mAP-weighted: 0.40443485975265503
val/horizon-max-f-score: 0.34845954179763794
val/horizon-max-f-score-weighted: 0.5422502160072327
val/horizon-mean-time-step: 1.5180256366729736
val/loss: 2.564476251602173
val/loss_nhp: 2.564476251602173
val/mean-predicted-length: 6.552079200744629
val/mean-target-length: 19.335750579833984
val/next-item-accuracy: 0.22989651560783386
val/next-item-mae: 0.7643941640853882
val/next-item-map: 0.11139662563800812
val/next-item-map-weighted: 0.1736464500427246
val/next-item-max-f-score: 0.19091421365737915
val/next-item-max-f-score-weighted: 0.2878219187259674
val/next-item-mean-time-step: 0.5318364500999451
val/next-item-rmse: 0.8447900414466858
val/next-k-label-distribution-delta: 7.712323188781738
val/optimal-transport-distance: 8.584322929382324
val/sequence-labels-entropy: 0.31571251153945923
val/target-sequence-labels-entropy: 1.0590906143188477
val/thinning_accepted: 21.452777862548828
