date: '2026-02-26 23:08:35'
test/T-mAP: 0.21931490302085876
test/T-mAP-weighted: 0.38707202672958374
test/horizon-max-f-score: 0.30647748708724976
test/horizon-max-f-score-weighted: 0.5152271389961243
test/horizon-mean-time-step: 1.4021117687225342
test/loss: 2.573415994644165
test/loss_nhp: 2.573415994644165
test/mean-predicted-length: 7.0946736335754395
test/mean-target-length: 19.20047378540039
test/next-item-accuracy: 0.1952882558107376
test/next-item-mae: 0.6985872387886047
test/next-item-map: 0.08780765533447266
test/next-item-map-weighted: 0.1672307699918747
test/next-item-max-f-score: 0.15778392553329468
test/next-item-max-f-score-weighted: 0.27399444580078125
test/next-item-mean-time-step: 0.6436685919761658
test/next-item-rmse: 0.9648208022117615
test/next-k-label-distribution-delta: 7.6957316398620605
test/optimal-transport-distance: 8.568909645080566
test/sequence-labels-entropy: 0.134003683924675
test/target-sequence-labels-entropy: 1.075952172279358
test/thinning_accepted: 18.647584915161133
val/T-mAP: 0.2323513925075531
val/T-mAP-weighted: 0.38663533329963684
val/horizon-max-f-score: 0.32143181562423706
val/horizon-max-f-score-weighted: 0.5138904452323914
val/horizon-mean-time-step: 1.4000855684280396
val/loss: 2.5572612285614014
val/loss_nhp: 2.5572612285614014
val/mean-predicted-length: 7.067150115966797
val/mean-target-length: 19.335750579833984
val/next-item-accuracy: 0.19918231666088104
val/next-item-mae: 0.7006339430809021
val/next-item-map: 0.08823714405298233
val/next-item-map-weighted: 0.16400489211082458
val/next-item-max-f-score: 0.1590849757194519
val/next-item-max-f-score-weighted: 0.2686384320259094
val/next-item-mean-time-step: 0.6388475298881531
val/next-item-rmse: 0.9695220589637756
val/next-k-label-distribution-delta: 7.764975070953369
val/optimal-transport-distance: 8.609574317932129
val/sequence-labels-entropy: 0.1371408849954605
val/target-sequence-labels-entropy: 1.059090495109558
val/thinning_accepted: 18.636924743652344
