date: '2025-12-02 10:38:23'
test/T-mAP: 0.12185364216566086
test/T-mAP-weighted: 0.3759475350379944
test/horizon-max-f-score: 0.1839163452386856
test/horizon-max-f-score-weighted: 0.440963476896286
test/horizon-mean-time-step: 0.47748804092407227
test/loss: 2.4683947563171387
test/loss_labels: 1.7959082126617432
test/loss_timestamps: 0.6724865436553955
test/mean-predicted-length: 19.860074996948242
test/mean-target-length: 15.583646774291992
test/next-item-accuracy: 0.4138534963130951
test/next-item-mae: 0.6708549857139587
test/next-item-map: 0.10668912529945374
test/next-item-map-weighted: 0.32088151574134827
test/next-item-max-f-score: 0.1651858538389206
test/next-item-max-f-score-weighted: 0.42482686042785645
test/next-item-mean-time-step: 0.895796000957489
test/next-item-rmse: 1.0772705078125
test/next-k-label-distribution-delta: 9.434826850891113
test/optimal-transport-distance: 13.296911239624023
test/sequence-labels-entropy: 0.4202876389026642
test/target-sequence-labels-entropy: 1.4227653741836548
val/T-mAP: 0.13111592829227448
val/T-mAP-weighted: 0.38662290573120117
val/horizon-max-f-score: 0.19618414342403412
val/horizon-max-f-score-weighted: 0.4463061988353729
val/horizon-mean-time-step: 0.47876670956611633
val/loss: 2.424804925918579
val/loss_labels: 1.739646077156067
val/loss_timestamps: 0.6851586103439331
val/mean-predicted-length: 19.86985969543457
val/mean-target-length: 15.263496398925781
val/next-item-accuracy: 0.43428918719291687
val/next-item-mae: 0.681643009185791
val/next-item-map: 0.10880275070667267
val/next-item-map-weighted: 0.33626991510391235
val/next-item-max-f-score: 0.1692541241645813
val/next-item-max-f-score-weighted: 0.4405973553657532
val/next-item-mean-time-step: 0.9225030541419983
val/next-item-rmse: 1.0983806848526
val/next-k-label-distribution-delta: 9.14265251159668
val/optimal-transport-distance: 13.129964828491211
val/sequence-labels-entropy: 0.38303616642951965
val/target-sequence-labels-entropy: 1.3858129978179932
