date: '2025-12-01 23:50:50'
test/T-mAP: 0.10145679116249084
test/T-mAP-weighted: 0.3521368205547333
test/horizon-max-f-score: 0.1596231907606125
test/horizon-max-f-score-weighted: 0.41736292839050293
test/horizon-mean-time-step: 0.46835994720458984
test/loss: 2.2760212421417236
test/loss_labels: 1.6276706457138062
test/loss_timestamps: 0.6483505964279175
test/mean-predicted-length: 20.54361915588379
test/mean-target-length: 15.583646774291992
test/next-item-accuracy: 0.4508359730243683
test/next-item-mae: 0.64740389585495
test/next-item-map: 0.1247003972530365
test/next-item-map-weighted: 0.35917598009109497
test/next-item-max-f-score: 0.1827382594347
test/next-item-max-f-score-weighted: 0.44365447759628296
test/next-item-mean-time-step: 0.8802646398544312
test/next-item-rmse: 1.0600695610046387
test/next-k-label-distribution-delta: 10.251795768737793
test/optimal-transport-distance: 13.349261283874512
test/sequence-labels-entropy: 0.1649349182844162
test/target-sequence-labels-entropy: 1.4227653741836548
val/T-mAP: 0.10554683953523636
val/T-mAP-weighted: 0.355154424905777
val/horizon-max-f-score: 0.1629503220319748
val/horizon-max-f-score-weighted: 0.4213927984237671
val/horizon-mean-time-step: 0.4730629324913025
val/loss: 2.2451045513153076
val/loss_labels: 1.5816986560821533
val/loss_timestamps: 0.66340571641922
val/mean-predicted-length: 20.549875259399414
val/mean-target-length: 15.263496398925781
val/next-item-accuracy: 0.46731746196746826
val/next-item-mae: 0.6607871651649475
val/next-item-map: 0.13038350641727448
val/next-item-map-weighted: 0.3733503520488739
val/next-item-max-f-score: 0.19213028252124786
val/next-item-max-f-score-weighted: 0.45780545473098755
val/next-item-mean-time-step: 0.9081876277923584
val/next-item-rmse: 1.084442377090454
val/next-k-label-distribution-delta: 9.937790870666504
val/optimal-transport-distance: 13.229277610778809
val/sequence-labels-entropy: 0.1516006886959076
val/target-sequence-labels-entropy: 1.3858129978179932
