date: '2025-12-02 17:00:58'
test/T-mAP: 0.11578933894634247
test/T-mAP-weighted: 0.38440003991127014
test/horizon-max-f-score: 0.17755232751369476
test/horizon-max-f-score-weighted: 0.442348450422287
test/horizon-mean-time-step: 0.48247405886650085
test/loss: 2.7671830654144287
test/loss_labels: 2.0702600479125977
test/loss_timestamps: 0.696923017501831
test/mean-predicted-length: 19.98699951171875
test/mean-target-length: 15.583646774291992
test/next-item-accuracy: 0.3711385428905487
test/next-item-mae: 0.6947705149650574
test/next-item-map: 0.0926661267876625
test/next-item-map-weighted: 0.29904884099960327
test/next-item-max-f-score: 0.14955349266529083
test/next-item-max-f-score-weighted: 0.4098593294620514
test/next-item-mean-time-step: 0.9111244678497314
test/next-item-rmse: 1.097772479057312
test/next-k-label-distribution-delta: 8.53711986541748
test/optimal-transport-distance: 13.39512825012207
test/sequence-labels-entropy: 0.6998758316040039
test/target-sequence-labels-entropy: 1.4227653741836548
val/T-mAP: 0.11894185096025467
val/T-mAP-weighted: 0.38564321398735046
val/horizon-max-f-score: 0.1792178601026535
val/horizon-max-f-score-weighted: 0.4414476156234741
val/horizon-mean-time-step: 0.469900518655777
val/loss: 2.6700000762939453
val/loss_labels: 1.9668248891830444
val/loss_timestamps: 0.7031751275062561
val/mean-predicted-length: 20.562387466430664
val/mean-target-length: 15.263496398925781
val/next-item-accuracy: 0.3940207362174988
val/next-item-mae: 0.6994197368621826
val/next-item-map: 0.09649378806352615
val/next-item-map-weighted: 0.3167214095592499
val/next-item-max-f-score: 0.15515591204166412
val/next-item-max-f-score-weighted: 0.4270634651184082
val/next-item-mean-time-step: 0.9359011054039001
val/next-item-rmse: 1.119702696800232
val/next-k-label-distribution-delta: 8.37897777557373
val/optimal-transport-distance: 13.285490036010742
val/sequence-labels-entropy: 0.6527023315429688
val/target-sequence-labels-entropy: 1.3858129978179932
