date: '2025-12-03 22:07:20'
test/T-mAP: 0.1284082531929016
test/T-mAP-weighted: 0.41600483655929565
test/horizon-max-f-score: 0.1893448680639267
test/horizon-max-f-score-weighted: 0.4701688289642334
test/horizon-mean-time-step: 0.523612380027771
test/loss: 2.874220132827759
test/loss_labels: 2.16817569732666
test/loss_timestamps: 0.7060441970825195
test/mean-predicted-length: 18.871023178100586
test/mean-target-length: 15.583646774291992
test/next-item-accuracy: 0.3637738823890686
test/next-item-mae: 0.7036651968955994
test/next-item-map: 0.09147563576698303
test/next-item-map-weighted: 0.3000723719596863
test/next-item-max-f-score: 0.14775685966014862
test/next-item-max-f-score-weighted: 0.4114845395088196
test/next-item-mean-time-step: 0.923703670501709
test/next-item-rmse: 1.1115758419036865
test/next-k-label-distribution-delta: 8.004789352416992
test/optimal-transport-distance: 13.327188491821289
test/sequence-labels-entropy: 0.9036911725997925
test/target-sequence-labels-entropy: 1.4227653741836548
val/T-mAP: 0.13371099531650543
val/T-mAP-weighted: 0.4289700984954834
val/horizon-max-f-score: 0.1998436003923416
val/horizon-max-f-score-weighted: 0.47752705216407776
val/horizon-mean-time-step: 0.5207603573799133
val/loss: 2.8153185844421387
val/loss_labels: 2.093454599380493
val/loss_timestamps: 0.7218639254570007
val/mean-predicted-length: 19.14765739440918
val/mean-target-length: 15.263496398925781
val/next-item-accuracy: 0.37925565242767334
val/next-item-mae: 0.7173196077346802
val/next-item-map: 0.09248694777488708
val/next-item-map-weighted: 0.31178367137908936
val/next-item-max-f-score: 0.14873383939266205
val/next-item-max-f-score-weighted: 0.42582133412361145
val/next-item-mean-time-step: 0.9482020735740662
val/next-item-rmse: 1.1307140588760376
val/next-k-label-distribution-delta: 7.667500972747803
val/optimal-transport-distance: 13.107911109924316
val/sequence-labels-entropy: 0.8476809859275818
val/target-sequence-labels-entropy: 1.3858129978179932
