date: '2025-12-04 18:08:06'
test/T-mAP: 0.12866900861263275
test/T-mAP-weighted: 0.423660546541214
test/horizon-max-f-score: 0.19257955253124237
test/horizon-max-f-score-weighted: 0.4835449755191803
test/horizon-mean-time-step: 0.537161111831665
test/loss: 3.11244797706604
test/loss_labels: 2.3842782974243164
test/loss_timestamps: 0.7281697988510132
test/mean-predicted-length: 18.60348892211914
test/mean-target-length: 15.583646774291992
test/next-item-accuracy: 0.349920392036438
test/next-item-mae: 0.7257523536682129
test/next-item-map: 0.08957603573799133
test/next-item-map-weighted: 0.2978192865848541
test/next-item-max-f-score: 0.14696969091892242
test/next-item-max-f-score-weighted: 0.40543490648269653
test/next-item-mean-time-step: 0.9407765865325928
test/next-item-rmse: 1.1312593221664429
test/next-k-label-distribution-delta: 7.680465221405029
test/optimal-transport-distance: 13.531418800354004
test/sequence-labels-entropy: 1.0317901372909546
test/target-sequence-labels-entropy: 1.4227653741836548
val/T-mAP: 0.13532288372516632
val/T-mAP-weighted: 0.4356358051300049
val/horizon-max-f-score: 0.19824610650539398
val/horizon-max-f-score-weighted: 0.4889373183250427
val/horizon-mean-time-step: 0.5310196280479431
val/loss: 3.069488763809204
val/loss_labels: 2.333435297012329
val/loss_timestamps: 0.736053466796875
val/mean-predicted-length: 18.678585052490234
val/mean-target-length: 15.263496398925781
val/next-item-accuracy: 0.35895872116088867
val/next-item-mae: 0.7316100597381592
val/next-item-map: 0.08631444722414017
val/next-item-map-weighted: 0.30920344591140747
val/next-item-max-f-score: 0.14112155139446259
val/next-item-max-f-score-weighted: 0.4150446355342865
val/next-item-mean-time-step: 0.9647439122200012
val/next-item-rmse: 1.1444343328475952
val/next-k-label-distribution-delta: 7.50446891784668
val/optimal-transport-distance: 13.401541709899902
val/sequence-labels-entropy: 0.9730859994888306
val/target-sequence-labels-entropy: 1.3858129978179932
