date: '2025-12-09 14:19:22'
test/T-mAP: 0.12337493151426315
test/T-mAP-weighted: 0.3963966965675354
test/horizon-max-f-score: 0.18280664086341858
test/horizon-max-f-score-weighted: 0.45004802942276
test/horizon-mean-time-step: 0.46011781692504883
test/loss: 2.9851226806640625
test/loss_labels: 2.275743246078491
test/loss_timestamps: 0.7093795537948608
test/mean-predicted-length: 20.505645751953125
test/mean-target-length: 15.583646774291992
test/next-item-accuracy: 0.3747611343860626
test/next-item-mae: 0.7073805332183838
test/next-item-map: 0.08923080563545227
test/next-item-map-weighted: 0.29654794931411743
test/next-item-max-f-score: 0.14126287400722504
test/next-item-max-f-score-weighted: 0.4044884443283081
test/next-item-mean-time-step: 0.919623851776123
test/next-item-rmse: 1.1193292140960693
test/next-k-label-distribution-delta: 8.274375915527344
test/optimal-transport-distance: 13.481317520141602
test/sequence-labels-entropy: 0.7633334994316101
test/target-sequence-labels-entropy: 1.4227653741836548
val/T-mAP: 0.1297435760498047
val/T-mAP-weighted: 0.4003845453262329
val/horizon-max-f-score: 0.18700441718101501
val/horizon-max-f-score-weighted: 0.4483388662338257
val/horizon-mean-time-step: 0.451783150434494
val/loss: 2.920811891555786
val/loss_labels: 2.204221248626709
val/loss_timestamps: 0.7165904641151428
val/mean-predicted-length: 21.017518997192383
val/mean-target-length: 15.263496398925781
val/next-item-accuracy: 0.38909903168678284
val/next-item-mae: 0.7129560708999634
val/next-item-map: 0.09161388128995895
val/next-item-map-weighted: 0.3099184036254883
val/next-item-max-f-score: 0.14654386043548584
val/next-item-max-f-score-weighted: 0.41921329498291016
val/next-item-mean-time-step: 0.9456632733345032
val/next-item-rmse: 1.1349552869796753
val/next-k-label-distribution-delta: 8.100107192993164
val/optimal-transport-distance: 13.378539085388184
val/sequence-labels-entropy: 0.6802736520767212
val/target-sequence-labels-entropy: 1.3858129978179932
