date: '2025-11-25 01:18:13'
test/T-mAP: 0.09263820201158524
test/T-mAP-weighted: 0.28902849555015564
test/horizon-max-f-score: 0.15482144057750702
test/horizon-max-f-score-weighted: 0.3666267395019531
test/horizon-mean-time-step: 0.3807852864265442
test/loss: 2.259655237197876
test/loss_labels: 1.616791009902954
test/loss_timestamps: 0.6428641080856323
test/mean-predicted-length: 23.51146125793457
test/mean-target-length: 15.583646774291992
test/next-item-accuracy: 0.4551353454589844
test/next-item-mae: 0.6419979929924011
test/next-item-map: 0.12622828781604767
test/next-item-map-weighted: 0.3613411784172058
test/next-item-max-f-score: 0.18446575105190277
test/next-item-max-f-score-weighted: 0.4452269673347473
test/next-item-mean-time-step: 0.8773368000984192
test/next-item-rmse: 1.066341519355774
test/next-k-label-distribution-delta: 10.337325096130371
test/optimal-transport-distance: 13.606012344360352
test/sequence-labels-entropy: 0.14040382206439972
test/target-sequence-labels-entropy: 1.4227653741836548
val/T-mAP: 0.09952342510223389
val/T-mAP-weighted: 0.2968703508377075
val/horizon-max-f-score: 0.1559421420097351
val/horizon-max-f-score-weighted: 0.3725605010986328
val/horizon-mean-time-step: 0.3878456950187683
val/loss: 2.225964069366455
val/loss_labels: 1.5687617063522339
val/loss_timestamps: 0.6572021842002869
val/mean-predicted-length: 23.418663024902344
val/mean-target-length: 15.263496398925781
val/next-item-accuracy: 0.4715883731842041
val/next-item-mae: 0.6545617580413818
val/next-item-map: 0.13167007267475128
val/next-item-map-weighted: 0.3773859143257141
val/next-item-max-f-score: 0.1911487579345703
val/next-item-max-f-score-weighted: 0.45981693267822266
val/next-item-mean-time-step: 0.9050350189208984
val/next-item-rmse: 1.0890557765960693
val/next-k-label-distribution-delta: 10.011441230773926
val/optimal-transport-distance: 13.48490047454834
val/sequence-labels-entropy: 0.14080071449279785
val/target-sequence-labels-entropy: 1.3858129978179932
