date: '2025-12-14 16:33:08'
test/T-mAP: 0.11038708686828613
test/T-mAP-weighted: 0.3304479718208313
test/horizon-max-f-score: 0.1716347485780716
test/horizon-max-f-score-weighted: 0.39444881677627563
test/horizon-mean-time-step: 0.4122508466243744
test/loss: 2.4481873512268066
test/loss_labels: 1.7779051065444946
test/loss_timestamps: 0.6702823638916016
test/mean-predicted-length: 22.378721237182617
test/mean-target-length: 15.583646774291992
test/next-item-accuracy: 0.42062100768089294
test/next-item-mae: 0.6684262156486511
test/next-item-map: 0.10839013755321503
test/next-item-map-weighted: 0.32444003224372864
test/next-item-max-f-score: 0.17042316496372223
test/next-item-max-f-score-weighted: 0.4280787408351898
test/next-item-mean-time-step: 0.8973920941352844
test/next-item-rmse: 1.087735652923584
test/next-k-label-distribution-delta: 9.47245979309082
test/optimal-transport-distance: 13.597610473632812
test/sequence-labels-entropy: 0.3945530652999878
test/target-sequence-labels-entropy: 1.4227653741836548
val/T-mAP: 0.11730365455150604
val/T-mAP-weighted: 0.33545157313346863
val/horizon-max-f-score: 0.18172906339168549
val/horizon-max-f-score-weighted: 0.39673665165901184
val/horizon-mean-time-step: 0.41237619519233704
val/loss: 2.405970573425293
val/loss_labels: 1.7220580577850342
val/loss_timestamps: 0.6839123368263245
val/mean-predicted-length: 22.534502029418945
val/mean-target-length: 15.263496398925781
val/next-item-accuracy: 0.43799063563346863
val/next-item-mae: 0.6803123354911804
val/next-item-map: 0.1085638776421547
val/next-item-map-weighted: 0.3390563726425171
val/next-item-max-f-score: 0.16721747815608978
val/next-item-max-f-score-weighted: 0.44220244884490967
val/next-item-mean-time-step: 0.9239223599433899
val/next-item-rmse: 1.1090199947357178
val/next-k-label-distribution-delta: 9.282088279724121
val/optimal-transport-distance: 13.494036674499512
val/sequence-labels-entropy: 0.3524390161037445
val/target-sequence-labels-entropy: 1.3858129978179932
