date: '2026-02-21 16:05:38'
test/T-mAP: 0.12185663729906082
test/T-mAP-weighted: 0.4155222177505493
test/horizon-max-f-score: 0.18484140932559967
test/horizon-max-f-score-weighted: 0.4747043251991272
test/horizon-mean-time-step: 0.5319921970367432
test/loss: 3.425713300704956
test/loss_labels: 2.679797649383545
test/loss_timestamps: 0.7459152340888977
test/mean-predicted-length: 19.193979263305664
test/mean-target-length: 15.583646774291992
test/next-item-accuracy: 0.3474920392036438
test/next-item-mae: 0.7415479421615601
test/next-item-map: 0.08364662528038025
test/next-item-map-weighted: 0.28816962242126465
test/next-item-max-f-score: 0.1399608850479126
test/next-item-max-f-score-weighted: 0.40378400683403015
test/next-item-mean-time-step: 0.9525395631790161
test/next-item-rmse: 1.1602784395217896
test/next-k-label-distribution-delta: 8.085528373718262
test/optimal-transport-distance: 13.63182258605957
test/sequence-labels-entropy: 0.9753186702728271
test/target-sequence-labels-entropy: 1.4227652549743652
val/T-mAP: 0.12648847699165344
val/T-mAP-weighted: 0.4232407808303833
val/horizon-max-f-score: 0.19025158882141113
val/horizon-max-f-score-weighted: 0.47781282663345337
val/horizon-mean-time-step: 0.5323768258094788
val/loss: 3.320521593093872
val/loss_labels: 2.566215991973877
val/loss_timestamps: 0.7543054819107056
val/mean-predicted-length: 19.222023010253906
val/mean-target-length: 15.263496398925781
val/next-item-accuracy: 0.3671751022338867
val/next-item-mae: 0.7486872673034668
val/next-item-map: 0.08464115858078003
val/next-item-map-weighted: 0.30304646492004395
val/next-item-max-f-score: 0.1407487839460373
val/next-item-max-f-score-weighted: 0.4168332517147064
val/next-item-mean-time-step: 0.9752926230430603
val/next-item-rmse: 1.1767712831497192
val/next-k-label-distribution-delta: 7.861994743347168
val/optimal-transport-distance: 13.44011116027832
val/sequence-labels-entropy: 0.9254856109619141
val/target-sequence-labels-entropy: 1.385812759399414
