date: '2025-02-27 14:24:50'
test/T-mAP: 0.03982004523277283
test/T-mAP-weighted: 0.46160805225372314
test/downstream: 0.811
test/downstream-std: 0.005
test/horizon-max-f-score: 0.057893238961696625
test/horizon-max-f-score-weighted: 0.4804399907588959
test/horizon-mean-time-step: 0.17335927486419678
test/loss: 10.140758514404297
test/loss__presence: 0.3192040026187897
test/loss_channel_type: 0.0005177344428375363
test/loss_currency: 0.11865897476673126
test/loss_labels: 2.2692315578460693
test/loss_log_amount: 0.9390373826026917
test/loss_next_item_channel_type: 0.00038413878064602613
test/loss_next_item_currency: 0.07307339459657669
test/loss_next_item_labels: 2.6002488136291504
test/loss_next_item_log_amount: 1.2368547916412354
test/loss_next_item_timestamps: 0.6179541349411011
test/loss_next_item_trx_category: 0.5320510864257812
test/loss_timestamps: 1.063928246498108
test/loss_trx_category: 0.3696134090423584
test/match_cost_mean: -2.6455938816070557
test/match_cost_std: 5.611279487609863
test/max_cost: 36.78255844116211
test/mean-predicted-length: 15.977157592773438
test/mean-target-length: 14.784263610839844
test/next-item-accuracy: 0.3473721742630005
test/next-item-mae: 0.7166277766227722
test/next-item-map: 0.03498966619372368
test/next-item-map-weighted: 0.2952071726322174
test/next-item-max-f-score: 0.06270148605108261
test/next-item-max-f-score-weighted: 0.34164080023765564
test/next-item-mean-time-step: 0.8468631505966187
test/next-item-rmse: 1.3442256450653076
test/next-k-label-distribution-delta: 5.487309455871582
test/optimal-transport-distance: 7.1107282638549805
test/prediction_match_rate: 0.3337495028972626
test/sequence-labels-entropy: 0.6638880372047424
test/target-sequence-labels-entropy: 0.8565773367881775
test/target_match_rate: 1.0
val/T-mAP: 0.044949132949113846
val/T-mAP-weighted: 0.4640262722969055
val/downstream: 0.83
val/downstream-std: 0.023
val/horizon-max-f-score: 0.06299340724945068
val/horizon-max-f-score-weighted: 0.48590198159217834
val/horizon-mean-time-step: 0.17388089001178741
val/loss: 9.92767333984375
val/loss__presence: 0.3308120369911194
val/loss_channel_type: 0.00047801012988202274
val/loss_currency: 0.09715165942907333
val/loss_labels: 2.228137969970703
val/loss_log_amount: 0.9124844670295715
val/loss_next_item_channel_type: 9.451545338379219e-05
val/loss_next_item_currency: 0.05127328261733055
val/loss_next_item_labels: 2.5595626831054688
val/loss_next_item_log_amount: 1.2086762189865112
val/loss_next_item_timestamps: 0.6098752617835999
val/loss_next_item_trx_category: 0.4974207580089569
val/loss_timestamps: 1.0711508989334106
val/loss_trx_category: 0.36055606603622437
val/match_cost_mean: -2.6314949989318848
val/match_cost_std: 5.758683204650879
val/max_cost: 35.83357620239258
val/mean-predicted-length: 17.043689727783203
val/mean-target-length: 15.179611206054688
val/next-item-accuracy: 0.36202484369277954
val/next-item-mae: 0.7006238102912903
val/next-item-map: 0.03068835847079754
val/next-item-map-weighted: 0.3102809488773346
val/next-item-max-f-score: 0.05731042101979256
val/next-item-max-f-score-weighted: 0.35336950421333313
val/next-item-mean-time-step: 0.8081225752830505
val/next-item-rmse: 1.3353968858718872
val/next-k-label-distribution-delta: 5.436893463134766
val/optimal-transport-distance: 7.039844512939453
val/prediction_match_rate: 0.3531934916973114
val/sequence-labels-entropy: 0.6587696075439453
val/target-sequence-labels-entropy: 0.860451877117157
val/target_match_rate: 1.0
