date: '2025-02-27 14:25:30'
test/T-mAP: 0.024614108726382256
test/T-mAP-weighted: 0.2239089161157608
test/downstream: 0.812
test/downstream-std: 0.003
test/horizon-max-f-score: 0.043392613530159
test/horizon-max-f-score-weighted: 0.2903657555580139
test/horizon-mean-time-step: 0.45229411125183105
test/loss: 5.069816589355469
test/loss_channel_type: 0.0004219572292640805
test/loss_currency: 0.07115235924720764
test/loss_labels: 2.612111806869507
test/loss_log_amount: 1.2427445650100708
test/loss_timestamps: 0.6119251251220703
test/loss_trx_category: 0.5314602255821228
test/mean-predicted-length: 16.667512893676758
test/mean-target-length: 14.784263610839844
test/next-item-accuracy: 0.3428349494934082
test/next-item-mae: 0.7150953412055969
test/next-item-map: 0.037737153470516205
test/next-item-map-weighted: 0.2914920151233673
test/next-item-max-f-score: 0.07007104903459549
test/next-item-max-f-score-weighted: 0.3386358916759491
test/next-item-mean-time-step: 0.848278284072876
test/next-item-rmse: 1.3424640893936157
test/next-k-label-distribution-delta: 6.629441261291504
test/optimal-transport-distance: 7.596803665161133
test/sequence-labels-entropy: 0.13888691365718842
test/target-sequence-labels-entropy: 0.8565772175788879
val/T-mAP: 0.026044679805636406
val/T-mAP-weighted: 0.23187345266342163
val/downstream: 0.819
val/downstream-std: 0.009
val/horizon-max-f-score: 0.04149819165468216
val/horizon-max-f-score-weighted: 0.28560224175453186
val/horizon-mean-time-step: 0.43423908948898315
val/loss: 4.922246932983398
val/loss_channel_type: 0.0003390299098100513
val/loss_currency: 0.05100804939866066
val/loss_labels: 2.564954996109009
val/loss_log_amount: 1.2127934694290161
val/loss_timestamps: 0.5940271615982056
val/loss_trx_category: 0.4991243779659271
val/mean-predicted-length: 17.179611206054688
val/mean-target-length: 15.179611206054688
val/next-item-accuracy: 0.36165034770965576
val/next-item-mae: 0.7007309794425964
val/next-item-map: 0.03241162374615669
val/next-item-map-weighted: 0.30836376547813416
val/next-item-max-f-score: 0.06381835788488388
val/next-item-max-f-score-weighted: 0.3529335856437683
val/next-item-mean-time-step: 0.8094730377197266
val/next-item-rmse: 1.3343310356140137
val/next-k-label-distribution-delta: 6.456310749053955
val/optimal-transport-distance: 7.491139888763428
val/sequence-labels-entropy: 0.14312271773815155
val/target-sequence-labels-entropy: 0.8604519367218018
