date: '2025-02-27 15:26:48'
test/T-mAP: 0.03210252895951271
test/T-mAP-weighted: 0.23844757676124573
test/downstream: 0.829
test/downstream-std: 0.006
test/horizon-max-f-score: 0.05199946090579033
test/horizon-max-f-score-weighted: 0.30784326791763306
test/horizon-mean-time-step: 0.4573182761669159
test/loss: 5.02346134185791
test/loss_channel_type: 8.02008798928e-05
test/loss_currency: 0.07560539990663528
test/loss_labels: 2.571861505508423
test/loss_log_amount: 1.2431244850158691
test/loss_timestamps: 0.6111940145492554
test/loss_trx_category: 0.52159583568573
test/mean-predicted-length: 15.939085960388184
test/mean-target-length: 14.784263610839844
test/next-item-accuracy: 0.3460698127746582
test/next-item-mae: 0.7171338796615601
test/next-item-map: 0.03926326707005501
test/next-item-map-weighted: 0.296379417181015
test/next-item-max-f-score: 0.07174616307020187
test/next-item-max-f-score-weighted: 0.3415055274963379
test/next-item-mean-time-step: 0.8474843502044678
test/next-item-rmse: 1.3430918455123901
test/next-k-label-distribution-delta: 6.5076141357421875
test/optimal-transport-distance: 7.530709743499756
test/sequence-labels-entropy: 0.12802843749523163
test/target-sequence-labels-entropy: 0.8565772175788879
val/T-mAP: 0.03083423711359501
val/T-mAP-weighted: 0.24121516942977905
val/downstream: 0.821
val/downstream-std: 0.011
val/horizon-max-f-score: 0.04862228408455849
val/horizon-max-f-score-weighted: 0.3028653860092163
val/horizon-mean-time-step: 0.4388718605041504
val/loss: 4.872920513153076
val/loss_channel_type: 8.903232810553163e-05
val/loss_currency: 0.050137583166360855
val/loss_labels: 2.529576063156128
val/loss_log_amount: 1.2120009660720825
val/loss_timestamps: 0.5930091142654419
val/loss_trx_category: 0.48810720443725586
val/mean-predicted-length: 16.531553268432617
val/mean-target-length: 15.179611206054688
val/next-item-accuracy: 0.36310675740242004
val/next-item-mae: 0.7033161520957947
val/next-item-map: 0.03465309366583824
val/next-item-map-weighted: 0.31378164887428284
val/next-item-max-f-score: 0.0640859305858612
val/next-item-max-f-score-weighted: 0.3564363718032837
val/next-item-mean-time-step: 0.8088793754577637
val/next-item-rmse: 1.335254192352295
val/next-k-label-distribution-delta: 6.252427101135254
val/optimal-transport-distance: 7.322697162628174
val/sequence-labels-entropy: 0.1272989809513092
val/target-sequence-labels-entropy: 0.8604519367218018
