date: '2024-08-05 13:09:51'
test/detection-mAP: 0.07360481470823288
test/horizon-mean-time-step: .nan
test/loss: 2.2643485069274902
test/loss_labels: 2.0161635875701904
test/loss_timestamps: 0.24818499386310577
test/mean-predicted-length: 1.0
test/mean-target-length: 19.20047378540039
test/next-item-accuracy: 0.3493143916130066
test/next-item-mae: 0.2478899508714676
test/next-item-mean-time-step: 0.5165524482727051
test/next-item-rmse: 0.38509950041770935
val/detection-mAP: 0.07616360485553741
val/horizon-mean-time-step: .nan
val/loss: 2.293651580810547
val/loss_labels: 2.040534257888794
val/loss_timestamps: 0.2531174123287201
val/mean-predicted-length: 1.0
val/mean-target-length: 19.335750579833984
val/next-item-accuracy: 0.33831608295440674
val/next-item-mae: 0.2528465688228607
val/next-item-mean-time-step: 0.5110729336738586
val/next-item-rmse: 0.38855570554733276
