date: '2024-08-09 10:33:12'
test/T-mAP: 0.07259450107812881
test/horizon-mean-time-step: .nan
test/loss: 2.23236346244812
test/loss_labels: 1.9911863803863525
test/loss_timestamps: 0.24117711186408997
test/mean-predicted-length: 1.0
test/mean-target-length: 19.20047378540039
test/next-item-accuracy: 0.35777199268341064
test/next-item-mae: 0.24085363745689392
test/next-item-mean-time-step: 0.5193415880203247
test/next-item-rmse: 0.37414219975471497
val/T-mAP: 0.07524746656417847
val/horizon-mean-time-step: .nan
val/loss: 2.2610981464385986
val/loss_labels: 2.016594409942627
val/loss_timestamps: 0.24450388550758362
val/mean-predicted-length: 1.0
val/mean-target-length: 19.335750579833984
val/next-item-accuracy: 0.3475150167942047
val/next-item-mae: 0.2440982609987259
val/next-item-mean-time-step: 0.5141121745109558
val/next-item-rmse: 0.3760741949081421
