date: '2024-06-05 18:57:44'
test/detection-mAP: 0.10674052685499191
test/horizon-mean-time-step: 0.7224640846252441
test/loss: 2.2659759521484375
test/loss_labels: 2.0127644538879395
test/loss_timestamps: 0.2532113492488861
test/mean-predicted-length: 2.0
test/mean-target-length: 19.20047378540039
test/next-item-accuracy: 0.3537808954715729
test/next-item-mae: 0.253753125667572
test/next-item-mean-time-step: 0.5220298171043396
test/next-item-rmse: 0.38870230317115784
val/detection-mAP: 0.11038766801357269
val/horizon-mean-time-step: 0.72273188829422
val/loss: 2.2965636253356934
val/loss_labels: 2.0390708446502686
val/loss_timestamps: 0.25749289989471436
val/mean-predicted-length: 2.0
val/mean-target-length: 19.335750579833984
val/next-item-accuracy: 0.3421745300292969
val/next-item-mae: 0.25772592425346375
val/next-item-mean-time-step: 0.516782283782959
val/next-item-rmse: 0.3904484808444977
