date: '2024-08-09 10:59:44'
test/T-mAP: 0.24455556273460388
test/horizon-mean-time-step: 0.7060863375663757
test/loss: 2.3013107776641846
test/loss_labels: 2.048017978668213
test/loss_timestamps: 0.25329282879829407
test/mean-predicted-length: 11.999452590942383
test/mean-target-length: 19.20047378540039
test/next-item-accuracy: 0.34751275181770325
test/next-item-mae: 0.252953439950943
test/next-item-mean-time-step: 0.5211430191993713
test/next-item-rmse: 0.3814578652381897
test/optimal-transport-distance: 6.769895553588867
val/T-mAP: 0.23767077922821045
val/horizon-mean-time-step: 0.7069176435470581
val/loss: 2.333622932434082
val/loss_labels: 2.076179265975952
val/loss_timestamps: 0.25744372606277466
val/mean-predicted-length: 11.99847412109375
val/mean-target-length: 19.335750579833984
val/next-item-accuracy: 0.3396192789077759
val/next-item-mae: 0.25779959559440613
val/next-item-mean-time-step: 0.515848696231842
val/next-item-rmse: 0.3850294351577759
val/optimal-transport-distance: 6.7701287269592285
