date: '2024-08-09 10:41:54'
test/T-mAP: 0.12934018671512604
test/horizon-mean-time-step: 0.7170525789260864
test/loss: 2.273008346557617
test/loss_labels: 2.0183792114257812
test/loss_timestamps: 0.2546288073062897
test/mean-predicted-length: 3.0
test/mean-target-length: 19.20047378540039
test/next-item-accuracy: 0.3518916964530945
test/next-item-mae: 0.2522919774055481
test/next-item-mean-time-step: 0.5202982425689697
test/next-item-rmse: 0.39110973477363586
val/T-mAP: 0.13091063499450684
val/horizon-mean-time-step: 0.716742992401123
val/loss: 2.304600954055786
val/loss_labels: 2.0457401275634766
val/loss_timestamps: 0.25886067748069763
val/mean-predicted-length: 3.0
val/mean-target-length: 19.335750579833984
val/next-item-accuracy: 0.34112685918807983
val/next-item-mae: 0.2563317120075226
val/next-item-mean-time-step: 0.5150400996208191
val/next-item-rmse: 0.39319270849227905
