date: '2024-06-05 19:13:17'
test/detection-mAP: 0.14760926365852356
test/horizon-mean-time-step: 0.715472400188446
test/loss: 2.276270627975464
test/loss_labels: 2.022371292114258
test/loss_timestamps: 0.25389939546585083
test/mean-predicted-length: 4.0
test/mean-target-length: 19.20047378540039
test/next-item-accuracy: 0.3513161838054657
test/next-item-mae: 0.25202441215515137
test/next-item-mean-time-step: 0.5203086733818054
test/next-item-rmse: 0.38971248269081116
val/detection-mAP: 0.14914999902248383
val/horizon-mean-time-step: 0.7146719098091125
val/loss: 2.307332754135132
val/loss_labels: 2.049387216567993
val/loss_timestamps: 0.2579455077648163
val/mean-predicted-length: 4.0
val/mean-target-length: 19.335750579833984
val/next-item-accuracy: 0.3405136168003082
val/next-item-mae: 0.2561745047569275
val/next-item-mean-time-step: 0.5149996280670166
val/next-item-rmse: 0.39243283867836
