date: '2024-06-05 19:36:16'
test/detection-mAP: 0.24460534751415253
test/horizon-mean-time-step: 0.7060989737510681
test/loss: 2.301319122314453
test/loss_labels: 2.0480315685272217
test/loss_timestamps: 0.2532881796360016
test/mean-predicted-length: 11.999452590942383
test/mean-target-length: 19.20047378540039
test/next-item-accuracy: 0.34755030274391174
test/next-item-mae: 0.2529611885547638
test/next-item-mean-time-step: 0.5211504101753235
test/next-item-rmse: 0.3814142644405365
test/optimal-transport-distance: 6.772680282592773
val/detection-mAP: 0.23766157031059265
val/horizon-mean-time-step: 0.7069132328033447
val/loss: 2.333625316619873
val/loss_labels: 2.0761828422546387
val/loss_timestamps: 0.2574426233768463
val/mean-predicted-length: 11.99847412109375
val/mean-target-length: 19.335750579833984
val/next-item-accuracy: 0.339568167924881
val/next-item-mae: 0.25783035159111023
val/next-item-mean-time-step: 0.5158528685569763
val/next-item-rmse: 0.3849923014640808
val/optimal-transport-distance: 6.771736145019531
