date: '2024-06-05 19:21:12'
test/detection-mAP: 0.16312511265277863
test/horizon-mean-time-step: 0.7152645587921143
test/loss: 2.263817548751831
test/loss_labels: 2.014119863510132
test/loss_timestamps: 0.24969731271266937
test/mean-predicted-length: 5.0
test/mean-target-length: 19.20047378540039
test/next-item-accuracy: 0.3524547219276428
test/next-item-mae: 0.24735623598098755
test/next-item-mean-time-step: 0.5184358358383179
test/next-item-rmse: 0.3861243426799774
test/optimal-transport-distance: 6.683449745178223
val/detection-mAP: 0.16384214162826538
val/horizon-mean-time-step: 0.7144607305526733
val/loss: 2.294903516769409
val/loss_labels: 2.041020154953003
val/loss_timestamps: 0.25388339161872864
val/mean-predicted-length: 5.0
val/mean-target-length: 19.335750579833984
val/next-item-accuracy: 0.3407435715198517
val/next-item-mae: 0.25146031379699707
val/next-item-mean-time-step: 0.5131514668464661
val/next-item-rmse: 0.3888475298881531
val/optimal-transport-distance: 6.757372856140137
