date: '2024-08-09 10:55:11'
test/T-mAP: 0.20789898931980133
test/horizon-mean-time-step: 0.714454174041748
test/loss: 2.2729358673095703
test/loss_labels: 2.023688316345215
test/loss_timestamps: 0.24924756586551666
test/mean-predicted-length: 8.0
test/mean-target-length: 19.20047378540039
test/next-item-accuracy: 0.3528175354003906
test/next-item-mae: 0.2469143122434616
test/next-item-mean-time-step: 0.5176819562911987
test/next-item-rmse: 0.38875818252563477
test/optimal-transport-distance: 6.70168399810791
val/T-mAP: 0.2046692818403244
val/horizon-mean-time-step: 0.7150712013244629
val/loss: 2.30540132522583
val/loss_labels: 2.0518124103546143
val/loss_timestamps: 0.25358912348747253
val/mean-predicted-length: 8.0
val/mean-target-length: 19.335750579833984
val/next-item-accuracy: 0.33995145559310913
val/next-item-mae: 0.25146353244781494
val/next-item-mean-time-step: 0.5122109651565552
val/next-item-rmse: 0.39223918318748474
val/optimal-transport-distance: 6.7540082931518555
