date: '2024-08-05 13:12:55'
test/detection-mAP: 0.128190815448761
test/horizon-mean-time-step: 0.716839611530304
test/loss: 2.258542776107788
test/loss_labels: 2.0109951496124268
test/loss_timestamps: 0.2475474625825882
test/mean-predicted-length: 3.0
test/mean-target-length: 19.20047378540039
test/next-item-accuracy: 0.35050293803215027
test/next-item-mae: 0.24590766429901123
test/next-item-mean-time-step: 0.5165114402770996
test/next-item-rmse: 0.3895013630390167
val/detection-mAP: 0.13131843507289886
val/horizon-mean-time-step: 0.7168645262718201
val/loss: 2.2897229194641113
val/loss_labels: 2.0372238159179688
val/loss_timestamps: 0.2524988353252411
val/mean-predicted-length: 3.0
val/mean-target-length: 19.335750579833984
val/next-item-accuracy: 0.33933818340301514
val/next-item-mae: 0.25087520480155945
val/next-item-mean-time-step: 0.5110443830490112
val/next-item-rmse: 0.393230140209198
