date: '2024-08-09 11:04:27'
test/T-mAP: 0.22653250396251678
test/horizon-mean-time-step: 0.7153291702270508
test/loss: 2.304736375808716
test/loss_labels: 2.0549206733703613
test/loss_timestamps: 0.24981579184532166
test/mean-predicted-length: 13.538854598999023
test/mean-target-length: 19.20047378540039
test/next-item-accuracy: 0.34772545099258423
test/next-item-mae: 0.2524050772190094
test/next-item-mean-time-step: 0.5212787389755249
test/next-item-rmse: 0.38909509778022766
test/optimal-transport-distance: 6.741645812988281
val/T-mAP: 0.22152815759181976
val/horizon-mean-time-step: 0.7159978151321411
val/loss: 2.336477518081665
val/loss_labels: 2.083172082901001
val/loss_timestamps: 0.2533051371574402
val/mean-predicted-length: 13.525371551513672
val/mean-target-length: 19.335750579833984
val/next-item-accuracy: 0.3375750482082367
val/next-item-mae: 0.2571578919887543
val/next-item-mean-time-step: 0.5159253478050232
val/next-item-rmse: 0.3930084705352783
val/optimal-transport-distance: 6.78187894821167
