date: '2024-08-05 13:51:40'
test/detection-mAP: 0.23690356314182281
test/horizon-mean-time-step: 0.7246856689453125
test/loss: 2.273284673690796
test/loss_labels: 2.027245283126831
test/loss_timestamps: 0.24603921175003052
test/mean-predicted-length: 12.0
test/mean-target-length: 19.20047378540039
test/next-item-accuracy: 0.34947702288627625
test/next-item-mae: 0.24548602104187012
test/next-item-mean-time-step: 0.5161093473434448
test/next-item-rmse: 0.3943830132484436
test/optimal-transport-distance: 6.719028472900391
val/detection-mAP: 0.2312372326850891
val/horizon-mean-time-step: 0.7251006960868835
val/loss: 2.3077409267425537
val/loss_labels: 2.0572054386138916
val/loss_timestamps: 0.25053539872169495
val/mean-predicted-length: 12.0
val/mean-target-length: 19.335750579833984
val/next-item-accuracy: 0.33979812264442444
val/next-item-mae: 0.25044307112693787
val/next-item-mean-time-step: 0.5106808543205261
val/next-item-rmse: 0.3980497717857361
val/optimal-transport-distance: 6.738506317138672
