date: '2024-08-09 10:50:53'
test/T-mAP: 0.16313821077346802
test/horizon-mean-time-step: 0.7155855894088745
test/loss: 2.263749361038208
test/loss_labels: 2.014037847518921
test/loss_timestamps: 0.24971143901348114
test/mean-predicted-length: 5.0
test/mean-target-length: 19.20047378540039
test/next-item-accuracy: 0.3525923192501068
test/next-item-mae: 0.24738876521587372
test/next-item-mean-time-step: 0.5184919834136963
test/next-item-rmse: 0.38667571544647217
test/optimal-transport-distance: 6.683444976806641
val/T-mAP: 0.16406480967998505
val/horizon-mean-time-step: 0.7147764563560486
val/loss: 2.2949090003967285
val/loss_labels: 2.0410139560699463
val/loss_timestamps: 0.25389477610588074
val/mean-predicted-length: 5.0
val/mean-target-length: 19.335750579833984
val/next-item-accuracy: 0.3405136168003082
val/next-item-mae: 0.25148147344589233
val/next-item-mean-time-step: 0.5131993889808655
val/next-item-rmse: 0.38938388228416443
val/optimal-transport-distance: 6.758794784545898
