date: '2024-08-05 13:50:04'
test/detection-mAP: 0.20464982092380524
test/horizon-mean-time-step: 0.719174861907959
test/loss: 2.2721335887908936
test/loss_labels: 2.024327039718628
test/loss_timestamps: 0.24780625104904175
test/mean-predicted-length: 8.0
test/mean-target-length: 19.20047378540039
test/next-item-accuracy: 0.34875136613845825
test/next-item-mae: 0.24587081372737885
test/next-item-mean-time-step: 0.5163660645484924
test/next-item-rmse: 0.3909517526626587
test/optimal-transport-distance: 6.726011753082275
val/detection-mAP: 0.2036413848400116
val/horizon-mean-time-step: 0.7191166281700134
val/loss: 2.3049750328063965
val/loss_labels: 2.0527255535125732
val/loss_timestamps: 0.25224968791007996
val/mean-predicted-length: 8.0
val/mean-target-length: 19.335750579833984
val/next-item-accuracy: 0.33795833587646484
val/next-item-mae: 0.25078558921813965
val/next-item-mean-time-step: 0.5109206438064575
val/next-item-rmse: 0.3945358693599701
val/optimal-transport-distance: 6.744479656219482
