date: '2024-06-05 19:43:43'
test/detection-mAP: 0.22652412950992584
test/horizon-mean-time-step: 0.7153974771499634
test/loss: 2.3046858310699463
test/loss_labels: 2.0548787117004395
test/loss_timestamps: 0.2498069405555725
test/mean-predicted-length: 13.539766311645508
test/mean-target-length: 19.20047378540039
test/next-item-accuracy: 0.3478255569934845
test/next-item-mae: 0.25244203209877014
test/next-item-mean-time-step: 0.521271288394928
test/next-item-rmse: 0.3895586431026459
test/optimal-transport-distance: 6.740728378295898
val/detection-mAP: 0.22152942419052124
val/horizon-mean-time-step: 0.7160679697990417
val/loss: 2.336449384689331
val/loss_labels: 2.0831565856933594
val/loss_timestamps: 0.253292441368103
val/mean-predicted-length: 13.52346420288086
val/mean-target-length: 19.335750579833984
val/next-item-accuracy: 0.33754950761795044
val/next-item-mae: 0.25719210505485535
val/next-item-mean-time-step: 0.5159128308296204
val/next-item-rmse: 0.39343956112861633
val/optimal-transport-distance: 6.780747890472412
