date: '2024-08-09 10:37:39'
test/T-mAP: 0.10678562521934509
test/horizon-mean-time-step: 0.7230410575866699
test/loss: 2.265929937362671
test/loss_labels: 2.0127816200256348
test/loss_timestamps: 0.2531481087207794
test/mean-predicted-length: 2.0
test/mean-target-length: 19.20047378540039
test/next-item-accuracy: 0.3537934124469757
test/next-item-mae: 0.253641813993454
test/next-item-mean-time-step: 0.5220642685890198
test/next-item-rmse: 0.38887909054756165
val/T-mAP: 0.11037666350603104
val/horizon-mean-time-step: 0.7233498692512512
val/loss: 2.296506404876709
val/loss_labels: 2.039062023162842
val/loss_timestamps: 0.2574443519115448
val/mean-predicted-length: 2.0
val/mean-target-length: 19.335750579833984
val/next-item-accuracy: 0.34189343452453613
val/next-item-mae: 0.2576211988925934
val/next-item-mean-time-step: 0.5168185234069824
val/next-item-rmse: 0.3906484842300415
