date: '2024-06-05 19:05:38'
test/detection-mAP: 0.1293344348669052
test/horizon-mean-time-step: 0.7182906866073608
test/loss: 2.2730929851531982
test/loss_labels: 2.0184600353240967
test/loss_timestamps: 0.25463297963142395
test/mean-predicted-length: 3.0
test/mean-target-length: 19.20047378540039
test/next-item-accuracy: 0.3519417345523834
test/next-item-mae: 0.25224512815475464
test/next-item-mean-time-step: 0.520291805267334
test/next-item-rmse: 0.3914494514465332
val/detection-mAP: 0.13096730411052704
val/horizon-mean-time-step: 0.7179584503173828
val/loss: 2.304753065109253
val/loss_labels: 2.045866012573242
val/loss_timestamps: 0.2588875889778137
val/mean-predicted-length: 3.0
val/mean-target-length: 19.335750579833984
val/next-item-accuracy: 0.34148460626602173
val/next-item-mae: 0.2562873661518097
val/next-item-mean-time-step: 0.5150293707847595
val/next-item-rmse: 0.3935471475124359
