date: '2024-08-09 10:46:26'
test/T-mAP: 0.1475944072008133
test/horizon-mean-time-step: 0.714966356754303
test/loss: 2.2761802673339844
test/loss_labels: 2.0223402976989746
test/loss_timestamps: 0.2538398802280426
test/mean-predicted-length: 4.0
test/mean-target-length: 19.20047378540039
test/next-item-accuracy: 0.3513161838054657
test/next-item-mae: 0.2519305348396301
test/next-item-mean-time-step: 0.5203094482421875
test/next-item-rmse: 0.3894253373146057
val/T-mAP: 0.14897924661636353
val/horizon-mean-time-step: 0.714156985282898
val/loss: 2.3072757720947266
val/loss_labels: 2.0493855476379395
val/loss_timestamps: 0.25789082050323486
val/mean-predicted-length: 4.0
val/mean-target-length: 19.335750579833984
val/next-item-accuracy: 0.34066691994667053
val/next-item-mae: 0.25607970356941223
val/next-item-mean-time-step: 0.515001654624939
val/next-item-rmse: 0.3921390771865845
