date: '2024-08-05 13:14:40'
test/detection-mAP: 0.14565154910087585
test/horizon-mean-time-step: 0.7200440764427185
test/loss: 2.2557263374328613
test/loss_labels: 2.0083539485931396
test/loss_timestamps: 0.24737174808979034
test/mean-predicted-length: 4.0
test/mean-target-length: 19.20047378540039
test/next-item-accuracy: 0.3496396839618683
test/next-item-mae: 0.24537542462348938
test/next-item-mean-time-step: 0.516122043132782
test/next-item-rmse: 0.39216482639312744
val/detection-mAP: 0.14774499833583832
val/horizon-mean-time-step: 0.7205336093902588
val/loss: 2.287780523300171
val/loss_labels: 2.035701036453247
val/loss_timestamps: 0.2520795166492462
val/mean-predicted-length: 4.0
val/mean-target-length: 19.335750579833984
val/next-item-accuracy: 0.33995145559310913
val/next-item-mae: 0.2502520680427551
val/next-item-mean-time-step: 0.510705292224884
val/next-item-rmse: 0.3958870470523834
