date: '2024-06-05 19:59:04'
test/detection-mAP: 0.09247741848230362
test/horizon-mean-time-step: 0.5330744385719299
test/loss: 2.31531023979187
test/loss_labels: 1.9970276355743408
test/loss_timestamps: 0.3182823359966278
test/mean-predicted-length: 2.0
test/mean-target-length: 19.20047378540039
test/next-item-accuracy: 0.3578720986843109
test/next-item-mae: 0.29132574796676636
test/next-item-mean-time-step: 0.5285068154335022
test/next-item-rmse: 0.3382062017917633
test/timestamps-bias-mean: 0.6595090627670288
test/timestamps-current_influence: -0.00039432570338249207
val/detection-mAP: 0.09535697102546692
val/horizon-mean-time-step: 0.5326791405677795
val/loss: 2.327033758163452
val/loss_labels: 2.0225303173065186
val/loss_timestamps: 0.3045034408569336
val/mean-predicted-length: 2.0
val/mean-target-length: 19.335750579833984
val/next-item-accuracy: 0.3470550775527954
val/next-item-mae: 0.292877733707428
val/next-item-mean-time-step: 0.5231986045837402
val/next-item-rmse: 0.33935466408729553
val/timestamps-bias-mean: 0.667598307132721
val/timestamps-current_influence: -0.0003943257324863225
