date: '2024-08-09 11:13:42'
test/T-mAP: 0.0917975902557373
test/horizon-mean-time-step: 0.5362849235534668
test/loss: 2.33239483833313
test/loss_labels: 2.0112199783325195
test/loss_timestamps: 0.3211749196052551
test/mean-predicted-length: 2.0
test/mean-target-length: 19.20047378540039
test/next-item-accuracy: 0.3532429039478302
test/next-item-mae: 0.2968955338001251
test/next-item-mean-time-step: 0.528728723526001
test/next-item-rmse: 0.34071364998817444
test/timestamps-bias-mean: 0.6599938273429871
test/timestamps-current_influence: -0.0010079373605549335
val/T-mAP: 0.09426489472389221
val/horizon-mean-time-step: 0.5350602865219116
val/loss: 2.3444652557373047
val/loss_labels: 2.0368638038635254
val/loss_timestamps: 0.3076013922691345
val/mean-predicted-length: 2.0
val/mean-target-length: 19.335750579833984
val/next-item-accuracy: 0.3415612578392029
val/next-item-mae: 0.29882898926734924
val/next-item-mean-time-step: 0.523666501045227
val/next-item-rmse: 0.3416447639465332
val/timestamps-bias-mean: 0.6674304008483887
val/timestamps-current_influence: -0.001007937709800899
