date: '2024-06-05 20:04:51'
test/detection-mAP: 0.12173090875148773
test/horizon-mean-time-step: 0.532608151435852
test/loss: 2.3290157318115234
test/loss_labels: 2.010580062866211
test/loss_timestamps: 0.3184356093406677
test/mean-predicted-length: 5.0
test/mean-target-length: 19.20047378540039
test/next-item-accuracy: 0.355945348739624
test/next-item-mae: 0.29528045654296875
test/next-item-mean-time-step: 0.5285702347755432
test/next-item-rmse: 0.3385186493396759
test/optimal-transport-distance: 6.839054107666016
test/timestamps-bias-mean: 0.6668024659156799
test/timestamps-current_influence: -0.0003707750583998859
val/detection-mAP: 0.1218002662062645
val/horizon-mean-time-step: 0.5356643795967102
val/loss: 2.341618776321411
val/loss_labels: 2.0367519855499268
val/loss_timestamps: 0.30486705899238586
val/mean-predicted-length: 5.0
val/mean-target-length: 19.335750579833984
val/next-item-accuracy: 0.3428388833999634
val/next-item-mae: 0.2962634265422821
val/next-item-mean-time-step: 0.5232785940170288
val/next-item-rmse: 0.3393588066101074
val/optimal-transport-distance: 6.915043354034424
val/timestamps-bias-mean: 0.673395574092865
val/timestamps-current_influence: -0.0003707749128807336
