date: '2024-06-05 20:02:56'
test/detection-mAP: 0.11417879164218903
test/horizon-mean-time-step: 0.5366947650909424
test/loss: 2.328767776489258
test/loss_labels: 2.0095181465148926
test/loss_timestamps: 0.31925034523010254
test/mean-predicted-length: 4.0
test/mean-target-length: 19.20047378540039
test/next-item-accuracy: 0.35381844639778137
test/next-item-mae: 0.29896974563598633
test/next-item-mean-time-step: 0.5281082391738892
test/next-item-rmse: 0.33906641602516174
test/timestamps-bias-mean: 0.6615680456161499
test/timestamps-current_influence: -0.00010527921403991058
val/detection-mAP: 0.11541500687599182
val/horizon-mean-time-step: 0.5384973883628845
val/loss: 2.3418772220611572
val/loss_labels: 2.0366618633270264
val/loss_timestamps: 0.3052152395248413
val/mean-predicted-length: 4.0
val/mean-target-length: 19.335750579833984
val/next-item-accuracy: 0.342430055141449
val/next-item-mae: 0.30009233951568604
val/next-item-mean-time-step: 0.5227895379066467
val/next-item-rmse: 0.3394375741481781
val/timestamps-bias-mean: 0.6703336834907532
val/timestamps-current_influence: -0.00010527919221203774
