date: '2024-08-09 11:40:08'
test/T-mAP: 0.18876834213733673
test/horizon-mean-time-step: 0.5310007929801941
test/loss: 2.3850011825561523
test/loss_labels: 2.0499885082244873
test/loss_timestamps: 0.33501264452934265
test/mean-predicted-length: 15.779642105102539
test/mean-target-length: 19.20047378540039
test/next-item-accuracy: 0.3484135866165161
test/next-item-mae: 0.3005848824977875
test/next-item-mean-time-step: 0.5296921730041504
test/next-item-rmse: 0.34140363335609436
test/optimal-transport-distance: 6.8792924880981445
test/timestamps-bias-mean: 0.6664363145828247
test/timestamps-current_influence: -0.0006754939095117152
val/T-mAP: 0.18471531569957733
val/horizon-mean-time-step: 0.5325202941894531
val/loss: 2.402937412261963
val/loss_labels: 2.077979803085327
val/loss_timestamps: 0.3249577581882477
val/mean-predicted-length: 15.780617713928223
val/mean-target-length: 19.335750579833984
val/next-item-accuracy: 0.338954895734787
val/next-item-mae: 0.3007703721523285
val/next-item-mean-time-step: 0.5242398977279663
val/next-item-rmse: 0.3410082161426544
val/optimal-transport-distance: 6.910884380340576
val/timestamps-bias-mean: 0.6674763560295105
val/timestamps-current_influence: -0.0006754939677193761
