date: '2024-08-05 13:56:45'
test/detection-mAP: 0.09132802486419678
test/horizon-mean-time-step: 0.5390053391456604
test/loss: 2.313325881958008
test/loss_labels: 1.9951502084732056
test/loss_timestamps: 0.3181755840778351
test/mean-predicted-length: 2.0
test/mean-target-length: 19.20047378540039
test/next-item-accuracy: 0.35624560713768005
test/next-item-mae: 0.29241248965263367
test/next-item-mean-time-step: 0.5285091400146484
test/next-item-rmse: 0.3381078839302063
test/timestamps-bias-mean: 0.6617530584335327
test/timestamps-current_influence: -0.00011449028534116223
val/detection-mAP: 0.09451039135456085
val/horizon-mean-time-step: 0.540019154548645
val/loss: 2.3243489265441895
val/loss_labels: 2.0204339027404785
val/loss_timestamps: 0.3039151132106781
val/mean-predicted-length: 2.0
val/mean-target-length: 19.335750579833984
val/next-item-accuracy: 0.345113068819046
val/next-item-mae: 0.2930862307548523
val/next-item-mean-time-step: 0.5227844715118408
val/next-item-rmse: 0.33812737464904785
val/timestamps-bias-mean: 0.6687774062156677
val/timestamps-current_influence: -0.00011449027806520462
