date: '2024-08-05 14:04:56'
test/detection-mAP: 0.17254838347434998
test/horizon-mean-time-step: 0.5448641777038574
test/loss: 2.3529324531555176
test/loss_labels: 2.027522087097168
test/loss_timestamps: 0.32541000843048096
test/mean-predicted-length: 11.998358726501465
test/mean-target-length: 19.20047378540039
test/next-item-accuracy: 0.35050293803215027
test/next-item-mae: 0.29424431920051575
test/next-item-mean-time-step: 0.5294374227523804
test/next-item-rmse: 0.3388362526893616
test/optimal-transport-distance: 6.896151542663574
test/timestamps-bias-mean: 0.6491926312446594
test/timestamps-current_influence: -0.0001739454601192847
val/detection-mAP: 0.16948992013931274
val/horizon-mean-time-step: 0.5483660697937012
val/loss: 2.3706698417663574
val/loss_labels: 2.057661533355713
val/loss_timestamps: 0.3130083978176117
val/mean-predicted-length: 11.999618530273438
val/mean-target-length: 19.335750579833984
val/next-item-accuracy: 0.34015586972236633
val/next-item-mae: 0.2949337959289551
val/next-item-mean-time-step: 0.5241289138793945
val/next-item-rmse: 0.33975380659103394
val/optimal-transport-distance: 6.946138381958008
val/timestamps-bias-mean: 0.6517214775085449
val/timestamps-current_influence: -0.0001739454601192847
