date: '2024-08-05 14:01:44'
test/detection-mAP: 0.11850963532924652
test/horizon-mean-time-step: 0.5340087413787842
test/loss: 2.3270623683929443
test/loss_labels: 2.0092415809631348
test/loss_timestamps: 0.31782078742980957
test/mean-predicted-length: 5.0
test/mean-target-length: 19.20047378540039
test/next-item-accuracy: 0.3523295819759369
test/next-item-mae: 0.2973955571651459
test/next-item-mean-time-step: 0.5283107161521912
test/next-item-rmse: 0.3373469412326813
test/optimal-transport-distance: 6.9008002281188965
test/timestamps-bias-mean: 0.6712721586227417
test/timestamps-current_influence: -1.4253388144425116e-05
val/detection-mAP: 0.11925266683101654
val/horizon-mean-time-step: 0.5383725166320801
val/loss: 2.3414535522460938
val/loss_labels: 2.037261962890625
val/loss_timestamps: 0.3041914999485016
val/mean-predicted-length: 5.0
val/mean-target-length: 19.335750579833984
val/next-item-accuracy: 0.3412801921367645
val/next-item-mae: 0.298263818025589
val/next-item-mean-time-step: 0.5227322578430176
val/next-item-rmse: 0.3381144106388092
val/optimal-transport-distance: 6.9226975440979
val/timestamps-bias-mean: 0.6761910915374756
val/timestamps-current_influence: -1.4253386325435713e-05
