date: '2024-08-09 11:30:59'
test/T-mAP: 0.14717140793800354
test/horizon-mean-time-step: 0.5393526554107666
test/loss: 2.3438258171081543
test/loss_labels: 2.0226316452026367
test/loss_timestamps: 0.3211940824985504
test/mean-predicted-length: 8.0
test/mean-target-length: 19.20047378540039
test/next-item-accuracy: 0.35325542092323303
test/next-item-mae: 0.2951732277870178
test/next-item-mean-time-step: 0.529588520526886
test/next-item-rmse: 0.3394875228404999
test/optimal-transport-distance: 6.846222400665283
test/timestamps-bias-mean: 0.6568938493728638
test/timestamps-current_influence: -0.0009509828523732722
val/T-mAP: 0.14514444768428802
val/horizon-mean-time-step: 0.540177583694458
val/loss: 2.359635353088379
val/loss_labels: 2.0512990951538086
val/loss_timestamps: 0.30833595991134644
val/mean-predicted-length: 8.0
val/mean-target-length: 19.335750579833984
val/next-item-accuracy: 0.34299221634864807
val/next-item-mae: 0.29632726311683655
val/next-item-mean-time-step: 0.524049699306488
val/next-item-rmse: 0.33992359042167664
val/optimal-transport-distance: 6.89247465133667
val/timestamps-bias-mean: 0.6640167832374573
val/timestamps-current_influence: -0.000950982968788594
