date: '2024-06-05 20:06:37'
test/detection-mAP: 0.14873331785202026
test/horizon-mean-time-step: 0.5459641218185425
test/loss: 2.3437998294830322
test/loss_labels: 2.0223639011383057
test/loss_timestamps: 0.3214357793331146
test/mean-predicted-length: 8.0
test/mean-target-length: 19.20047378540039
test/next-item-accuracy: 0.3529176115989685
test/next-item-mae: 0.2931888997554779
test/next-item-mean-time-step: 0.5294027924537659
test/next-item-rmse: 0.3402878940105438
test/optimal-transport-distance: 6.849456310272217
test/timestamps-bias-mean: 0.6454909443855286
test/timestamps-current_influence: -0.0001395684521412477
val/detection-mAP: 0.14715592563152313
val/horizon-mean-time-step: 0.5472015142440796
val/loss: 2.359724998474121
val/loss_labels: 2.0510191917419434
val/loss_timestamps: 0.308706670999527
val/mean-predicted-length: 8.0
val/mean-target-length: 19.335750579833984
val/next-item-accuracy: 0.3425833582878113
val/next-item-mae: 0.29459404945373535
val/next-item-mean-time-step: 0.5239706635475159
val/next-item-rmse: 0.3410058319568634
val/optimal-transport-distance: 6.879704475402832
val/timestamps-bias-mean: 0.6523479223251343
val/timestamps-current_influence: -0.00013956842303741723
