date: '2024-06-05 20:10:49'
test/detection-mAP: 0.18526354432106018
test/horizon-mean-time-step: 0.5164443254470825
test/loss: 2.3855578899383545
test/loss_labels: 2.0501859188079834
test/loss_timestamps: 0.3353714942932129
test/mean-predicted-length: 15.824881553649902
test/mean-target-length: 19.20047378540039
test/next-item-accuracy: 0.3492518365383148
test/next-item-mae: 0.29916706681251526
test/next-item-mean-time-step: 0.5296304821968079
test/next-item-rmse: 0.3407016098499298
test/optimal-transport-distance: 6.883087635040283
test/timestamps-bias-mean: 0.6915352940559387
test/timestamps-current_influence: -0.0003074676787946373
val/detection-mAP: 0.18167969584465027
val/horizon-mean-time-step: 0.5189018845558167
val/loss: 2.403463840484619
val/loss_labels: 2.078458786010742
val/loss_timestamps: 0.32500529289245605
val/mean-predicted-length: 15.833270072937012
val/mean-target-length: 19.335750579833984
val/next-item-accuracy: 0.3397214710712433
val/next-item-mae: 0.29884615540504456
val/next-item-mean-time-step: 0.5242385268211365
val/next-item-rmse: 0.34109029173851013
val/optimal-transport-distance: 6.9133195877075195
val/timestamps-bias-mean: 0.6918243765830994
val/timestamps-current_influence: -0.00030746753327548504
