date: '2024-06-05 20:01:00'
test/detection-mAP: 0.10494216531515121
test/horizon-mean-time-step: 0.540307879447937
test/loss: 2.3202035427093506
test/loss_labels: 2.0021212100982666
test/loss_timestamps: 0.31808236241340637
test/mean-predicted-length: 3.0
test/mean-target-length: 19.20047378540039
test/next-item-accuracy: 0.3555324673652649
test/next-item-mae: 0.29309746623039246
test/next-item-mean-time-step: 0.5277133584022522
test/next-item-rmse: 0.3382203280925751
test/timestamps-bias-mean: 0.6596047282218933
test/timestamps-current_influence: -0.00028242674306966364
val/detection-mAP: 0.10765079408884048
val/horizon-mean-time-step: 0.5429151654243469
val/loss: 2.3332455158233643
val/loss_labels: 2.0291588306427
val/loss_timestamps: 0.3040868043899536
val/mean-predicted-length: 3.0
val/mean-target-length: 19.335750579833984
val/next-item-accuracy: 0.3460840582847595
val/next-item-mae: 0.29418304562568665
val/next-item-mean-time-step: 0.522343635559082
val/next-item-rmse: 0.3391348719596863
val/timestamps-bias-mean: 0.6670529842376709
val/timestamps-current_influence: -0.0002824266266543418
