date: '2024-06-05 20:08:33'
test/detection-mAP: 0.18298578262329102
test/horizon-mean-time-step: 0.5388640761375427
test/loss: 2.3702077865600586
test/loss_labels: 2.042433977127075
test/loss_timestamps: 0.32777366042137146
test/mean-predicted-length: 12.0
test/mean-target-length: 19.20047378540039
test/next-item-accuracy: 0.35096585750579834
test/next-item-mae: 0.295116126537323
test/next-item-mean-time-step: 0.530009925365448
test/next-item-rmse: 0.34197747707366943
test/optimal-transport-distance: 6.858715057373047
test/timestamps-bias-mean: 0.6513399481773376
test/timestamps-current_influence: -0.00026525009889155626
val/detection-mAP: 0.18104837834835052
val/horizon-mean-time-step: 0.542121171951294
val/loss: 2.3870983123779297
val/loss_labels: 2.07121205329895
val/loss_timestamps: 0.3158859312534332
val/mean-predicted-length: 12.0
val/mean-target-length: 19.335750579833984
val/next-item-accuracy: 0.3388527035713196
val/next-item-mae: 0.2960963845252991
val/next-item-mean-time-step: 0.5246366858482361
val/next-item-rmse: 0.34238770604133606
val/optimal-transport-distance: 6.911856651306152
val/timestamps-bias-mean: 0.6544386148452759
val/timestamps-current_influence: -0.0002652501570992172
