date: '2024-08-09 11:22:11'
test/T-mAP: 0.11203083395957947
test/horizon-mean-time-step: 0.5326312184333801
test/loss: 2.324939012527466
test/loss_labels: 2.006781578063965
test/loss_timestamps: 0.3181576728820801
test/mean-predicted-length: 4.0
test/mean-target-length: 19.20047378540039
test/next-item-accuracy: 0.3554198741912842
test/next-item-mae: 0.30146920680999756
test/next-item-mean-time-step: 0.5267412066459656
test/next-item-rmse: 0.3377821743488312
test/timestamps-bias-mean: 0.675216019153595
test/timestamps-current_influence: -3.3445016015321016e-05
val/T-mAP: 0.11443685740232468
val/horizon-mean-time-step: 0.53661048412323
val/loss: 2.3374104499816895
val/loss_labels: 2.0333032608032227
val/loss_timestamps: 0.3041076362133026
val/mean-predicted-length: 4.0
val/mean-target-length: 19.335750579833984
val/next-item-accuracy: 0.34350326657295227
val/next-item-mae: 0.3026767671108246
val/next-item-mean-time-step: 0.5216396450996399
val/next-item-rmse: 0.33855706453323364
val/timestamps-bias-mean: 0.6821544766426086
val/timestamps-current_influence: -3.3445019653299823e-05
