date: '2024-08-05 14:06:31'
test/detection-mAP: 0.17786797881126404
test/horizon-mean-time-step: 0.540565013885498
test/loss: 2.37087082862854
test/loss_labels: 2.037783145904541
test/loss_timestamps: 0.3330875039100647
test/mean-predicted-length: 15.715250015258789
test/mean-target-length: 19.20047378540039
test/next-item-accuracy: 0.3467746078968048
test/next-item-mae: 0.301820307970047
test/next-item-mean-time-step: 0.5290212035179138
test/next-item-rmse: 0.3387312591075897
test/optimal-transport-distance: 6.908929824829102
test/timestamps-bias-mean: 0.6528593301773071
test/timestamps-current_influence: -0.00037588359555229545
val/detection-mAP: 0.1735554039478302
val/horizon-mean-time-step: 0.5430787801742554
val/loss: 2.3889811038970947
val/loss_labels: 2.065938949584961
val/loss_timestamps: 0.3230421543121338
val/mean-predicted-length: 15.696681022644043
val/mean-target-length: 19.335750579833984
val/next-item-accuracy: 0.33826497197151184
val/next-item-mae: 0.3025033473968506
val/next-item-mean-time-step: 0.5238744616508484
val/next-item-rmse: 0.3392803966999054
val/optimal-transport-distance: 6.968265056610107
val/timestamps-bias-mean: 0.6527870893478394
val/timestamps-current_influence: -0.00037588359555229545
