date: '2024-08-09 11:17:52'
test/T-mAP: 0.10456446558237076
test/horizon-mean-time-step: 0.5397315621376038
test/loss: 2.3367278575897217
test/loss_labels: 2.015718936920166
test/loss_timestamps: 0.3210086226463318
test/mean-predicted-length: 3.0
test/mean-target-length: 19.20047378540039
test/next-item-accuracy: 0.3519042134284973
test/next-item-mae: 0.2980461120605469
test/next-item-mean-time-step: 0.5283715724945068
test/next-item-rmse: 0.3399965465068817
test/timestamps-bias-mean: 0.6715143918991089
test/timestamps-current_influence: -0.00014484721759799868
val/T-mAP: 0.10694203525781631
val/horizon-mean-time-step: 0.5409671664237976
val/loss: 2.3503479957580566
val/loss_labels: 2.043088912963867
val/loss_timestamps: 0.3072587251663208
val/mean-predicted-length: 3.0
val/mean-target-length: 19.335750579833984
val/next-item-accuracy: 0.3423022925853729
val/next-item-mae: 0.30003491044044495
val/next-item-mean-time-step: 0.523032009601593
val/next-item-rmse: 0.3409014344215393
val/timestamps-bias-mean: 0.6826428771018982
val/timestamps-current_influence: -0.0001448472321499139
