date: '2024-08-09 11:26:27'
test/T-mAP: 0.12056773155927658
test/horizon-mean-time-step: 0.5296704173088074
test/loss: 2.3325817584991455
test/loss_labels: 2.0135111808776855
test/loss_timestamps: 0.31907036900520325
test/mean-predicted-length: 5.0
test/mean-target-length: 19.20047378540039
test/next-item-accuracy: 0.3542688488960266
test/next-item-mae: 0.29859188199043274
test/next-item-mean-time-step: 0.5284708142280579
test/next-item-rmse: 0.3389017879962921
test/optimal-transport-distance: 6.843804836273193
test/timestamps-bias-mean: 0.6757020950317383
test/timestamps-current_influence: -4.609813913702965e-05
val/T-mAP: 0.12093628197908401
val/horizon-mean-time-step: 0.5325801372528076
val/loss: 2.345531702041626
val/loss_labels: 2.0399718284606934
val/loss_timestamps: 0.305559903383255
val/mean-predicted-length: 5.0
val/mean-target-length: 19.335750579833984
val/next-item-accuracy: 0.342557817697525
val/next-item-mae: 0.2997187376022339
val/next-item-mean-time-step: 0.523338794708252
val/next-item-rmse: 0.3396952152252197
val/optimal-transport-distance: 6.907956600189209
val/timestamps-bias-mean: 0.6832293272018433
val/timestamps-current_influence: -4.609813549905084e-05
