date: '2024-08-05 14:00:04'
test/detection-mAP: 0.11291415989398956
test/horizon-mean-time-step: 0.54441237449646
test/loss: 2.3239729404449463
test/loss_labels: 2.00581693649292
test/loss_timestamps: 0.31815657019615173
test/mean-predicted-length: 4.0
test/mean-target-length: 19.20047378540039
test/next-item-accuracy: 0.35319286584854126
test/next-item-mae: 0.2917642593383789
test/next-item-mean-time-step: 0.5291950106620789
test/next-item-rmse: 0.3388020992279053
test/timestamps-bias-mean: 0.6504461169242859
test/timestamps-current_influence: -9.712352766655385e-05
val/detection-mAP: 0.11518378555774689
val/horizon-mean-time-step: 0.544914186000824
val/loss: 2.337770462036133
val/loss_labels: 2.0335140228271484
val/loss_timestamps: 0.3042564392089844
val/mean-predicted-length: 4.0
val/mean-target-length: 19.335750579833984
val/next-item-accuracy: 0.3425833582878113
val/next-item-mae: 0.29260510206222534
val/next-item-mean-time-step: 0.5236756801605225
val/next-item-rmse: 0.3391242027282715
val/timestamps-bias-mean: 0.6570128798484802
val/timestamps-current_influence: -9.71235494944267e-05
