date: '2024-08-09 11:35:35'
test/T-mAP: 0.17610910534858704
test/horizon-mean-time-step: 0.5222347378730774
test/loss: 2.370126962661743
test/loss_labels: 2.042369842529297
test/loss_timestamps: 0.3277565538883209
test/mean-predicted-length: 11.999817848205566
test/mean-target-length: 19.20047378540039
test/next-item-accuracy: 0.35005253553390503
test/next-item-mae: 0.30292731523513794
test/next-item-mean-time-step: 0.5289818644523621
test/next-item-rmse: 0.34046193957328796
test/optimal-transport-distance: 6.867129802703857
test/timestamps-bias-mean: 0.6872566938400269
test/timestamps-current_influence: -4.474489287531469e-06
val/T-mAP: 0.17380960285663605
val/horizon-mean-time-step: 0.5247281193733215
val/loss: 2.3868982791900635
val/loss_labels: 2.0713918209075928
val/loss_timestamps: 0.3155066967010498
val/mean-predicted-length: 12.0
val/mean-target-length: 19.335750579833984
val/next-item-accuracy: 0.3400281071662903
val/next-item-mae: 0.3037407696247101
val/next-item-mean-time-step: 0.5236315131187439
val/next-item-rmse: 0.3410775661468506
val/optimal-transport-distance: 6.92516565322876
val/timestamps-bias-mean: 0.6891332268714905
val/timestamps-current_influence: -4.474488832784118e-06
