date: '2024-08-05 14:03:18'
test/detection-mAP: 0.14236874878406525
test/horizon-mean-time-step: 0.5435570478439331
test/loss: 2.337432861328125
test/loss_labels: 2.017322063446045
test/loss_timestamps: 0.32011082768440247
test/mean-predicted-length: 8.0
test/mean-target-length: 19.20047378540039
test/next-item-accuracy: 0.350477933883667
test/next-item-mae: 0.29384976625442505
test/next-item-mean-time-step: 0.5285841822624207
test/next-item-rmse: 0.3379220962524414
test/optimal-transport-distance: 6.909925937652588
test/timestamps-bias-mean: 0.6494288444519043
test/timestamps-current_influence: -5.6101111113093793e-05
val/detection-mAP: 0.1417655646800995
val/horizon-mean-time-step: 0.546582818031311
val/loss: 2.3529672622680664
val/loss_labels: 2.0459494590759277
val/loss_timestamps: 0.30701783299446106
val/mean-predicted-length: 8.0
val/mean-target-length: 19.335750579833984
val/next-item-accuracy: 0.3405136168003082
val/next-item-mae: 0.29493531584739685
val/next-item-mean-time-step: 0.5231481790542603
val/next-item-rmse: 0.3388305902481079
val/optimal-transport-distance: 6.936367511749268
val/timestamps-bias-mean: 0.6539013385772705
val/timestamps-current_influence: -5.610110383713618e-05
