date: '2024-08-09 11:09:09'
test/T-mAP: 0.07284855842590332
test/horizon-mean-time-step: .nan
test/loss: 2.3068864345550537
test/loss_labels: 1.9893602132797241
test/loss_timestamps: 0.31752657890319824
test/mean-predicted-length: 1.0
test/mean-target-length: 19.20047378540039
test/next-item-accuracy: 0.3588104248046875
test/next-item-mae: 0.2933986186981201
test/next-item-mean-time-step: 0.5283954739570618
test/next-item-rmse: 0.33739596605300903
test/timestamps-bias-mean: 0.6731686592102051
test/timestamps-current_influence: -0.0001988261501537636
val/T-mAP: 0.07471071928739548
val/horizon-mean-time-step: .nan
val/loss: 2.3187949657440186
val/loss_labels: 2.015467882156372
val/loss_timestamps: 0.3033270537853241
val/mean-predicted-length: 1.0
val/mean-target-length: 19.335750579833984
val/next-item-accuracy: 0.3470550775527954
val/next-item-mae: 0.29490476846694946
val/next-item-mean-time-step: 0.5232988595962524
val/next-item-rmse: 0.33839115500450134
val/timestamps-bias-mean: 0.6818275451660156
val/timestamps-current_influence: -0.00019882617925759405
