date: '2024-10-01 07:35:56'
test/T-mAP: 0.3069099485874176
test/T-mAP-micro: 0.4090188443660736
test/horizon-mean-time-step: 0.8898729085922241
test/loss: 4.215425491333008
test/loss__presence: 0.3750600218772888
test/loss_labels: 1.249982237815857
test/loss_timestamps: 2.5903820991516113
test/match_cost_mean: -7.2476911544799805
test/match_cost_std: 12.405179023742676
test/max_cost: 107.73607635498047
test/mean-predicted-length: 8.37641429901123
test/mean-target-length: 8.947009086608887
test/next-item-accuracy: 0.33930304646492004
test/next-item-mae: 2.7320480346679688
test/next-item-map: 0.2839595675468445
test/next-item-map-micro: 0.35576868057250977
test/next-item-mean-time-step: 27.406959533691406
test/next-item-rmse: 8.574966430664062
test/next-k-label-distribution-delta: 5.106337547302246
test/optimal-transport-distance: 12.257965087890625
test/prediction_match_rate: 0.4506927728652954
test/sequence-labels-entropy: 1.378043532371521
test/target_match_rate: 1.0
val/T-mAP: 0.3097752034664154
val/T-mAP-micro: 0.4104662537574768
val/horizon-mean-time-step: 0.8909546136856079
val/loss: 4.208292484283447
val/loss__presence: 0.3791625499725342
val/loss_labels: 1.2502326965332031
val/loss_timestamps: 2.578896999359131
val/match_cost_mean: -7.253422260284424
val/match_cost_std: 12.418055534362793
val/max_cost: 107.67520904541016
val/mean-predicted-length: 8.469388961791992
val/mean-target-length: 9.00789737701416
val/next-item-accuracy: 0.33946672081947327
val/next-item-mae: 2.694343328475952
val/next-item-map: 0.28533118963241577
val/next-item-map-micro: 0.3575893044471741
val/next-item-mean-time-step: 26.692209243774414
val/next-item-rmse: 8.510553359985352
val/next-k-label-distribution-delta: 5.109264373779297
val/optimal-transport-distance: 12.245362281799316
val/prediction_match_rate: 0.4549458622932434
val/sequence-labels-entropy: 1.386793613433838
val/target_match_rate: 1.0
