date: '2024-10-01 08:08:19'
test/T-mAP: 0.30746549367904663
test/T-mAP-micro: 0.4091762900352478
test/horizon-mean-time-step: 0.7099024653434753
test/loss: 4.206137657165527
test/loss__presence: 0.26829755306243896
test/loss_labels: 1.1870479583740234
test/loss_timestamps: 2.7507917881011963
test/match_cost_mean: -4.7085065841674805
test/match_cost_std: 11.756434440612793
test/max_cost: 85.7532730102539
test/mean-predicted-length: 9.79836654663086
test/mean-target-length: 8.947009086608887
test/next-item-accuracy: 0.4087506830692291
test/next-item-mae: 2.7390828132629395
test/next-item-map: 0.2731953561306
test/next-item-map-micro: 0.3644729256629944
test/next-item-mean-time-step: 27.406679153442383
test/next-item-rmse: 8.582608222961426
test/next-k-label-distribution-delta: 5.400608062744141
test/optimal-transport-distance: 12.52598762512207
test/prediction_match_rate: 0.24838224053382874
test/sequence-labels-entropy: 1.3855385780334473
test/target_match_rate: 1.0
val/T-mAP: 0.3106050193309784
val/T-mAP-micro: 0.4104544222354889
val/horizon-mean-time-step: 0.7102193236351013
val/loss: 4.192570686340332
val/loss__presence: 0.2725602686405182
val/loss_labels: 1.187268853187561
val/loss_timestamps: 2.732741117477417
val/match_cost_mean: -4.683338165283203
val/match_cost_std: 11.788060188293457
val/max_cost: 85.98968505859375
val/mean-predicted-length: 9.892881393432617
val/mean-target-length: 9.00789737701416
val/next-item-accuracy: 0.40883031487464905
val/next-item-mae: 2.702045440673828
val/next-item-map: 0.27363282442092896
val/next-item-map-micro: 0.36462676525115967
val/next-item-mean-time-step: 26.691850662231445
val/next-item-rmse: 8.518774032592773
val/next-k-label-distribution-delta: 5.399554252624512
val/optimal-transport-distance: 12.522409439086914
val/prediction_match_rate: 0.25106877088546753
val/sequence-labels-entropy: 1.3933807611465454
val/target_match_rate: 1.0
