date: '2024-10-01 15:45:04'
test/T-mAP: 0.3060636818408966
test/T-mAP-micro: 0.4084639847278595
test/horizon-mean-time-step: 0.44095951318740845
test/loss: 4.023033142089844
test/loss__presence: 0.0702395886182785
test/loss_labels: 1.2073801755905151
test/loss_timestamps: 2.7454137802124023
test/match_cost_mean: -4.229212284088135
test/match_cost_std: 12.064244270324707
test/max_cost: 230.49867248535156
test/mean-predicted-length: 10.079978942871094
test/mean-target-length: 8.947009086608887
test/next-item-accuracy: 0.3065358102321625
test/next-item-mae: 2.7398154735565186
test/next-item-map: 0.2586323916912079
test/next-item-map-micro: 0.3242073655128479
test/next-item-mean-time-step: 27.403413772583008
test/next-item-rmse: 8.586302757263184
test/next-k-label-distribution-delta: 5.336603164672852
test/optimal-transport-distance: 12.754202842712402
test/prediction_match_rate: 0.06254381686449051
test/sequence-labels-entropy: 1.376526951789856
test/target_match_rate: 1.0
val/T-mAP: 0.30911314487457275
val/T-mAP-micro: 0.4095872640609741
val/horizon-mean-time-step: 0.4407946467399597
val/loss: 4.00073766708374
val/loss__presence: 0.0709313303232193
val/loss_labels: 1.2059533596038818
val/loss_timestamps: 2.7238516807556152
val/match_cost_mean: -4.236550331115723
val/match_cost_std: 12.074828147888184
val/max_cost: 229.97129821777344
val/mean-predicted-length: 10.153509140014648
val/mean-target-length: 9.00789737701416
val/next-item-accuracy: 0.30701014399528503
val/next-item-mae: 2.7018728256225586
val/next-item-map: 0.2596481442451477
val/next-item-map-micro: 0.32628175616264343
val/next-item-mean-time-step: 26.689289093017578
val/next-item-rmse: 8.521164894104004
val/next-k-label-distribution-delta: 5.338029384613037
val/optimal-transport-distance: 12.750102996826172
val/prediction_match_rate: 0.0631525069475174
val/sequence-labels-entropy: 1.3834497928619385
val/target_match_rate: 1.0
