date: '2024-10-01 10:06:17'
test/T-mAP: 0.3077596426010132
test/T-mAP-micro: 0.40800800919532776
test/horizon-mean-time-step: 0.4533484876155853
test/loss: 4.070148944854736
test/loss__presence: 0.13864387571811676
test/loss_labels: 1.1892120838165283
test/loss_timestamps: 2.742293357849121
test/match_cost_mean: -4.701470851898193
test/match_cost_std: 12.321606636047363
test/max_cost: 167.86219787597656
test/mean-predicted-length: 9.783625602722168
test/mean-target-length: 8.947009086608887
test/next-item-accuracy: 0.3446490168571472
test/next-item-mae: 2.7398087978363037
test/next-item-map: 0.2708115577697754
test/next-item-map-micro: 0.34437599778175354
test/next-item-mean-time-step: 27.40479850769043
test/next-item-rmse: 8.581673622131348
test/next-k-label-distribution-delta: 5.120749473571777
test/optimal-transport-distance: 12.336221694946289
test/prediction_match_rate: 0.12508763372898102
test/sequence-labels-entropy: 1.3663686513900757
test/target_match_rate: 1.0
val/T-mAP: 0.3100450038909912
val/T-mAP-micro: 0.40899547934532166
val/horizon-mean-time-step: 0.4533770978450775
val/loss: 4.056517124176025
val/loss__presence: 0.14026804268360138
val/loss_labels: 1.1898192167282104
val/loss_timestamps: 2.726428747177124
val/match_cost_mean: -4.690759181976318
val/match_cost_std: 12.339537620544434
val/max_cost: 167.95143127441406
val/mean-predicted-length: 9.88814926147461
val/mean-target-length: 9.00789737701416
val/next-item-accuracy: 0.3447763919830322
val/next-item-mae: 2.7020909786224365
val/next-item-map: 0.2711181640625
val/next-item-map-micro: 0.34529194235801697
val/next-item-mean-time-step: 26.6899471282959
val/next-item-rmse: 8.516844749450684
val/next-k-label-distribution-delta: 5.1186747550964355
val/optimal-transport-distance: 12.32158374786377
val/prediction_match_rate: 0.1263050138950348
val/sequence-labels-entropy: 1.3757810592651367
val/target_match_rate: 1.0
