date: '2024-10-01 08:56:27'
test/T-mAP: 0.30650314688682556
test/T-mAP-micro: 0.40715891122817993
test/horizon-mean-time-step: 0.5096321105957031
test/loss: 4.123037815093994
test/loss__presence: 0.18693335354328156
test/loss_labels: 1.1932833194732666
test/loss_timestamps: 2.7428200244903564
test/match_cost_mean: -4.047629356384277
test/match_cost_std: 11.618268013000488
test/max_cost: 107.98894500732422
test/mean-predicted-length: 9.400087356567383
test/mean-target-length: 8.947009086608887
test/next-item-accuracy: 0.36725687980651855
test/next-item-mae: 2.734391927719116
test/next-item-map: 0.26973411440849304
test/next-item-map-micro: 0.3384636342525482
test/next-item-mean-time-step: 27.40700340270996
test/next-item-rmse: 8.581448554992676
test/next-k-label-distribution-delta: 5.707098960876465
test/optimal-transport-distance: 13.26387882232666
test/prediction_match_rate: 0.1667211502790451
test/sequence-labels-entropy: 1.3796550035476685
test/target_match_rate: 1.0
val/T-mAP: 0.3097396790981293
val/T-mAP-micro: 0.4091656804084778
val/horizon-mean-time-step: 0.5097101926803589
val/loss: 4.107564926147461
val/loss__presence: 0.18925876915454865
val/loss_labels: 1.191582202911377
val/loss_timestamps: 2.726724147796631
val/match_cost_mean: -4.036129474639893
val/match_cost_std: 11.638940811157227
val/max_cost: 108.16527557373047
val/mean-predicted-length: 9.473709106445312
val/mean-target-length: 9.00789737701416
val/next-item-accuracy: 0.36813363432884216
val/next-item-mae: 2.6975789070129395
val/next-item-map: 0.2708103060722351
val/next-item-map-micro: 0.33974164724349976
val/next-item-mean-time-step: 26.692201614379883
val/next-item-rmse: 8.517830848693848
val/next-k-label-distribution-delta: 5.702060699462891
val/optimal-transport-distance: 13.242048263549805
val/prediction_match_rate: 0.16838103532791138
val/sequence-labels-entropy: 1.3875513076782227
val/target_match_rate: 1.0
