date: '2024-10-01 12:15:04'
test/T-mAP: 0.3053530752658844
test/T-mAP-micro: 0.40450236201286316
test/horizon-mean-time-step: 0.4761013984680176
test/loss: 4.023144245147705
test/loss__presence: 0.09342588484287262
test/loss_labels: 1.195609211921692
test/loss_timestamps: 2.7341079711914062
test/match_cost_mean: -4.409380912780762
test/match_cost_std: 11.969801902770996
test/max_cost: 206.83349609375
test/mean-predicted-length: 10.212839126586914
test/mean-target-length: 8.947009086608887
test/next-item-accuracy: 0.3509335517883301
test/next-item-mae: 2.73689341545105
test/next-item-map: 0.2588764727115631
test/next-item-map-micro: 0.342300146818161
test/next-item-mean-time-step: 27.39571762084961
test/next-item-rmse: 8.587090492248535
test/next-k-label-distribution-delta: 5.346631050109863
test/optimal-transport-distance: 12.684914588928223
test/prediction_match_rate: 0.08339175581932068
test/sequence-labels-entropy: 1.3545384407043457
test/target_match_rate: 1.0
val/T-mAP: 0.3092888295650482
val/T-mAP-micro: 0.40637874603271484
val/horizon-mean-time-step: 0.47658073902130127
val/loss: 4.00491189956665
val/loss__presence: 0.09432797878980637
val/loss_labels: 1.1951740980148315
val/loss_timestamps: 2.7154111862182617
val/match_cost_mean: -4.4223737716674805
val/match_cost_std: 11.982393264770508
val/max_cost: 207.5908966064453
val/mean-predicted-length: 10.32749080657959
val/mean-target-length: 9.00789737701416
val/next-item-accuracy: 0.3516949713230133
val/next-item-mae: 2.699821710586548
val/next-item-map: 0.2594723105430603
val/next-item-map-micro: 0.34316936135292053
val/next-item-mean-time-step: 26.681398391723633
val/next-item-rmse: 8.522886276245117
val/next-k-label-distribution-delta: 5.364554405212402
val/optimal-transport-distance: 12.708112716674805
val/prediction_match_rate: 0.08420335501432419
val/sequence-labels-entropy: 1.3626664876937866
val/target_match_rate: 1.0
