date: '2025-12-13 22:23:53'
test/T-mAP: 0.11505315452814102
test/T-mAP-weighted: 0.4057202935218811
test/horizon-max-f-score: 0.18018680810928345
test/horizon-max-f-score-weighted: 0.46993616223335266
test/horizon-mean-time-step: 0.5742509365081787
test/loss: 2.5180280208587646
test/loss_labels: 1.831729769706726
test/loss_timestamps: 0.6862982511520386
test/mean-predicted-length: 17.320903778076172
test/mean-target-length: 15.583646774291992
test/next-item-accuracy: 0.41719746589660645
test/next-item-mae: 0.6835126280784607
test/next-item-map: 0.10257171839475632
test/next-item-map-weighted: 0.315426766872406
test/next-item-max-f-score: 0.15736019611358643
test/next-item-max-f-score-weighted: 0.42116278409957886
test/next-item-mean-time-step: 0.9048043489456177
test/next-item-rmse: 1.085985541343689
test/next-k-label-distribution-delta: 9.643516540527344
test/optimal-transport-distance: 13.253110885620117
test/sequence-labels-entropy: 0.3987390995025635
test/target-sequence-labels-entropy: 1.4227653741836548
val/T-mAP: 0.1208091676235199
val/T-mAP-weighted: 0.4158235192298889
val/horizon-max-f-score: 0.17909914255142212
val/horizon-max-f-score-weighted: 0.47703635692596436
val/horizon-mean-time-step: 0.5801995396614075
val/loss: 2.4690558910369873
val/loss_labels: 1.7737585306167603
val/loss_timestamps: 0.695297360420227
val/mean-predicted-length: 17.135501861572266
val/mean-target-length: 15.263496398925781
val/next-item-accuracy: 0.4390482008457184
val/next-item-mae: 0.6905784606933594
val/next-item-map: 0.10701435059309006
val/next-item-map-weighted: 0.33497747778892517
val/next-item-max-f-score: 0.16243162751197815
val/next-item-max-f-score-weighted: 0.43450579047203064
val/next-item-mean-time-step: 0.9292676448822021
val/next-item-rmse: 1.1011687517166138
val/next-k-label-distribution-delta: 9.404361724853516
val/optimal-transport-distance: 13.071499824523926
val/sequence-labels-entropy: 0.35167181491851807
val/target-sequence-labels-entropy: 1.3858129978179932
