date: '2026-02-21 17:49:58'
test/T-mAP: 0.11343470215797424
test/T-mAP-weighted: 0.3953883945941925
test/horizon-max-f-score: 0.17865516245365143
test/horizon-max-f-score-weighted: 0.46253374218940735
test/horizon-mean-time-step: 0.5286800265312195
test/loss: 3.3716819286346436
test/loss_labels: 2.6221299171447754
test/loss_timestamps: 0.7495521903038025
test/mean-predicted-length: 18.890865325927734
test/mean-target-length: 15.583646774291992
test/next-item-accuracy: 0.35668790340423584
test/next-item-mae: 0.7432405948638916
test/next-item-map: 0.08299225568771362
test/next-item-map-weighted: 0.2912881672382355
test/next-item-max-f-score: 0.14006976783275604
test/next-item-max-f-score-weighted: 0.40286824107170105
test/next-item-mean-time-step: 0.9488863348960876
test/next-item-rmse: 1.1536659002304077
test/next-k-label-distribution-delta: 8.516592979431152
test/optimal-transport-distance: 13.6521635055542
test/sequence-labels-entropy: 0.8730243444442749
test/target-sequence-labels-entropy: 1.4227652549743652
val/T-mAP: 0.12356465309858322
val/T-mAP-weighted: 0.40683168172836304
val/horizon-max-f-score: 0.18946410715579987
val/horizon-max-f-score-weighted: 0.4667504131793976
val/horizon-mean-time-step: 0.5225183367729187
val/loss: 3.3027522563934326
val/loss_labels: 2.5459349155426025
val/loss_timestamps: 0.7568176984786987
val/mean-predicted-length: 19.2359676361084
val/mean-target-length: 15.263496398925781
val/next-item-accuracy: 0.3712426424026489
val/next-item-mae: 0.7487428784370422
val/next-item-map: 0.08363382518291473
val/next-item-map-weighted: 0.3010511100292206
val/next-item-max-f-score: 0.14178402721881866
val/next-item-max-f-score-weighted: 0.4170709550380707
val/next-item-mean-time-step: 0.9725257158279419
val/next-item-rmse: 1.1658143997192383
val/next-k-label-distribution-delta: 8.274580001831055
val/optimal-transport-distance: 13.504493713378906
val/sequence-labels-entropy: 0.8090888261795044
val/target-sequence-labels-entropy: 1.385812759399414
