date: '2025-04-10 07:14:44'
test/T-mAP: 0.09106548875570297
test/T-mAP-weighted: 0.5143197774887085
test/horizon-max-f-score: 0.1381102055311203
test/horizon-max-f-score-weighted: 0.5103780627250671
test/horizon-mean-time-step: 0.1689804047346115
test/loss: 5.671841144561768
test/loss__presence: 0.19936275482177734
test/loss_labels: 1.7173808813095093
test/loss_next_item_labels: 2.2610702514648438
test/loss_next_item_timestamps: 0.5699931979179382
test/loss_timestamps: 0.9240341186523438
test/match_cost_mean: -5.18734073638916
test/match_cost_std: 6.772243499755859
test/max_cost: 73.58686828613281
test/mean-predicted-length: 8.800344467163086
test/mean-target-length: 9.136935234069824
test/next-item-accuracy: 0.3823537826538086
test/next-item-mae: 0.6362066864967346
test/next-item-map: 0.046129260212183
test/next-item-map-weighted: 0.32335203886032104
test/next-item-max-f-score: 0.08683881163597107
test/next-item-max-f-score-weighted: 0.3605799674987793
test/next-item-mean-time-step: 0.8296884298324585
test/next-item-rmse: 1.034427523612976
test/next-k-label-distribution-delta: 4.711005687713623
test/optimal-transport-distance: 6.734923839569092
test/prediction_match_rate: 0.27723968029022217
test/sequence-labels-entropy: 1.4859381914138794
test/target-sequence-labels-entropy: 2.2888922691345215
test/target_match_rate: 1.0
val/T-mAP: 0.09958072006702423
val/T-mAP-weighted: 0.5183625817298889
val/horizon-max-f-score: 0.1449647694826126
val/horizon-max-f-score-weighted: 0.5135987401008606
val/horizon-mean-time-step: 0.1691531091928482
val/loss: 5.630855083465576
val/loss__presence: 0.19908902049064636
val/loss_labels: 1.6974340677261353
val/loss_next_item_labels: 2.2432005405426025
val/loss_next_item_timestamps: 0.5692343711853027
val/loss_timestamps: 0.9218958616256714
val/match_cost_mean: -5.204110145568848
val/match_cost_std: 6.75576639175415
val/max_cost: 73.37702941894531
val/mean-predicted-length: 8.839197158813477
val/mean-target-length: 9.149765014648438
val/next-item-accuracy: 0.38518500328063965
val/next-item-mae: 0.6350071430206299
val/next-item-map: 0.045765239745378494
val/next-item-map-weighted: 0.3261527419090271
val/next-item-max-f-score: 0.08685498684644699
val/next-item-max-f-score-weighted: 0.36325937509536743
val/next-item-mean-time-step: 0.8301659822463989
val/next-item-rmse: 1.0361913442611694
val/next-k-label-distribution-delta: 4.690699100494385
val/optimal-transport-distance: 6.724895000457764
val/prediction_match_rate: 0.27782726287841797
val/sequence-labels-entropy: 1.4841156005859375
val/target-sequence-labels-entropy: 2.2750349044799805
val/target_match_rate: 1.0
