date: '2025-04-10 08:40:15'
test/T-mAP: 0.0530632808804512
test/T-mAP-weighted: 0.34462645649909973
test/horizon-max-f-score: 0.10367197543382645
test/horizon-max-f-score-weighted: 0.41374894976615906
test/horizon-mean-time-step: 0.1724758744239807
test/loss: 11.949478149414062
test/loss__presence: 3.506394147872925
test/loss_labels: 2.287584066390991
test/loss_next_item_labels: 2.261014223098755
test/loss_next_item_timestamps: 0.5706004500389099
test/loss_timestamps: 3.3238818645477295
test/match_cost_mean: 11.174262046813965
test/match_cost_std: 14.354371070861816
test/max_cost: 71.48077392578125
test/mean-predicted-length: 37.89213943481445
test/mean-target-length: 23.303152084350586
test/next-item-accuracy: 0.3823537826538086
test/next-item-mae: 0.6362067461013794
test/next-item-map: 0.046129260212183
test/next-item-map-weighted: 0.32335203886032104
test/next-item-max-f-score: 0.08683881163597107
test/next-item-max-f-score-weighted: 0.3605799674987793
test/next-item-mean-time-step: 0.8296884298324585
test/next-item-rmse: 1.034427523612976
test/next-k-label-distribution-delta: 15.306131362915039
test/optimal-transport-distance: 26.450742721557617
test/prediction_match_rate: 0.9071490168571472
test/sequence-labels-entropy: 1.4951777458190918
test/target-sequence-labels-entropy: 2.3139142990112305
test/target_match_rate: 1.0
val/T-mAP: 0.055973395705223083
val/T-mAP-weighted: 0.3475308418273926
val/horizon-max-f-score: 0.10564013570547104
val/horizon-max-f-score-weighted: 0.4158954918384552
val/horizon-mean-time-step: 0.17228960990905762
val/loss: 11.92259407043457
val/loss__presence: 3.508462905883789
val/loss_labels: 2.2816758155822754
val/loss_next_item_labels: 2.242807388305664
val/loss_next_item_timestamps: 0.5698182582855225
val/loss_timestamps: 3.319828510284424
val/match_cost_mean: 11.17431640625
val/match_cost_std: 14.37770938873291
val/max_cost: 71.35991668701172
val/mean-predicted-length: 38.02540969848633
val/mean-target-length: 23.292325973510742
val/next-item-accuracy: 0.38518500328063965
val/next-item-mae: 0.6350071430206299
val/next-item-map: 0.045765236020088196
val/next-item-map-weighted: 0.3261527121067047
val/next-item-max-f-score: 0.0868549793958664
val/next-item-max-f-score-weighted: 0.36325931549072266
val/next-item-mean-time-step: 0.8301659822463989
val/next-item-rmse: 1.0361913442611694
val/next-k-label-distribution-delta: 15.16076946258545
val/optimal-transport-distance: 26.395315170288086
val/prediction_match_rate: 0.9068893194198608
val/sequence-labels-entropy: 1.4949733018875122
val/target-sequence-labels-entropy: 2.297581195831299
val/target_match_rate: 1.0
