date: '2025-04-10 07:49:02'
test/T-mAP: 0.08035389333963394
test/T-mAP-weighted: 0.4954645335674286
test/horizon-max-f-score: 0.12775447964668274
test/horizon-max-f-score-weighted: 0.5033239126205444
test/horizon-mean-time-step: 0.1712702065706253
test/loss: 8.081683158874512
test/loss__presence: 1.023382306098938
test/loss_labels: 1.6815195083618164
test/loss_next_item_labels: 2.261014223098755
test/loss_next_item_timestamps: 0.5706004500389099
test/loss_timestamps: 2.5451653003692627
test/match_cost_mean: 2.92977237701416
test/match_cost_std: 10.72280502319336
test/max_cost: 71.3009033203125
test/mean-predicted-length: 18.17400360107422
test/mean-target-length: 17.53530502319336
test/next-item-accuracy: 0.3823537826538086
test/next-item-mae: 0.6362067461013794
test/next-item-map: 0.046129260212183
test/next-item-map-weighted: 0.32335203886032104
test/next-item-max-f-score: 0.08683881163597107
test/next-item-max-f-score-weighted: 0.3605799674987793
test/next-item-mean-time-step: 0.8296884298324585
test/next-item-rmse: 1.034427523612976
test/next-k-label-distribution-delta: 8.182022094726562
test/optimal-transport-distance: 13.202462196350098
test/prediction_match_rate: 0.5593053102493286
test/sequence-labels-entropy: 1.4893913269042969
test/target-sequence-labels-entropy: 2.316180467605591
test/target_match_rate: 1.0
val/T-mAP: 0.08433325588703156
val/T-mAP-weighted: 0.49915677309036255
val/horizon-max-f-score: 0.12991861999034882
val/horizon-max-f-score-weighted: 0.505713701248169
val/horizon-mean-time-step: 0.1713302880525589
val/loss: 8.051244735717773
val/loss__presence: 1.0266563892364502
val/loss_labels: 1.6682097911834717
val/loss_next_item_labels: 2.242807388305664
val/loss_next_item_timestamps: 0.5698182582855225
val/loss_timestamps: 2.543750524520874
val/match_cost_mean: 2.9304699897766113
val/match_cost_std: 10.729850769042969
val/max_cost: 71.22782897949219
val/mean-predicted-length: 18.246673583984375
val/mean-target-length: 17.555740356445312
val/next-item-accuracy: 0.38518500328063965
val/next-item-mae: 0.6350071430206299
val/next-item-map: 0.045765236020088196
val/next-item-map-weighted: 0.3261527121067047
val/next-item-max-f-score: 0.0868549793958664
val/next-item-max-f-score-weighted: 0.36325931549072266
val/next-item-mean-time-step: 0.8301659822463989
val/next-item-rmse: 1.0361913442611694
val/next-k-label-distribution-delta: 8.127388000488281
val/optimal-transport-distance: 13.173697471618652
val/prediction_match_rate: 0.5601244568824768
val/sequence-labels-entropy: 1.4894142150878906
val/target-sequence-labels-entropy: 2.3000900745391846
val/target_match_rate: 1.0
