date: '2025-04-10 08:11:33'
test/T-mAP: 0.06601350754499435
test/T-mAP-weighted: 0.42462635040283203
test/horizon-max-f-score: 0.11601126194000244
test/horizon-max-f-score-weighted: 0.4671803116798401
test/horizon-mean-time-step: 0.1721877008676529
test/loss: 10.49756908416748
test/loss__presence: 2.4810009002685547
test/loss_labels: 2.051334857940674
test/loss_next_item_labels: 2.261014223098755
test/loss_next_item_timestamps: 0.5706004500389099
test/loss_timestamps: 3.1336097717285156
test/match_cost_mean: 8.506153106689453
test/match_cost_std: 13.31123161315918
test/max_cost: 71.40943145751953
test/mean-predicted-length: 27.88798713684082
test/mean-target-length: 21.879287719726562
test/next-item-accuracy: 0.3823537826538086
test/next-item-mae: 0.6362067461013794
test/next-item-map: 0.046129260212183
test/next-item-map-weighted: 0.32335203886032104
test/next-item-max-f-score: 0.08683881163597107
test/next-item-max-f-score-weighted: 0.3605799674987793
test/next-item-mean-time-step: 0.8296884298324585
test/next-item-rmse: 1.034427523612976
test/next-k-label-distribution-delta: 11.727437019348145
test/optimal-transport-distance: 19.7906494140625
test/prediction_match_rate: 0.7832059860229492
test/sequence-labels-entropy: 1.4918307065963745
test/target-sequence-labels-entropy: 2.3152592182159424
test/target_match_rate: 1.0
val/T-mAP: 0.0683068037033081
val/T-mAP-weighted: 0.42745620012283325
val/horizon-max-f-score: 0.11790622770786285
val/horizon-max-f-score-weighted: 0.4692721366882324
val/horizon-mean-time-step: 0.17207002639770508
val/loss: 10.472723960876465
val/loss__presence: 2.4860877990722656
val/loss_labels: 2.043307065963745
val/loss_next_item_labels: 2.242807388305664
val/loss_next_item_timestamps: 0.5698182582855225
val/loss_timestamps: 3.130704879760742
val/match_cost_mean: 8.511211395263672
val/match_cost_std: 13.331914901733398
val/max_cost: 71.32101440429688
val/mean-predicted-length: 27.98866081237793
val/mean-target-length: 21.86484146118164
val/next-item-accuracy: 0.38518500328063965
val/next-item-mae: 0.6350071430206299
val/next-item-map: 0.045765236020088196
val/next-item-map-weighted: 0.3261527121067047
val/next-item-max-f-score: 0.0868549793958664
val/next-item-max-f-score-weighted: 0.36325931549072266
val/next-item-mean-time-step: 0.8301659822463989
val/next-item-rmse: 1.0361913442611694
val/next-k-label-distribution-delta: 11.633774757385254
val/optimal-transport-distance: 19.753631591796875
val/prediction_match_rate: 0.7836209535598755
val/sequence-labels-entropy: 1.4915586709976196
val/target-sequence-labels-entropy: 2.29923939704895
val/target_match_rate: 1.0
