date: '2025-04-10 04:19:14'
test/T-mAP: 0.06408994644880295
test/T-mAP-weighted: 0.4075528383255005
test/horizon-max-f-score: 0.10941672325134277
test/horizon-max-f-score-weighted: 0.4296284019947052
test/horizon-mean-time-step: 0.7278543710708618
test/loss: 3.1757376194000244
test/loss_decoder_labels: 2.4111387729644775
test/loss_decoder_timestamps: 0.6184300184249878
test/loss_diffusion: 0.14616939425468445
test/loss_embedder_regularizer: 1.1272773215104462e-13
test/mean-predicted-length: 20.60126495361328
test/mean-target-length: 17.53530502319336
test/next-item-accuracy: 0.3500557541847229
test/next-item-mae: 0.6526293754577637
test/next-item-map: 0.032610803842544556
test/next-item-map-weighted: 0.2751491665840149
test/next-item-max-f-score: 0.06609107553958893
test/next-item-max-f-score-weighted: 0.32817551493644714
test/next-item-mean-time-step: 0.8383747339248657
test/next-item-rmse: 1.04615318775177
test/next-k-label-distribution-delta: 9.908988952636719
test/optimal-transport-distance: 13.595562934875488
test/sequence-labels-entropy: 0.9267222285270691
test/target-sequence-labels-entropy: 2.3161802291870117
val/T-mAP: 0.06137192249298096
val/T-mAP-weighted: 0.40987157821655273
val/horizon-max-f-score: 0.10445516556501389
val/horizon-max-f-score-weighted: 0.4324202835559845
val/horizon-mean-time-step: 0.72780841588974
val/loss: 3.155034303665161
val/loss_decoder_labels: 2.3912267684936523
val/loss_decoder_timestamps: 0.6177330017089844
val/loss_diffusion: 0.14607618749141693
val/loss_embedder_regularizer: 1.1283684354717813e-13
val/mean-predicted-length: 20.646312713623047
val/mean-target-length: 17.555740356445312
val/next-item-accuracy: 0.35247713327407837
val/next-item-mae: 0.6514306664466858
val/next-item-map: 0.03237626329064369
val/next-item-map-weighted: 0.2779065668582916
val/next-item-max-f-score: 0.06446414440870285
val/next-item-max-f-score-weighted: 0.33093738555908203
val/next-item-mean-time-step: 0.8387588858604431
val/next-item-rmse: 1.0479079484939575
val/next-k-label-distribution-delta: 9.86467456817627
val/optimal-transport-distance: 13.564704895019531
val/sequence-labels-entropy: 0.9216037392616272
val/target-sequence-labels-entropy: 2.3000900745391846
