date: '2025-04-10 05:01:45'
test/T-mAP: 0.04001937434077263
test/T-mAP-weighted: 0.27609044313430786
test/horizon-max-f-score: 0.08358854800462723
test/horizon-max-f-score-weighted: 0.3465522527694702
test/horizon-mean-time-step: 0.5090906023979187
test/loss: 3.1757280826568604
test/loss_decoder_labels: 2.411149501800537
test/loss_decoder_timestamps: 0.6184040904045105
test/loss_diffusion: 0.14617444574832916
test/loss_embedder_regularizer: 1.1273040877515794e-13
test/mean-predicted-length: 39.7357177734375
test/mean-target-length: 23.303152084350586
test/next-item-accuracy: 0.34994256496429443
test/next-item-mae: 0.6525534987449646
test/next-item-map: 0.03266196697950363
test/next-item-map-weighted: 0.2748512029647827
test/next-item-max-f-score: 0.06575706601142883
test/next-item-max-f-score-weighted: 0.3280521035194397
test/next-item-mean-time-step: 0.8383874893188477
test/next-item-rmse: 1.0460727214813232
test/next-k-label-distribution-delta: 18.61257553100586
test/optimal-transport-distance: 26.71676254272461
test/sequence-labels-entropy: 0.9306777119636536
test/target-sequence-labels-entropy: 2.3139142990112305
val/T-mAP: 0.038957659155130386
val/T-mAP-weighted: 0.2785314619541168
val/horizon-max-f-score: 0.08148617297410965
val/horizon-max-f-score-weighted: 0.3498336672782898
val/horizon-mean-time-step: 0.5100740790367126
val/loss: 3.1550705432891846
val/loss_decoder_labels: 2.39131236076355
val/loss_decoder_timestamps: 0.6176860928535461
val/loss_diffusion: 0.14607252180576324
val/loss_embedder_regularizer: 1.1283729078057428e-13
val/mean-predicted-length: 39.743255615234375
val/mean-target-length: 23.292325973510742
val/next-item-accuracy: 0.3519499599933624
val/next-item-mae: 0.6515870690345764
val/next-item-map: 0.03221144154667854
val/next-item-map-weighted: 0.2774864137172699
val/next-item-max-f-score: 0.0647398978471756
val/next-item-max-f-score-weighted: 0.330513060092926
val/next-item-mean-time-step: 0.8388251662254333
val/next-item-rmse: 1.0482338666915894
val/next-k-label-distribution-delta: 18.498615264892578
val/optimal-transport-distance: 26.669384002685547
val/sequence-labels-entropy: 0.9285233020782471
val/target-sequence-labels-entropy: 2.2975809574127197
