date: '2025-04-10 04:39:43'
test/T-mAP: 0.05003517493605614
test/T-mAP-weighted: 0.34290266036987305
test/horizon-max-f-score: 0.09436295926570892
test/horizon-max-f-score-weighted: 0.3932642340660095
test/horizon-mean-time-step: 0.6347001194953918
test/loss: 3.175652265548706
test/loss_decoder_labels: 2.411109209060669
test/loss_decoder_timestamps: 0.618366539478302
test/loss_diffusion: 0.1461789608001709
test/loss_embedder_regularizer: 1.1273234001027768e-13
test/mean-predicted-length: 29.933622360229492
test/mean-target-length: 21.879287719726562
test/next-item-accuracy: 0.3501914441585541
test/next-item-mae: 0.6525261402130127
test/next-item-map: 0.03256246820092201
test/next-item-map-weighted: 0.27537018060684204
test/next-item-max-f-score: 0.06565286219120026
test/next-item-max-f-score-weighted: 0.32833996415138245
test/next-item-mean-time-step: 0.8383939862251282
test/next-item-rmse: 1.0460418462753296
test/next-k-label-distribution-delta: 14.505263328552246
test/optimal-transport-distance: 20.373361587524414
test/sequence-labels-entropy: 0.9304087162017822
test/target-sequence-labels-entropy: 2.3152592182159424
val/T-mAP: 0.04911251366138458
val/T-mAP-weighted: 0.34588873386383057
val/horizon-max-f-score: 0.09224843233823776
val/horizon-max-f-score-weighted: 0.39629799127578735
val/horizon-mean-time-step: 0.6260833144187927
val/loss: 3.155135154724121
val/loss_decoder_labels: 2.3913259506225586
val/loss_decoder_timestamps: 0.6177366375923157
val/loss_diffusion: 0.1460750252008438
val/loss_embedder_regularizer: 1.1283790742055988e-13
val/mean-predicted-length: 29.981258392333984
val/mean-target-length: 21.86484146118164
val/next-item-accuracy: 0.35261088609695435
val/next-item-mae: 0.6515710949897766
val/next-item-map: 0.03211779147386551
val/next-item-map-weighted: 0.27782103419303894
val/next-item-max-f-score: 0.06382270157337189
val/next-item-max-f-score-weighted: 0.33084648847579956
val/next-item-mean-time-step: 0.8388141393661499
val/next-item-rmse: 1.0480327606201172
val/next-k-label-distribution-delta: 14.452528953552246
val/optimal-transport-distance: 20.341533660888672
val/sequence-labels-entropy: 0.9247810244560242
val/target-sequence-labels-entropy: 2.299239158630371
