date: '2025-04-10 04:00:10'
test/T-mAP: 0.06409770995378494
test/T-mAP-weighted: 0.40128472447395325
test/horizon-max-f-score: 0.10515043884515762
test/horizon-max-f-score-weighted: 0.42129456996917725
test/horizon-mean-time-step: 0.6508808732032776
test/loss: 3.1757616996765137
test/loss_decoder_labels: 2.4112210273742676
test/loss_decoder_timestamps: 0.6183708310127258
test/loss_diffusion: 0.1461697518825531
test/loss_embedder_regularizer: 1.1272827425213086e-13
test/mean-predicted-length: 10.483268737792969
test/mean-target-length: 9.136935234069824
test/next-item-accuracy: 0.34974148869514465
test/next-item-mae: 0.652603805065155
test/next-item-map: 0.03252202644944191
test/next-item-map-weighted: 0.2751440405845642
test/next-item-max-f-score: 0.06587471812963486
test/next-item-max-f-score-weighted: 0.3280537724494934
test/next-item-mean-time-step: 0.838407576084137
test/next-item-rmse: 1.0461533069610596
test/next-k-label-distribution-delta: 5.261618137359619
test/optimal-transport-distance: 6.841503143310547
test/sequence-labels-entropy: 0.9234915375709534
test/target-sequence-labels-entropy: 2.2888920307159424
val/T-mAP: 0.06440895050764084
val/T-mAP-weighted: 0.40300634503364563
val/horizon-max-f-score: 0.10472694784402847
val/horizon-max-f-score-weighted: 0.4237383306026459
val/horizon-mean-time-step: 0.65067458152771
val/loss: 3.1549694538116455
val/loss_decoder_labels: 2.3912596702575684
val/loss_decoder_timestamps: 0.6176377534866333
val/loss_diffusion: 0.14607208967208862
val/loss_embedder_regularizer: 1.128365115102628e-13
val/mean-predicted-length: 10.497282028198242
val/mean-target-length: 9.149765014648438
val/next-item-accuracy: 0.35226041078567505
val/next-item-mae: 0.6514924764633179
val/next-item-map: 0.03203906491398811
val/next-item-map-weighted: 0.2779097557067871
val/next-item-max-f-score: 0.06409752368927002
val/next-item-max-f-score-weighted: 0.33069971203804016
val/next-item-mean-time-step: 0.8388347625732422
val/next-item-rmse: 1.0480726957321167
val/next-k-label-distribution-delta: 5.244672775268555
val/optimal-transport-distance: 6.8376030921936035
val/sequence-labels-entropy: 0.9196957945823669
val/target-sequence-labels-entropy: 2.2750349044799805
