date: '2025-04-10 02:00:23'
test/T-mAP: 0.030841128900647163
test/T-mAP-weighted: 0.16083070635795593
test/horizon-max-f-score: 0.07668369263410568
test/horizon-max-f-score-weighted: 0.2668215036392212
test/horizon-mean-time-step: 0.6388140320777893
test/loss: 2.8320324420928955
test/loss_labels: 2.261322498321533
test/loss_timestamps: 0.5707105994224548
test/mean-predicted-length: 50.33259201049805
test/mean-target-length: 23.303152084350586
test/next-item-accuracy: 0.38243329524993896
test/next-item-mae: 0.6381228566169739
test/next-item-map: 0.04616866260766983
test/next-item-map-weighted: 0.3235744833946228
test/next-item-max-f-score: 0.08722297847270966
test/next-item-max-f-score-weighted: 0.3605879247188568
test/next-item-mean-time-step: 0.829236626625061
test/next-item-rmse: 1.0324652194976807
test/next-k-label-distribution-delta: 20.009090423583984
test/optimal-transport-distance: 27.608617782592773
test/sequence-labels-entropy: 0.8870760202407837
test/target-sequence-labels-entropy: 2.3139142990112305
val/T-mAP: 0.030330603942275047
val/T-mAP-weighted: 0.16495151817798615
val/horizon-max-f-score: 0.07349804043769836
val/horizon-max-f-score-weighted: 0.2705133259296417
val/horizon-mean-time-step: 0.6431935429573059
val/loss: 2.8126912117004395
val/loss_labels: 2.2428674697875977
val/loss_timestamps: 0.5698234438896179
val/mean-predicted-length: 50.00436782836914
val/mean-target-length: 23.292325973510742
val/next-item-accuracy: 0.3850107192993164
val/next-item-mae: 0.6370773315429688
val/next-item-map: 0.046446479856967926
val/next-item-map-weighted: 0.32650455832481384
val/next-item-max-f-score: 0.08689182251691818
val/next-item-max-f-score-weighted: 0.3632603883743286
val/next-item-mean-time-step: 0.8296724557876587
val/next-item-rmse: 1.0341999530792236
val/next-k-label-distribution-delta: 19.924699783325195
val/optimal-transport-distance: 27.530160903930664
val/sequence-labels-entropy: 0.881628155708313
val/target-sequence-labels-entropy: 2.297581195831299
