date: '2025-04-09 23:38:22'
test/T-mAP: 0.05761459097266197
test/T-mAP-weighted: 0.31567785143852234
test/horizon-max-f-score: 0.09994832426309586
test/horizon-max-f-score-weighted: 0.3639058470726013
test/horizon-mean-time-step: 0.640311598777771
test/loss: 2.868582248687744
test/loss_labels: 2.2949626445770264
test/loss_timestamps: 0.5736190676689148
test/mean-predicted-length: 11.904547691345215
test/mean-target-length: 9.136935234069824
test/next-item-accuracy: 0.37647128105163574
test/next-item-mae: 0.6426186561584473
test/next-item-map: 0.04255446419119835
test/next-item-map-weighted: 0.31200551986694336
test/next-item-max-f-score: 0.08175991475582123
test/next-item-max-f-score-weighted: 0.35373881459236145
test/next-item-mean-time-step: 0.8307702541351318
test/next-item-rmse: 1.0340461730957031
test/next-k-label-distribution-delta: 5.305086135864258
test/optimal-transport-distance: 6.8279876708984375
test/sequence-labels-entropy: 0.8786657452583313
test/target-sequence-labels-entropy: 2.2888920307159424
val/T-mAP: 0.055346712470054626
val/T-mAP-weighted: 0.31717541813850403
val/horizon-max-f-score: 0.09535076469182968
val/horizon-max-f-score-weighted: 0.3665178120136261
val/horizon-mean-time-step: 0.6420667767524719
val/loss: 2.8477983474731445
val/loss_labels: 2.2751052379608154
val/loss_timestamps: 0.5726921558380127
val/mean-predicted-length: 11.88461685180664
val/mean-target-length: 9.149765014648438
val/next-item-accuracy: 0.37940412759780884
val/next-item-mae: 0.6414294838905334
val/next-item-map: 0.042466819286346436
val/next-item-map-weighted: 0.3155222535133362
val/next-item-max-f-score: 0.08070774376392365
val/next-item-max-f-score-weighted: 0.35657012462615967
val/next-item-mean-time-step: 0.8312691450119019
val/next-item-rmse: 1.0358208417892456
val/next-k-label-distribution-delta: 5.277220249176025
val/optimal-transport-distance: 6.806509494781494
val/sequence-labels-entropy: 0.8733606338500977
val/target-sequence-labels-entropy: 2.2750349044799805
