date: '2025-04-09 23:46:46'
test/T-mAP: 0.05024399235844612
test/T-mAP-weighted: 0.2876911461353302
test/horizon-max-f-score: 0.09583326429128647
test/horizon-max-f-score-weighted: 0.35445916652679443
test/horizon-mean-time-step: 0.5941957831382751
test/loss: 2.8320324420928955
test/loss_labels: 2.261322498321533
test/loss_timestamps: 0.5707105994224548
test/mean-predicted-length: 25.759540557861328
test/mean-target-length: 17.53530502319336
test/next-item-accuracy: 0.38243329524993896
test/next-item-mae: 0.6381228566169739
test/next-item-map: 0.04616866260766983
test/next-item-map-weighted: 0.3235744833946228
test/next-item-max-f-score: 0.08722297847270966
test/next-item-max-f-score-weighted: 0.3605879247188568
test/next-item-mean-time-step: 0.829236626625061
test/next-item-rmse: 1.0324652194976807
test/next-k-label-distribution-delta: 9.994566917419434
test/optimal-transport-distance: 13.700174331665039
test/sequence-labels-entropy: 0.89180588722229
test/target-sequence-labels-entropy: 2.316180467605591
val/T-mAP: 0.04912440478801727
val/T-mAP-weighted: 0.291611909866333
val/horizon-max-f-score: 0.09254254400730133
val/horizon-max-f-score-weighted: 0.35821619629859924
val/horizon-mean-time-step: 0.5990827679634094
val/loss: 2.8126912117004395
val/loss_labels: 2.2428674697875977
val/loss_timestamps: 0.5698234438896179
val/mean-predicted-length: 25.60429573059082
val/mean-target-length: 17.555740356445312
val/next-item-accuracy: 0.3850107192993164
val/next-item-mae: 0.6370773315429688
val/next-item-map: 0.046446479856967926
val/next-item-map-weighted: 0.32650455832481384
val/next-item-max-f-score: 0.08689182251691818
val/next-item-max-f-score-weighted: 0.3632603883743286
val/next-item-mean-time-step: 0.8296724557876587
val/next-item-rmse: 1.0341999530792236
val/next-k-label-distribution-delta: 9.964651107788086
val/optimal-transport-distance: 13.658960342407227
val/sequence-labels-entropy: 0.8860670328140259
val/target-sequence-labels-entropy: 2.3000900745391846
