date: '2025-04-10 00:41:14'
test/T-mAP: 0.03863378241658211
test/T-mAP-weighted: 0.22111248970031738
test/horizon-max-f-score: 0.08477877825498581
test/horizon-max-f-score-weighted: 0.31264492869377136
test/horizon-mean-time-step: 0.6198634505271912
test/loss: 2.8320324420928955
test/loss_labels: 2.261322498321533
test/loss_timestamps: 0.5707105994224548
test/mean-predicted-length: 38.21485900878906
test/mean-target-length: 21.879287719726562
test/next-item-accuracy: 0.38243329524993896
test/next-item-mae: 0.6381228566169739
test/next-item-map: 0.04616866260766983
test/next-item-map-weighted: 0.3235744833946228
test/next-item-max-f-score: 0.08722297847270966
test/next-item-max-f-score-weighted: 0.3605879247188568
test/next-item-mean-time-step: 0.829236626625061
test/next-item-rmse: 1.0324652194976807
test/next-k-label-distribution-delta: 14.984613418579102
test/optimal-transport-distance: 20.63844871520996
test/sequence-labels-entropy: 0.8884227871894836
test/target-sequence-labels-entropy: 2.3152592182159424
val/T-mAP: 0.037728942930698395
val/T-mAP-weighted: 0.2255973517894745
val/horizon-max-f-score: 0.0814272090792656
val/horizon-max-f-score-weighted: 0.3165017068386078
val/horizon-mean-time-step: 0.6244668960571289
val/loss: 2.8126912117004395
val/loss_labels: 2.2428674697875977
val/loss_timestamps: 0.5698234438896179
val/mean-predicted-length: 37.968753814697266
val/mean-target-length: 21.86484146118164
val/next-item-accuracy: 0.3850107192993164
val/next-item-mae: 0.6370773315429688
val/next-item-map: 0.046446479856967926
val/next-item-map-weighted: 0.32650455832481384
val/next-item-max-f-score: 0.08689182251691818
val/next-item-max-f-score-weighted: 0.3632603883743286
val/next-item-mean-time-step: 0.8296724557876587
val/next-item-rmse: 1.0341999530792236
val/next-k-label-distribution-delta: 14.919465065002441
val/optimal-transport-distance: 20.575632095336914
val/sequence-labels-entropy: 0.882903516292572
val/target-sequence-labels-entropy: 2.29923939704895
