date: '2025-04-10 03:22:56'
test/T-mAP: 0.031148528680205345
test/T-mAP-weighted: 0.17412151396274567
test/horizon-max-f-score: 0.07455919682979584
test/horizon-max-f-score-weighted: 0.2868461012840271
test/horizon-mean-time-step: 0.74342280626297
test/loss: 2.868582248687744
test/loss_labels: 2.2949626445770264
test/loss_timestamps: 0.5736190676689148
test/mean-predicted-length: 43.92212677001953
test/mean-target-length: 23.303152084350586
test/next-item-accuracy: 0.37647128105163574
test/next-item-mae: 0.6426186561584473
test/next-item-map: 0.04255446419119835
test/next-item-map-weighted: 0.31200551986694336
test/next-item-max-f-score: 0.08175991475582123
test/next-item-max-f-score-weighted: 0.35373881459236145
test/next-item-mean-time-step: 0.8307702541351318
test/next-item-rmse: 1.0340461730957031
test/next-k-label-distribution-delta: 20.69622039794922
test/optimal-transport-distance: 27.248353958129883
test/sequence-labels-entropy: 0.8865458369255066
test/target-sequence-labels-entropy: 2.3139142990112305
val/T-mAP: 0.028342509642243385
val/T-mAP-weighted: 0.17779521644115448
val/horizon-max-f-score: 0.06938738375902176
val/horizon-max-f-score-weighted: 0.2894841730594635
val/horizon-mean-time-step: 0.7436519265174866
val/loss: 2.8477983474731445
val/loss_labels: 2.2751052379608154
val/loss_timestamps: 0.5726921558380127
val/mean-predicted-length: 43.87417984008789
val/mean-target-length: 23.292325973510742
val/next-item-accuracy: 0.37940412759780884
val/next-item-mae: 0.6414294838905334
val/next-item-map: 0.042466819286346436
val/next-item-map-weighted: 0.3155222535133362
val/next-item-max-f-score: 0.08070774376392365
val/next-item-max-f-score-weighted: 0.35657012462615967
val/next-item-mean-time-step: 0.8312691450119019
val/next-item-rmse: 1.0358208417892456
val/next-k-label-distribution-delta: 20.584787368774414
val/optimal-transport-distance: 27.166292190551758
val/sequence-labels-entropy: 0.880321741104126
val/target-sequence-labels-entropy: 2.297581195831299
