date: '2025-04-10 01:43:34'
test/T-mAP: 0.038408469408750534
test/T-mAP-weighted: 0.23641176521778107
test/horizon-max-f-score: 0.08133533596992493
test/horizon-max-f-score-weighted: 0.32907000184059143
test/horizon-mean-time-step: 0.7188738584518433
test/loss: 2.868582248687744
test/loss_labels: 2.2949626445770264
test/loss_timestamps: 0.5736190676689148
test/mean-predicted-length: 33.73146057128906
test/mean-target-length: 21.879287719726562
test/next-item-accuracy: 0.37647128105163574
test/next-item-mae: 0.6426186561584473
test/next-item-map: 0.04255446419119835
test/next-item-map-weighted: 0.31200551986694336
test/next-item-max-f-score: 0.08175991475582123
test/next-item-max-f-score-weighted: 0.35373881459236145
test/next-item-mean-time-step: 0.8307702541351318
test/next-item-rmse: 1.0340461730957031
test/next-k-label-distribution-delta: 15.532927513122559
test/optimal-transport-distance: 20.468124389648438
test/sequence-labels-entropy: 0.8843521475791931
test/target-sequence-labels-entropy: 2.3152592182159424
val/T-mAP: 0.034902527928352356
val/T-mAP-weighted: 0.240240678191185
val/horizon-max-f-score: 0.07582736015319824
val/horizon-max-f-score-weighted: 0.3319298326969147
val/horizon-mean-time-step: 0.719569206237793
val/loss: 2.8477983474731445
val/loss_labels: 2.2751052379608154
val/loss_timestamps: 0.5726921558380127
val/mean-predicted-length: 33.68622970581055
val/mean-target-length: 21.86484146118164
val/next-item-accuracy: 0.37940412759780884
val/next-item-mae: 0.6414294838905334
val/next-item-map: 0.042466819286346436
val/next-item-map-weighted: 0.3155222535133362
val/next-item-max-f-score: 0.08070774376392365
val/next-item-max-f-score-weighted: 0.35657012462615967
val/next-item-mean-time-step: 0.8312691450119019
val/next-item-rmse: 1.0358208417892456
val/next-k-label-distribution-delta: 15.449360847473145
val/optimal-transport-distance: 20.418529510498047
val/sequence-labels-entropy: 0.8783648014068604
val/target-sequence-labels-entropy: 2.29923939704895
