date: '2025-04-09 23:16:55'
test/T-mAP: 0.060453515499830246
test/T-mAP-weighted: 0.3238062858581543
test/horizon-max-f-score: 0.105416439473629
test/horizon-max-f-score-weighted: 0.3658882677555084
test/horizon-mean-time-step: 0.5673817992210388
test/loss: 2.8320324420928955
test/loss_labels: 2.261322498321533
test/loss_timestamps: 0.5707105994224548
test/mean-predicted-length: 12.86902141571045
test/mean-target-length: 9.136935234069824
test/next-item-accuracy: 0.38243329524993896
test/next-item-mae: 0.6381228566169739
test/next-item-map: 0.04616866260766983
test/next-item-map-weighted: 0.3235744833946228
test/next-item-max-f-score: 0.08722297847270966
test/next-item-max-f-score-weighted: 0.3605879247188568
test/next-item-mean-time-step: 0.829236626625061
test/next-item-rmse: 1.0324652194976807
test/next-k-label-distribution-delta: 5.146992206573486
test/optimal-transport-distance: 6.796119689941406
test/sequence-labels-entropy: 0.9022079110145569
test/target-sequence-labels-entropy: 2.2888920307159424
val/T-mAP: 0.0636901706457138
val/T-mAP-weighted: 0.3261389434337616
val/horizon-max-f-score: 0.10738974809646606
val/horizon-max-f-score-weighted: 0.36947232484817505
val/horizon-mean-time-step: 0.5720425844192505
val/loss: 2.8126912117004395
val/loss_labels: 2.2428674697875977
val/loss_timestamps: 0.5698234438896179
val/mean-predicted-length: 12.80414867401123
val/mean-target-length: 9.149765014648438
val/next-item-accuracy: 0.3850107192993164
val/next-item-mae: 0.6370773315429688
val/next-item-map: 0.046446479856967926
val/next-item-map-weighted: 0.32650455832481384
val/next-item-max-f-score: 0.08689182251691818
val/next-item-max-f-score-weighted: 0.3632603883743286
val/next-item-mean-time-step: 0.8296724557876587
val/next-item-rmse: 1.0341999530792236
val/next-k-label-distribution-delta: 5.127421855926514
val/optimal-transport-distance: 6.77260160446167
val/sequence-labels-entropy: 0.8959194421768188
val/target-sequence-labels-entropy: 2.2750349044799805
