date: '2025-04-10 00:28:37'
test/T-mAP: 0.04886562377214432
test/T-mAP-weighted: 0.297804594039917
test/horizon-max-f-score: 0.09033804386854172
test/horizon-max-f-score-weighted: 0.363854318857193
test/horizon-mean-time-step: 0.6881662607192993
test/loss: 2.868582248687744
test/loss_labels: 2.2949626445770264
test/loss_timestamps: 0.5736190676689148
test/mean-predicted-length: 23.162691116333008
test/mean-target-length: 17.53530502319336
test/next-item-accuracy: 0.37647128105163574
test/next-item-mae: 0.6426186561584473
test/next-item-map: 0.04255446419119835
test/next-item-map-weighted: 0.31200551986694336
test/next-item-max-f-score: 0.08175991475582123
test/next-item-max-f-score-weighted: 0.35373881459236145
test/next-item-mean-time-step: 0.8307702541351318
test/next-item-rmse: 1.0340461730957031
test/next-k-label-distribution-delta: 10.369948387145996
test/optimal-transport-distance: 13.66726303100586
test/sequence-labels-entropy: 0.8815372586250305
test/target-sequence-labels-entropy: 2.316180467605591
val/T-mAP: 0.04433845356106758
val/T-mAP-weighted: 0.3004431426525116
val/horizon-max-f-score: 0.08374819159507751
val/horizon-max-f-score-weighted: 0.36671698093414307
val/horizon-mean-time-step: 0.6892915368080139
val/loss: 2.8477983474731445
val/loss_labels: 2.2751052379608154
val/loss_timestamps: 0.5726921558380127
val/mean-predicted-length: 23.126188278198242
val/mean-target-length: 17.555740356445312
val/next-item-accuracy: 0.37940412759780884
val/next-item-mae: 0.6414294838905334
val/next-item-map: 0.042466819286346436
val/next-item-map-weighted: 0.3155222535133362
val/next-item-max-f-score: 0.08070774376392365
val/next-item-max-f-score-weighted: 0.35657012462615967
val/next-item-mean-time-step: 0.8312691450119019
val/next-item-rmse: 1.0358208417892456
val/next-k-label-distribution-delta: 10.322273254394531
val/optimal-transport-distance: 13.618101119995117
val/sequence-labels-entropy: 0.8757563233375549
val/target-sequence-labels-entropy: 2.3000900745391846
