date: '2025-04-10 05:30:10'
test/T-mAP: 0.05484545975923538
test/T-mAP-weighted: 0.32802852988243103
test/horizon-max-f-score: 0.09427798539400101
test/horizon-max-f-score-weighted: 0.3691474199295044
test/horizon-mean-time-step: 0.7407668232917786
test/loss: 2.660454034805298
test/loss_nhp: 2.660454034805298
test/mean-predicted-length: 9.426974296569824
test/mean-target-length: 9.136935234069824
test/next-item-accuracy: 0.35536515712738037
test/next-item-mae: 0.6932427287101746
test/next-item-map: 0.03382046893239021
test/next-item-map-weighted: 0.2695574164390564
test/next-item-max-f-score: 0.06792063266038895
test/next-item-max-f-score-weighted: 0.3189293146133423
test/next-item-mean-time-step: 0.8425182700157166
test/next-item-rmse: 1.0372121334075928
test/next-k-label-distribution-delta: 5.864319324493408
test/optimal-transport-distance: 6.9712910652160645
test/sequence-labels-entropy: 0.5665680170059204
test/target-sequence-labels-entropy: 2.2888920307159424
test/thinning_accepted: 41.147884368896484
val/T-mAP: 0.056612852960824966
val/T-mAP-weighted: 0.32981595396995544
val/horizon-max-f-score: 0.09625113755464554
val/horizon-max-f-score-weighted: 0.37092089653015137
val/horizon-mean-time-step: 0.7403112649917603
val/loss: 2.6397154331207275
val/loss_nhp: 2.6397154331207275
val/mean-predicted-length: 9.457131385803223
val/mean-target-length: 9.149765014648438
val/next-item-accuracy: 0.3566945493221283
val/next-item-mae: 0.6925229430198669
val/next-item-map: 0.0322490930557251
val/next-item-map-weighted: 0.271920770406723
val/next-item-max-f-score: 0.06383579224348068
val/next-item-max-f-score-weighted: 0.32027482986450195
val/next-item-mean-time-step: 0.8428485989570618
val/next-item-rmse: 1.0391583442687988
val/next-k-label-distribution-delta: 5.8560709953308105
val/optimal-transport-distance: 6.966151714324951
val/sequence-labels-entropy: 0.5685717463493347
val/target-sequence-labels-entropy: 2.2750349044799805
val/thinning_accepted: 41.6185188293457
