date: '2025-04-10 09:42:51'
test/T-mAP: 0.03615712746977806
test/T-mAP-weighted: 0.177910715341568
test/horizon-max-f-score: 0.07542633265256882
test/horizon-max-f-score-weighted: 0.2698671519756317
test/horizon-mean-time-step: 0.8201911449432373
test/loss: 2.659006357192993
test/loss_nhp: 2.659006357192993
test/mean-predicted-length: 38.59531021118164
test/mean-target-length: 23.303152084350586
test/next-item-accuracy: 0.3553219437599182
test/next-item-mae: 0.6931782960891724
test/next-item-map: 0.033765342086553574
test/next-item-map-weighted: 0.2695869207382202
test/next-item-max-f-score: 0.06788108497858047
test/next-item-max-f-score-weighted: 0.3189351260662079
test/next-item-mean-time-step: 0.8425087332725525
test/next-item-rmse: 1.0370806455612183
test/next-k-label-distribution-delta: 23.101957321166992
test/optimal-transport-distance: 27.826812744140625
test/sequence-labels-entropy: 0.49987947940826416
test/target-sequence-labels-entropy: 2.3139142990112305
test/thinning_accepted: 40.645111083984375
val/T-mAP: 0.03509363904595375
val/T-mAP-weighted: 0.18054397404193878
val/horizon-max-f-score: 0.07252822071313858
val/horizon-max-f-score-weighted: 0.27229830622673035
val/horizon-mean-time-step: 0.8214129209518433
val/loss: 2.6378610134124756
val/loss_nhp: 2.6378610134124756
val/mean-predicted-length: 38.649749755859375
val/mean-target-length: 23.292325973510742
val/next-item-accuracy: 0.3566886782646179
val/next-item-mae: 0.6925516724586487
val/next-item-map: 0.03231731802225113
val/next-item-map-weighted: 0.27200552821159363
val/next-item-max-f-score: 0.06374219805002213
val/next-item-max-f-score-weighted: 0.3201318383216858
val/next-item-mean-time-step: 0.8427848815917969
val/next-item-rmse: 1.039131999015808
val/next-k-label-distribution-delta: 23.027978897094727
val/optimal-transport-distance: 27.768543243408203
val/sequence-labels-entropy: 0.49678680300712585
val/target-sequence-labels-entropy: 2.2975809574127197
val/thinning_accepted: 41.261474609375
