date: '2025-04-10 07:33:21'
test/T-mAP: 0.0493663027882576
test/T-mAP-weighted: 0.3055773675441742
test/horizon-max-f-score: 0.08889111131429672
test/horizon-max-f-score-weighted: 0.3532508909702301
test/horizon-mean-time-step: 0.7702068090438843
test/loss: 2.660578727722168
test/loss_nhp: 2.660578727722168
test/mean-predicted-length: 19.374963760375977
test/mean-target-length: 17.53530502319336
test/next-item-accuracy: 0.3552990257740021
test/next-item-mae: 0.6932962536811829
test/next-item-map: 0.03388042747974396
test/next-item-map-weighted: 0.26956671476364136
test/next-item-max-f-score: 0.06794758886098862
test/next-item-max-f-score-weighted: 0.31892457604408264
test/next-item-mean-time-step: 0.8425861597061157
test/next-item-rmse: 1.037104606628418
test/next-k-label-distribution-delta: 11.511245727539062
test/optimal-transport-distance: 13.874882698059082
test/sequence-labels-entropy: 0.5412789583206177
test/target-sequence-labels-entropy: 2.316180467605591
test/thinning_accepted: 41.069740295410156
val/T-mAP: 0.04770149663090706
val/T-mAP-weighted: 0.3071836531162262
val/horizon-max-f-score: 0.08572772145271301
val/horizon-max-f-score-weighted: 0.35572004318237305
val/horizon-mean-time-step: 0.7702699899673462
val/loss: 2.6404731273651123
val/loss_nhp: 2.6404731273651123
val/mean-predicted-length: 19.42835235595703
val/mean-target-length: 17.555740356445312
val/next-item-accuracy: 0.3566379249095917
val/next-item-mae: 0.6925070285797119
val/next-item-map: 0.0322120264172554
val/next-item-map-weighted: 0.27193206548690796
val/next-item-max-f-score: 0.06385587900876999
val/next-item-max-f-score-weighted: 0.3201718330383301
val/next-item-mean-time-step: 0.8427888751029968
val/next-item-rmse: 1.039070963859558
val/next-k-label-distribution-delta: 11.485377311706543
val/optimal-transport-distance: 13.848355293273926
val/sequence-labels-entropy: 0.5419430732727051
val/target-sequence-labels-entropy: 2.3000900745391846
val/thinning_accepted: 41.65675735473633
