date: '2025-04-10 09:35:07'
test/T-mAP: 0.04052399843931198
test/T-mAP-weighted: 0.2390715628862381
test/horizon-max-f-score: 0.07987970858812332
test/horizon-max-f-score-weighted: 0.31076541543006897
test/horizon-mean-time-step: 0.7979275584220886
test/loss: 2.659191131591797
test/loss_nhp: 2.659191131591797
test/mean-predicted-length: 29.0609188079834
test/mean-target-length: 21.879287719726562
test/next-item-accuracy: 0.3553055226802826
test/next-item-mae: 0.6931691765785217
test/next-item-map: 0.033742863684892654
test/next-item-map-weighted: 0.26950883865356445
test/next-item-max-f-score: 0.06771189719438553
test/next-item-max-f-score-weighted: 0.31889092922210693
test/next-item-mean-time-step: 0.842522382736206
test/next-item-rmse: 1.0370588302612305
test/next-k-label-distribution-delta: 17.27838897705078
test/optimal-transport-distance: 20.83949851989746
test/sequence-labels-entropy: 0.5165626406669617
test/target-sequence-labels-entropy: 2.3152592182159424
test/thinning_accepted: 40.60328674316406
val/T-mAP: 0.04018040746450424
val/T-mAP-weighted: 0.24166612327098846
val/horizon-max-f-score: 0.07690191268920898
val/horizon-max-f-score-weighted: 0.31291261315345764
val/horizon-mean-time-step: 0.7983458638191223
val/loss: 2.6388115882873535
val/loss_nhp: 2.6388115882873535
val/mean-predicted-length: 29.118885040283203
val/mean-target-length: 21.86484146118164
val/next-item-accuracy: 0.3566296398639679
val/next-item-mae: 0.6925749182701111
val/next-item-map: 0.03211453929543495
val/next-item-map-weighted: 0.2718731462955475
val/next-item-max-f-score: 0.06409291923046112
val/next-item-max-f-score-weighted: 0.3201392590999603
val/next-item-mean-time-step: 0.8428754806518555
val/next-item-rmse: 1.0392283201217651
val/next-k-label-distribution-delta: 17.239870071411133
val/optimal-transport-distance: 20.819154739379883
val/sequence-labels-entropy: 0.5169424414634705
val/target-sequence-labels-entropy: 2.299239158630371
val/thinning_accepted: 41.24308776855469
