date: '2025-04-10 06:45:03'
test/T-mAP: 0.0544225312769413
test/T-mAP-weighted: 0.3261526823043823
test/horizon-max-f-score: 0.09447012096643448
test/horizon-max-f-score-weighted: 0.363966166973114
test/horizon-mean-time-step: 0.7858220934867859
test/loss: 2.6623287200927734
test/loss_nhp: 2.6623287200927734
test/mean-predicted-length: 8.988740921020508
test/mean-target-length: 9.136935234069824
test/next-item-accuracy: 0.3558368980884552
test/next-item-mae: 0.6935128569602966
test/next-item-map: 0.033752910792827606
test/next-item-map-weighted: 0.26605260372161865
test/next-item-max-f-score: 0.06772906333208084
test/next-item-max-f-score-weighted: 0.3176022171974182
test/next-item-mean-time-step: 0.8423873782157898
test/next-item-rmse: 1.038226842880249
test/next-k-label-distribution-delta: 5.905279159545898
test/optimal-transport-distance: 6.978987693786621
test/sequence-labels-entropy: 0.5191539525985718
test/target-sequence-labels-entropy: 2.2888920307159424
test/thinning_accepted: 42.399906158447266
val/T-mAP: 0.05374955013394356
val/T-mAP-weighted: 0.32806602120399475
val/horizon-max-f-score: 0.09398156404495239
val/horizon-max-f-score-weighted: 0.3659243881702423
val/horizon-mean-time-step: 0.7863216400146484
val/loss: 2.6412484645843506
val/loss_nhp: 2.6412484645843506
val/mean-predicted-length: 9.001267433166504
val/mean-target-length: 9.149765014648438
val/next-item-accuracy: 0.35696691274642944
val/next-item-mae: 0.6927290558815002
val/next-item-map: 0.032467398792505264
val/next-item-map-weighted: 0.2682749330997467
val/next-item-max-f-score: 0.06459707766771317
val/next-item-max-f-score-weighted: 0.31893855333328247
val/next-item-mean-time-step: 0.8427108526229858
val/next-item-rmse: 1.0400174856185913
val/next-k-label-distribution-delta: 5.895688056945801
val/optimal-transport-distance: 6.968105316162109
val/sequence-labels-entropy: 0.5189499855041504
val/target-sequence-labels-entropy: 2.2750349044799805
val/thinning_accepted: 42.9411506652832
