date: '2025-04-10 13:41:02'
test/T-mAP: 0.040738217532634735
test/T-mAP-weighted: 0.2356429398059845
test/horizon-max-f-score: 0.08052327483892441
test/horizon-max-f-score-weighted: 0.3087722063064575
test/horizon-mean-time-step: 0.8950330018997192
test/loss: 2.661519765853882
test/loss_nhp: 2.661519765853882
test/mean-predicted-length: 27.375774383544922
test/mean-target-length: 21.879287719726562
test/next-item-accuracy: 0.35580670833587646
test/next-item-mae: 0.6932668685913086
test/next-item-map: 0.03364746645092964
test/next-item-map-weighted: 0.26602619886398315
test/next-item-max-f-score: 0.06768999993801117
test/next-item-max-f-score-weighted: 0.31768545508384705
test/next-item-mean-time-step: 0.8422645330429077
test/next-item-rmse: 1.0378823280334473
test/next-k-label-distribution-delta: 17.615005493164062
test/optimal-transport-distance: 20.881366729736328
test/sequence-labels-entropy: 0.4520886540412903
test/target-sequence-labels-entropy: 2.3152592182159424
test/thinning_accepted: 41.87587356567383
val/T-mAP: 0.039493560791015625
val/T-mAP-weighted: 0.23802341520786285
val/horizon-max-f-score: 0.07796213775873184
val/horizon-max-f-score-weighted: 0.3107569217681885
val/horizon-mean-time-step: 0.8961183428764343
val/loss: 2.643038034439087
val/loss_nhp: 2.643038034439087
val/mean-predicted-length: 27.39580535888672
val/mean-target-length: 21.86484146118164
val/next-item-accuracy: 0.35709139704704285
val/next-item-mae: 0.6927521228790283
val/next-item-map: 0.03252752125263214
val/next-item-map-weighted: 0.26837658882141113
val/next-item-max-f-score: 0.06513463705778122
val/next-item-max-f-score-weighted: 0.3189748227596283
val/next-item-mean-time-step: 0.8427745699882507
val/next-item-rmse: 1.0399805307388306
val/next-k-label-distribution-delta: 17.611230850219727
val/optimal-transport-distance: 20.876708984375
val/sequence-labels-entropy: 0.451099157333374
val/target-sequence-labels-entropy: 2.299239158630371
val/thinning_accepted: 42.35062789916992
