date: '2025-04-10 16:26:33'
test/T-mAP: 0.03569696098566055
test/T-mAP-weighted: 0.1757369190454483
test/horizon-max-f-score: 0.07554253935813904
test/horizon-max-f-score-weighted: 0.27198418974876404
test/horizon-mean-time-step: 0.9279811978340149
test/loss: 2.6633903980255127
test/loss_nhp: 2.6633903980255127
test/mean-predicted-length: 36.01833724975586
test/mean-target-length: 23.303152084350586
test/next-item-accuracy: 0.3558376729488373
test/next-item-mae: 0.6935567855834961
test/next-item-map: 0.0335206463932991
test/next-item-map-weighted: 0.26598602533340454
test/next-item-max-f-score: 0.06749353557825089
test/next-item-max-f-score-weighted: 0.3175985813140869
test/next-item-mean-time-step: 0.8423886299133301
test/next-item-rmse: 1.0382448434829712
test/next-k-label-distribution-delta: 23.6092586517334
test/optimal-transport-distance: 27.866519927978516
test/sequence-labels-entropy: 0.42970362305641174
test/target-sequence-labels-entropy: 2.3139142990112305
test/thinning_accepted: 41.87587356567383
val/T-mAP: 0.03446537256240845
val/T-mAP-weighted: 0.17816416919231415
val/horizon-max-f-score: 0.07321766763925552
val/horizon-max-f-score-weighted: 0.27371373772621155
val/horizon-mean-time-step: 0.9297766089439392
val/loss: 2.642146587371826
val/loss_nhp: 2.642146587371826
val/mean-predicted-length: 36.01520538330078
val/mean-target-length: 23.292325973510742
val/next-item-accuracy: 0.3569444715976715
val/next-item-mae: 0.6928113698959351
val/next-item-map: 0.0325593538582325
val/next-item-map-weighted: 0.26835066080093384
val/next-item-max-f-score: 0.06492096185684204
val/next-item-max-f-score-weighted: 0.318848192691803
val/next-item-mean-time-step: 0.8427584767341614
val/next-item-rmse: 1.0400954484939575
val/next-k-label-distribution-delta: 23.601760864257812
val/optimal-transport-distance: 27.84336280822754
val/sequence-labels-entropy: 0.42697155475616455
val/target-sequence-labels-entropy: 2.2975809574127197
val/thinning_accepted: 42.38075256347656
