date: '2025-04-10 11:30:14'
test/T-mAP: 0.04777853935956955
test/T-mAP-weighted: 0.3045457899570465
test/horizon-max-f-score: 0.08656994998455048
test/horizon-max-f-score-weighted: 0.3487686812877655
test/horizon-mean-time-step: 0.8478342890739441
test/loss: 2.6628687381744385
test/loss_nhp: 2.6628687381744385
test/mean-predicted-length: 18.349233627319336
test/mean-target-length: 17.53530502319336
test/next-item-accuracy: 0.3558231592178345
test/next-item-mae: 0.693393886089325
test/next-item-map: 0.033925436437129974
test/next-item-map-weighted: 0.26604369282722473
test/next-item-max-f-score: 0.06842104345560074
test/next-item-max-f-score-weighted: 0.31765812635421753
test/next-item-mean-time-step: 0.842376172542572
test/next-item-rmse: 1.0381977558135986
test/next-k-label-distribution-delta: 11.684752464294434
test/optimal-transport-distance: 13.893054008483887
test/sequence-labels-entropy: 0.4821830987930298
test/target-sequence-labels-entropy: 2.3161802291870117
test/thinning_accepted: 41.84272384643555
val/T-mAP: 0.046966202557086945
val/T-mAP-weighted: 0.30543145537376404
val/horizon-max-f-score: 0.08511558920145035
val/horizon-max-f-score-weighted: 0.3504882752895355
val/horizon-mean-time-step: 0.8482298851013184
val/loss: 2.6414828300476074
val/loss_nhp: 2.6414828300476074
val/mean-predicted-length: 18.3779296875
val/mean-target-length: 17.555740356445312
val/next-item-accuracy: 0.35680389404296875
val/next-item-mae: 0.6929152607917786
val/next-item-map: 0.032461490482091904
val/next-item-map-weighted: 0.2682948112487793
val/next-item-max-f-score: 0.0649636909365654
val/next-item-max-f-score-weighted: 0.3188951909542084
val/next-item-mean-time-step: 0.8427165746688843
val/next-item-rmse: 1.0401263236999512
val/next-k-label-distribution-delta: 11.672991752624512
val/optimal-transport-distance: 13.885283470153809
val/sequence-labels-entropy: 0.4810772240161896
val/target-sequence-labels-entropy: 2.3000900745391846
val/thinning_accepted: 42.40522384643555
