date: '2025-04-10 03:38:13'
test/T-mAP: 0.038803622126579285
test/T-mAP-weighted: 0.2082352191209793
test/horizon-max-f-score: 0.08816488087177277
test/horizon-max-f-score-weighted: 0.31353431940078735
test/horizon-mean-time-step: 0.8097820281982422
test/loss: 3.1178157329559326
test/loss_labels: 2.2591371536254883
test/loss_timestamps: 0.8586791157722473
test/mean-predicted-length: 36.92852783203125
test/mean-target-length: 23.303152084350586
test/next-item-accuracy: 0.3830457329750061
test/next-item-mae: 0.6935825943946838
test/next-item-map: 0.046188972890377045
test/next-item-map-weighted: 0.32416439056396484
test/next-item-max-f-score: 0.08798176795244217
test/next-item-max-f-score-weighted: 0.36121895909309387
test/next-item-mean-time-step: 0.8414134979248047
test/next-item-rmse: 1.0356229543685913
test/next-k-label-distribution-delta: 19.929887771606445
test/optimal-transport-distance: 26.602537155151367
test/sequence-labels-entropy: 0.8811857104301453
test/target-sequence-labels-entropy: 2.3139142990112305
test/timestamps-bias-mean: 0.18900537490844727
test/timestamps-current_influence: -0.04692736640572548
val/T-mAP: 0.04192344471812248
val/T-mAP-weighted: 0.21153919398784637
val/horizon-max-f-score: 0.08720924705266953
val/horizon-max-f-score-weighted: 0.3162025213241577
val/horizon-mean-time-step: 0.8130034804344177
val/loss: 3.098332643508911
val/loss_labels: 2.240838050842285
val/loss_timestamps: 0.8574948310852051
val/mean-predicted-length: 36.871543884277344
val/mean-target-length: 23.292325973510742
val/next-item-accuracy: 0.3857365846633911
val/next-item-mae: 0.6927853226661682
val/next-item-map: 0.046091970056295395
val/next-item-map-weighted: 0.32709646224975586
val/next-item-max-f-score: 0.08685466647148132
val/next-item-max-f-score-weighted: 0.36384105682373047
val/next-item-mean-time-step: 0.8418218493461609
val/next-item-rmse: 1.0373928546905518
val/next-k-label-distribution-delta: 19.791976928710938
val/optimal-transport-distance: 26.52223014831543
val/sequence-labels-entropy: 0.8758132457733154
val/target-sequence-labels-entropy: 2.297581195831299
val/timestamps-bias-mean: 0.1903950721025467
val/timestamps-current_influence: -0.04692743346095085
