date: '2025-04-10 01:55:36'
test/T-mAP: 0.04856574907898903
test/T-mAP-weighted: 0.28396469354629517
test/horizon-max-f-score: 0.09770625084638596
test/horizon-max-f-score-weighted: 0.36562371253967285
test/horizon-mean-time-step: 0.8035042881965637
test/loss: 3.1173930168151855
test/loss_labels: 2.2591371536254883
test/loss_timestamps: 0.858256995677948
test/mean-predicted-length: 27.458425521850586
test/mean-target-length: 21.879287719726562
test/next-item-accuracy: 0.3830457329750061
test/next-item-mae: 0.6933606863021851
test/next-item-map: 0.046188972890377045
test/next-item-map-weighted: 0.32416439056396484
test/next-item-max-f-score: 0.08798176795244217
test/next-item-max-f-score-weighted: 0.36121895909309387
test/next-item-mean-time-step: 0.8413530588150024
test/next-item-rmse: 1.0356700420379639
test/next-k-label-distribution-delta: 14.937018394470215
test/optimal-transport-distance: 19.9475154876709
test/sequence-labels-entropy: 0.8875191807746887
test/target-sequence-labels-entropy: 2.3152592182159424
test/timestamps-bias-mean: 0.18900537490844727
test/timestamps-current_influence: -0.04692736640572548
val/T-mAP: 0.051239077001810074
val/T-mAP-weighted: 0.28702932596206665
val/horizon-max-f-score: 0.09630103409290314
val/horizon-max-f-score-weighted: 0.3682464361190796
val/horizon-mean-time-step: 0.806536078453064
val/loss: 3.098541021347046
val/loss_labels: 2.240838050842285
val/loss_timestamps: 0.857704222202301
val/mean-predicted-length: 27.431787490844727
val/mean-target-length: 21.86484146118164
val/next-item-accuracy: 0.3857365846633911
val/next-item-mae: 0.6928761601448059
val/next-item-map: 0.046091970056295395
val/next-item-map-weighted: 0.32709646224975586
val/next-item-max-f-score: 0.08685466647148132
val/next-item-max-f-score-weighted: 0.36384105682373047
val/next-item-mean-time-step: 0.8417577743530273
val/next-item-rmse: 1.0374397039413452
val/next-k-label-distribution-delta: 14.831093788146973
val/optimal-transport-distance: 19.893115997314453
val/sequence-labels-entropy: 0.8806235194206238
val/target-sequence-labels-entropy: 2.29923939704895
val/timestamps-bias-mean: 0.1903950721025467
val/timestamps-current_influence: -0.04692743346095085
