date: '2025-04-09 23:43:36'
test/T-mAP: 0.07169501483440399
test/T-mAP-weighted: 0.38982391357421875
test/horizon-max-f-score: 0.11815930902957916
test/horizon-max-f-score-weighted: 0.42055225372314453
test/horizon-mean-time-step: 0.7907618880271912
test/loss: 3.1177217960357666
test/loss_labels: 2.2591371536254883
test/loss_timestamps: 0.8585838079452515
test/mean-predicted-length: 8.68216609954834
test/mean-target-length: 9.136935234069824
test/next-item-accuracy: 0.3830457329750061
test/next-item-mae: 0.693464457988739
test/next-item-map: 0.046188972890377045
test/next-item-map-weighted: 0.32416439056396484
test/next-item-max-f-score: 0.08798176795244217
test/next-item-max-f-score-weighted: 0.36121895909309387
test/next-item-mean-time-step: 0.8413804769515991
test/next-item-rmse: 1.0356653928756714
test/next-k-label-distribution-delta: 5.122593402862549
test/optimal-transport-distance: 6.695589065551758
test/sequence-labels-entropy: 0.9140506982803345
test/target-sequence-labels-entropy: 2.2888920307159424
test/timestamps-bias-mean: 0.18900537490844727
test/timestamps-current_influence: -0.04692736640572548
val/T-mAP: 0.07818528264760971
val/T-mAP-weighted: 0.39135313034057617
val/horizon-max-f-score: 0.12076755613088608
val/horizon-max-f-score-weighted: 0.4231921136379242
val/horizon-mean-time-step: 0.7930886745452881
val/loss: 3.0986969470977783
val/loss_labels: 2.240838050842285
val/loss_timestamps: 0.8578597903251648
val/mean-predicted-length: 8.681694984436035
val/mean-target-length: 9.149765014648438
val/next-item-accuracy: 0.3857365846633911
val/next-item-mae: 0.6928701996803284
val/next-item-map: 0.046091970056295395
val/next-item-map-weighted: 0.32709646224975586
val/next-item-max-f-score: 0.08685466647148132
val/next-item-max-f-score-weighted: 0.36384105682373047
val/next-item-mean-time-step: 0.8417549729347229
val/next-item-rmse: 1.0374436378479004
val/next-k-label-distribution-delta: 5.0948076248168945
val/optimal-transport-distance: 6.675449848175049
val/sequence-labels-entropy: 0.9075103998184204
val/target-sequence-labels-entropy: 2.2750349044799805
val/timestamps-bias-mean: 0.1903950721025467
val/timestamps-current_influence: -0.04692743346095085
