date: '2025-04-10 00:37:17'
test/T-mAP: 0.061486560851335526
test/T-mAP-weighted: 0.3615344166755676
test/horizon-max-f-score: 0.10874572396278381
test/horizon-max-f-score-weighted: 0.41072145104408264
test/horizon-mean-time-step: 0.7957867383956909
test/loss: 3.117471933364868
test/loss_labels: 2.2591371536254883
test/loss_timestamps: 0.8583338856697083
test/mean-predicted-length: 18.024085998535156
test/mean-target-length: 17.53530502319336
test/next-item-accuracy: 0.3830457329750061
test/next-item-mae: 0.6935421228408813
test/next-item-map: 0.046188972890377045
test/next-item-map-weighted: 0.32416439056396484
test/next-item-max-f-score: 0.08798176795244217
test/next-item-max-f-score-weighted: 0.36121895909309387
test/next-item-mean-time-step: 0.8414303660392761
test/next-item-rmse: 1.0357158184051514
test/next-k-label-distribution-delta: 9.956531524658203
test/optimal-transport-distance: 13.298245429992676
test/sequence-labels-entropy: 0.8965761661529541
test/target-sequence-labels-entropy: 2.316180467605591
test/timestamps-bias-mean: 0.18900537490844727
test/timestamps-current_influence: -0.04692736640572548
val/T-mAP: 0.06422219425439835
val/T-mAP-weighted: 0.36359483003616333
val/horizon-max-f-score: 0.10754331946372986
val/horizon-max-f-score-weighted: 0.41359883546829224
val/horizon-mean-time-step: 0.7985336184501648
val/loss: 3.09843373298645
val/loss_labels: 2.240838050842285
val/loss_timestamps: 0.8575960397720337
val/mean-predicted-length: 18.015506744384766
val/mean-target-length: 17.555740356445312
val/next-item-accuracy: 0.3857365846633911
val/next-item-mae: 0.6926125288009644
val/next-item-map: 0.046091970056295395
val/next-item-map-weighted: 0.32709646224975586
val/next-item-max-f-score: 0.08685466647148132
val/next-item-max-f-score-weighted: 0.36384105682373047
val/next-item-mean-time-step: 0.8417592644691467
val/next-item-rmse: 1.0372525453567505
val/next-k-label-distribution-delta: 9.904491424560547
val/optimal-transport-distance: 13.256362915039062
val/sequence-labels-entropy: 0.8914413452148438
val/target-sequence-labels-entropy: 2.3000900745391846
val/timestamps-bias-mean: 0.1903950721025467
val/timestamps-current_influence: -0.04692743346095085
