date: '2025-04-09 18:20:28'
test/T-mAP: 0.21431007981300354
test/T-mAP-weighted: 0.30395951867103577
test/horizon-max-f-score: 0.2898460030555725
test/horizon-max-f-score-weighted: 0.38282671570777893
test/horizon-mean-time-step: 0.1957172155380249
test/loss: 7.2871904373168945
test/loss__presence: 0.7988777756690979
test/loss_labels: 1.2280919551849365
test/loss_next_item_labels: 1.9882782697677612
test/loss_next_item_timestamps: 0.23741573095321655
test/loss_timestamps: 3.0345287322998047
test/match_cost_mean: -1.7105717658996582
test/match_cost_std: 15.416581153869629
test/max_cost: 55.65877151489258
test/mean-predicted-length: 60.81576156616211
test/mean-target-length: 32.0
test/next-item-accuracy: 0.35718396306037903
test/next-item-mae: 0.2368125170469284
test/next-item-map: 0.1726987361907959
test/next-item-map-weighted: 0.29771721363067627
test/next-item-max-f-score: 0.2310156524181366
test/next-item-max-f-score-weighted: 0.3477964401245117
test/next-item-mean-time-step: 0.5215567946434021
test/next-item-rmse: 0.38032281398773193
test/next-k-label-distribution-delta: 14.469172477722168
test/optimal-transport-distance: 23.753774642944336
test/prediction_match_rate: 0.5942515730857849
test/sequence-labels-entropy: 0.8298831582069397
test/target-sequence-labels-entropy: 1.116042137145996
test/target_match_rate: 1.0
val/T-mAP: 0.21035443246364594
val/T-mAP-weighted: 0.2995387017726898
val/horizon-max-f-score: 0.2896207869052887
val/horizon-max-f-score-weighted: 0.37884512543678284
val/horizon-mean-time-step: 0.19584760069847107
val/loss: 7.249673366546631
val/loss__presence: 0.7826539278030396
val/loss_labels: 1.2327345609664917
val/loss_next_item_labels: 2.0131943225860596
val/loss_next_item_timestamps: 0.23992577195167542
val/loss_timestamps: 2.9811654090881348
val/match_cost_mean: -1.9290270805358887
val/match_cost_std: 15.45060920715332
val/max_cost: 55.25798034667969
val/mean-predicted-length: 60.730255126953125
val/mean-target-length: 32.0
val/next-item-accuracy: 0.34736168384552
val/next-item-mae: 0.23923031985759735
val/next-item-map: 0.17140090465545654
val/next-item-map-weighted: 0.28877630829811096
val/next-item-max-f-score: 0.23472701013088226
val/next-item-max-f-score-weighted: 0.3426469564437866
val/next-item-mean-time-step: 0.5162686705589294
val/next-item-rmse: 0.3823188841342926
val/next-k-label-distribution-delta: 14.634108543395996
val/optimal-transport-distance: 23.999950408935547
val/prediction_match_rate: 0.5882478952407837
val/sequence-labels-entropy: 0.8129035234451294
val/target-sequence-labels-entropy: 1.0963712930679321
val/target_match_rate: 1.0
