date: '2025-04-09 18:18:04'
test/T-mAP: 0.3726947009563446
test/T-mAP-weighted: 0.5840196013450623
test/horizon-max-f-score: 0.40412935614585876
test/horizon-max-f-score-weighted: 0.5787330865859985
test/horizon-mean-time-step: 0.19590522348880768
test/loss: 4.666681289672852
test/loss__presence: 0.1957181841135025
test/loss_labels: 1.2546252012252808
test/loss_next_item_labels: 1.9882782697677612
test/loss_next_item_timestamps: 0.23741573095321655
test/loss_timestamps: 0.9906447529792786
test/match_cost_mean: -11.165973663330078
test/match_cost_std: 10.405518531799316
test/max_cost: 54.154998779296875
test/mean-predicted-length: 18.22929573059082
test/mean-target-length: 19.20047378540039
test/next-item-accuracy: 0.35718396306037903
test/next-item-mae: 0.2368125170469284
test/next-item-map: 0.1726987361907959
test/next-item-map-weighted: 0.29771721363067627
test/next-item-max-f-score: 0.2310156524181366
test/next-item-max-f-score-weighted: 0.3477964401245117
test/next-item-mean-time-step: 0.5215567946434021
test/next-item-rmse: 0.38032281398773193
test/next-k-label-distribution-delta: 4.633345603942871
test/optimal-transport-distance: 6.02271842956543
test/prediction_match_rate: 0.38655683398246765
test/sequence-labels-entropy: 0.9336044192314148
test/target-sequence-labels-entropy: 1.0759520530700684
test/target_match_rate: 1.0
val/T-mAP: 0.37292343378067017
val/T-mAP-weighted: 0.5748357176780701
val/horizon-max-f-score: 0.41066664457321167
val/horizon-max-f-score-weighted: 0.5748952031135559
val/horizon-mean-time-step: 0.19570355117321014
val/loss: 4.735992908477783
val/loss__presence: 0.20239613950252533
val/loss_labels: 1.2685259580612183
val/loss_next_item_labels: 2.0131943225860596
val/loss_next_item_timestamps: 0.23992577195167542
val/loss_timestamps: 1.0119504928588867
val/match_cost_mean: -11.0780029296875
val/match_cost_std: 10.595728874206543
val/max_cost: 53.79323196411133
val/mean-predicted-length: 18.167112350463867
val/mean-target-length: 19.335750579833984
val/next-item-accuracy: 0.34736168384552
val/next-item-mae: 0.23923031985759735
val/next-item-map: 0.17140090465545654
val/next-item-map-weighted: 0.28877630829811096
val/next-item-max-f-score: 0.23472701013088226
val/next-item-max-f-score-weighted: 0.3426469564437866
val/next-item-mean-time-step: 0.5162686705589294
val/next-item-rmse: 0.3823188841342926
val/next-k-label-distribution-delta: 4.6669206619262695
val/optimal-transport-distance: 6.049800395965576
val/prediction_match_rate: 0.38896939158439636
val/sequence-labels-entropy: 0.9111582040786743
val/target-sequence-labels-entropy: 1.0590906143188477
val/target_match_rate: 1.0
