date: '2025-04-09 18:18:39'
test/T-mAP: 0.33624032139778137
test/T-mAP-weighted: 0.5437731742858887
test/horizon-max-f-score: 0.37615999579429626
test/horizon-max-f-score-weighted: 0.5498634576797485
test/horizon-mean-time-step: 0.19688110053539276
test/loss: 6.872074604034424
test/loss__presence: 0.6645753383636475
test/loss_labels: 1.2017093896865845
test/loss_next_item_labels: 1.9882782697677612
test/loss_next_item_timestamps: 0.23741573095321655
test/loss_timestamps: 2.7800967693328857
test/match_cost_mean: -2.9821715354919434
test/match_cost_std: 14.555618286132812
test/max_cost: 55.60211944580078
test/mean-predicted-length: 33.1258659362793
test/mean-target-length: 31.106895446777344
test/next-item-accuracy: 0.35718396306037903
test/next-item-mae: 0.2368125170469284
test/next-item-map: 0.1726987361907959
test/next-item-map-weighted: 0.29771721363067627
test/next-item-max-f-score: 0.2310156524181366
test/next-item-max-f-score-weighted: 0.3477964401245117
test/next-item-mean-time-step: 0.5215567946434021
test/next-item-rmse: 0.38032281398773193
test/next-k-label-distribution-delta: 7.918642997741699
test/optimal-transport-distance: 11.784875869750977
test/prediction_match_rate: 0.5696489810943604
test/sequence-labels-entropy: 0.8909156918525696
test/target-sequence-labels-entropy: 1.11382257938385
test/target_match_rate: 1.0
val/T-mAP: 0.3333481550216675
val/T-mAP-weighted: 0.5324718952178955
val/horizon-max-f-score: 0.3811875581741333
val/horizon-max-f-score-weighted: 0.5449166297912598
val/horizon-mean-time-step: 0.1970096379518509
val/loss: 6.817665100097656
val/loss__presence: 0.6434571743011475
val/loss_labels: 1.205634355545044
val/loss_next_item_labels: 2.0131943225860596
val/loss_next_item_timestamps: 0.23992577195167542
val/loss_timestamps: 2.715454578399658
val/match_cost_mean: -3.252265214920044
val/match_cost_std: 14.554947853088379
val/max_cost: 55.23965835571289
val/mean-predicted-length: 33.09461975097656
val/mean-target-length: 31.037771224975586
val/next-item-accuracy: 0.34736168384552
val/next-item-mae: 0.23923031985759735
val/next-item-map: 0.17140090465545654
val/next-item-map-weighted: 0.28877630829811096
val/next-item-max-f-score: 0.23472701013088226
val/next-item-max-f-score-weighted: 0.3426469564437866
val/next-item-mean-time-step: 0.5162686705589294
val/next-item-rmse: 0.3823188841342926
val/next-k-label-distribution-delta: 8.057992935180664
val/optimal-transport-distance: 11.913768768310547
val/prediction_match_rate: 0.5627179741859436
val/sequence-labels-entropy: 0.8711721301078796
val/target-sequence-labels-entropy: 1.0944054126739502
val/target_match_rate: 1.0
