date: '2025-04-09 18:19:52'
test/T-mAP: 0.20480497181415558
test/T-mAP-weighted: 0.3249669671058655
test/horizon-max-f-score: 0.26888149976730347
test/horizon-max-f-score-weighted: 0.3794143497943878
test/horizon-mean-time-step: 0.6070359945297241
test/loss: 2.4710168838500977
test/loss_decoder_labels: 2.0305960178375244
test/loss_decoder_timestamps: 0.24346226453781128
test/loss_diffusion: 0.19695860147476196
test/loss_embedder_regularizer: 3.8821563741464615e-09
test/mean-predicted-length: 46.0025520324707
test/mean-target-length: 32.0
test/next-item-accuracy: 0.3255555033683777
test/next-item-mae: 0.24650412797927856
test/next-item-map: 0.14127576351165771
test/next-item-map-weighted: 0.26052433252334595
test/next-item-max-f-score: 0.19779309630393982
test/next-item-max-f-score-weighted: 0.31885194778442383
test/next-item-mean-time-step: 0.5166345238685608
test/next-item-rmse: 0.39978569746017456
test/next-k-label-distribution-delta: 15.151769638061523
test/optimal-transport-distance: 19.404638290405273
test/sequence-labels-entropy: 0.5167742371559143
test/target-sequence-labels-entropy: 1.116042137145996
val/T-mAP: 0.20623642206192017
val/T-mAP-weighted: 0.32157328724861145
val/horizon-max-f-score: 0.271674782037735
val/horizon-max-f-score-weighted: 0.3755115866661072
val/horizon-mean-time-step: 0.6063101291656494
val/loss: 2.505316734313965
val/loss_decoder_labels: 2.060210943222046
val/loss_decoder_timestamps: 0.2476567178964615
val/loss_diffusion: 0.1974492073059082
val/loss_embedder_regularizer: 3.889422561798028e-09
val/mean-predicted-length: 45.88973617553711
val/mean-target-length: 32.0
val/next-item-accuracy: 0.3149610459804535
val/next-item-mae: 0.2515750825405121
val/next-item-map: 0.14212849736213684
val/next-item-map-weighted: 0.25389179587364197
val/next-item-max-f-score: 0.20113781094551086
val/next-item-max-f-score-weighted: 0.31453782320022583
val/next-item-mean-time-step: 0.5112395286560059
val/next-item-rmse: 0.40363940596580505
val/next-k-label-distribution-delta: 15.524608612060547
val/optimal-transport-distance: 19.704666137695312
val/sequence-labels-entropy: 0.5159310102462769
val/target-sequence-labels-entropy: 1.0963712930679321
