date: '2025-04-09 18:18:21'
test/T-mAP: 0.3017248511314392
test/T-mAP-weighted: 0.5010989904403687
test/horizon-max-f-score: 0.34434109926223755
test/horizon-max-f-score-weighted: 0.506338357925415
test/horizon-mean-time-step: 0.7365105748176575
test/loss: 2.4713988304138184
test/loss_decoder_labels: 2.0308244228363037
test/loss_decoder_timestamps: 0.24349036812782288
test/loss_diffusion: 0.1970832347869873
test/loss_embedder_regularizer: 3.882066668126072e-09
test/mean-predicted-length: 13.109996795654297
test/mean-target-length: 19.20047378540039
test/next-item-accuracy: 0.32462966442108154
test/next-item-mae: 0.24656350910663605
test/next-item-map: 0.14204034209251404
test/next-item-map-weighted: 0.2607186436653137
test/next-item-max-f-score: 0.1978098303079605
test/next-item-max-f-score-weighted: 0.31805843114852905
test/next-item-mean-time-step: 0.5166430473327637
test/next-item-rmse: 0.3998323082923889
test/next-k-label-distribution-delta: 5.586282730102539
test/optimal-transport-distance: 6.478447437286377
test/sequence-labels-entropy: 0.5003045201301575
test/target-sequence-labels-entropy: 1.0759520530700684
val/T-mAP: 0.2967599928379059
val/T-mAP-weighted: 0.48210039734840393
val/horizon-max-f-score: 0.34505900740623474
val/horizon-max-f-score-weighted: 0.4980652332305908
val/horizon-mean-time-step: 0.7368781566619873
val/loss: 2.5064237117767334
val/loss_decoder_labels: 2.0614709854125977
val/loss_decoder_timestamps: 0.24766941368579865
val/loss_diffusion: 0.1972837597131729
val/loss_embedder_regularizer: 3.888289246134491e-09
val/mean-predicted-length: 13.121708869934082
val/mean-target-length: 19.335750579833984
val/next-item-accuracy: 0.3162897527217865
val/next-item-mae: 0.25162217020988464
val/next-item-map: 0.1412631869316101
val/next-item-map-weighted: 0.25279468297958374
val/next-item-max-f-score: 0.2003045380115509
val/next-item-max-f-score-weighted: 0.31387659907341003
val/next-item-mean-time-step: 0.5112135410308838
val/next-item-rmse: 0.40372270345687866
val/next-k-label-distribution-delta: 5.624570846557617
val/optimal-transport-distance: 6.551110744476318
val/sequence-labels-entropy: 0.49083542823791504
val/target-sequence-labels-entropy: 1.0590906143188477
