date: '2025-04-09 18:19:01'
test/T-mAP: 0.2837947607040405
test/T-mAP-weighted: 0.47103914618492126
test/horizon-max-f-score: 0.32852789759635925
test/horizon-max-f-score-weighted: 0.4766332507133484
test/horizon-mean-time-step: 0.6353049874305725
test/loss: 2.4713127613067627
test/loss_decoder_labels: 2.030822992324829
test/loss_decoder_timestamps: 0.243460550904274
test/loss_diffusion: 0.19702938199043274
test/loss_embedder_regularizer: 3.8818779302118855e-09
test/mean-predicted-length: 30.035024642944336
test/mean-target-length: 31.106895446777344
test/next-item-accuracy: 0.3248673677444458
test/next-item-mae: 0.2465246617794037
test/next-item-map: 0.1425311118364334
test/next-item-map-weighted: 0.26065704226493835
test/next-item-max-f-score: 0.19802577793598175
test/next-item-max-f-score-weighted: 0.3188382387161255
test/next-item-mean-time-step: 0.5166539549827576
test/next-item-rmse: 0.3998189866542816
test/next-k-label-distribution-delta: 10.400948524475098
test/optimal-transport-distance: 12.91525936126709
test/sequence-labels-entropy: 0.5265512466430664
test/target-sequence-labels-entropy: 1.11382257938385
val/T-mAP: 0.2797684669494629
val/T-mAP-weighted: 0.45503145456314087
val/horizon-max-f-score: 0.33026403188705444
val/horizon-max-f-score-weighted: 0.46990635991096497
val/horizon-mean-time-step: 0.6346908211708069
val/loss: 2.5064425468444824
val/loss_decoder_labels: 2.0613794326782227
val/loss_decoder_timestamps: 0.24766799807548523
val/loss_diffusion: 0.19739481806755066
val/loss_embedder_regularizer: 3.8887946196553e-09
val/mean-predicted-length: 29.953834533691406
val/mean-target-length: 31.037771224975586
val/next-item-accuracy: 0.3169030249118805
val/next-item-mae: 0.2515268623828888
val/next-item-map: 0.14238348603248596
val/next-item-map-weighted: 0.2539960741996765
val/next-item-max-f-score: 0.20100636780261993
val/next-item-max-f-score-weighted: 0.3145730197429657
val/next-item-mean-time-step: 0.5112282633781433
val/next-item-rmse: 0.40366753935813904
val/next-k-label-distribution-delta: 10.718046188354492
val/optimal-transport-distance: 13.086152076721191
val/sequence-labels-entropy: 0.5172638893127441
val/target-sequence-labels-entropy: 1.0944054126739502
