date: '2025-04-09 18:20:57'
test/T-mAP: 0.18323689699172974
test/T-mAP-weighted: 0.28164157271385193
test/horizon-max-f-score: 0.2518555223941803
test/horizon-max-f-score-weighted: 0.34614360332489014
test/horizon-mean-time-step: 0.2739265561103821
test/loss: 2.4712018966674805
test/loss_decoder_labels: 2.030689239501953
test/loss_decoder_timestamps: 0.24348662793636322
test/loss_diffusion: 0.19702596962451935
test/loss_embedder_regularizer: 3.881951204931511e-09
test/mean-predicted-length: 63.23239517211914
test/mean-target-length: 32.0
test/next-item-accuracy: 0.32536783814430237
test/next-item-mae: 0.2465370148420334
test/next-item-map: 0.14199496805667877
test/next-item-map-weighted: 0.26087820529937744
test/next-item-max-f-score: 0.19713148474693298
test/next-item-max-f-score-weighted: 0.3188357949256897
test/next-item-mean-time-step: 0.5166471004486084
test/next-item-rmse: 0.39978092908859253
test/next-k-label-distribution-delta: 18.605619430541992
test/optimal-transport-distance: 24.968103408813477
test/sequence-labels-entropy: 0.49422088265419006
test/target-sequence-labels-entropy: 1.116042137145996
val/T-mAP: 0.18407773971557617
val/T-mAP-weighted: 0.2802344262599945
val/horizon-max-f-score: 0.2539375126361847
val/horizon-max-f-score-weighted: 0.34375983476638794
val/horizon-mean-time-step: 0.2759949266910553
val/loss: 2.5049099922180176
val/loss_decoder_labels: 2.059985876083374
val/loss_decoder_timestamps: 0.24768894910812378
val/loss_diffusion: 0.19723591208457947
val/loss_embedder_regularizer: 3.887950850156585e-09
val/mean-predicted-length: 63.24799728393555
val/mean-target-length: 32.0
val/next-item-accuracy: 0.31646862626075745
val/next-item-mae: 0.2516186535358429
val/next-item-map: 0.14183254539966583
val/next-item-map-weighted: 0.2542320191860199
val/next-item-max-f-score: 0.19887486100196838
val/next-item-max-f-score-weighted: 0.31375494599342346
val/next-item-mean-time-step: 0.5112780928611755
val/next-item-rmse: 0.4038117825984955
val/next-k-label-distribution-delta: 19.185806274414062
val/optimal-transport-distance: 25.426769256591797
val/sequence-labels-entropy: 0.49271756410598755
val/target-sequence-labels-entropy: 1.0963712930679321
