date: '2025-04-09 17:33:02'
test/T-mAP: 0.18066254258155823
test/T-mAP-weighted: 0.3096511662006378
test/horizon-max-f-score: 0.2611754834651947
test/horizon-max-f-score-weighted: 0.3970492482185364
test/horizon-mean-time-step: 0.7526080012321472
test/loss: 2.2501745223999023
test/loss_labels: 2.005448341369629
test/loss_timestamps: 0.24472616612911224
test/mean-predicted-length: 26.18460464477539
test/mean-target-length: 31.106895446777344
test/next-item-accuracy: 0.3532429039478302
test/next-item-mae: 0.24447417259216309
test/next-item-map: 0.16576683521270752
test/next-item-map-weighted: 0.2906181812286377
test/next-item-max-f-score: 0.22304481267929077
test/next-item-max-f-score-weighted: 0.3415507674217224
test/next-item-mean-time-step: 0.5231277942657471
test/next-item-rmse: 0.38521236181259155
test/next-k-label-distribution-delta: 12.402772903442383
test/optimal-transport-distance: 13.168392181396484
test/sequence-labels-entropy: 0.21099260449409485
test/target-sequence-labels-entropy: 1.11382257938385
val/T-mAP: 0.1751662790775299
val/T-mAP-weighted: 0.2975148856639862
val/horizon-max-f-score: 0.25805631279945374
val/horizon-max-f-score-weighted: 0.3879929780960083
val/horizon-mean-time-step: 0.7517191171646118
val/loss: 2.2805347442626953
val/loss_labels: 2.0322747230529785
val/loss_timestamps: 0.24826034903526306
val/mean-predicted-length: 26.2338809967041
val/mean-target-length: 31.037771224975586
val/next-item-accuracy: 0.3430432975292206
val/next-item-mae: 0.24802793562412262
val/next-item-map: 0.1627625823020935
val/next-item-map-weighted: 0.28019246459007263
val/next-item-max-f-score: 0.2262403517961502
val/next-item-max-f-score-weighted: 0.33520179986953735
val/next-item-mean-time-step: 0.518097460269928
val/next-item-rmse: 0.38675349950790405
val/next-k-label-distribution-delta: 12.713467597961426
val/optimal-transport-distance: 13.447375297546387
val/sequence-labels-entropy: 0.20168530941009521
val/target-sequence-labels-entropy: 1.0944054126739502
