date: '2025-04-09 17:26:52'
test/T-mAP: 0.24145358800888062
test/T-mAP-weighted: 0.42062851786613464
test/horizon-max-f-score: 0.2973526120185852
test/horizon-max-f-score-weighted: 0.4516095817089081
test/horizon-mean-time-step: 0.7843161225318909
test/loss: 2.256307601928711
test/loss_labels: 2.0053086280822754
test/loss_timestamps: 0.2509993314743042
test/mean-predicted-length: 12.6296968460083
test/mean-target-length: 19.20047378540039
test/next-item-accuracy: 0.35443148016929626
test/next-item-mae: 0.2507650554180145
test/next-item-map: 0.1671890914440155
test/next-item-map-weighted: 0.2920299768447876
test/next-item-max-f-score: 0.22513335943222046
test/next-item-max-f-score-weighted: 0.342379093170166
test/next-item-mean-time-step: 0.5234966278076172
test/next-item-rmse: 0.38162872195243835
test/next-k-label-distribution-delta: 6.28894567489624
test/optimal-transport-distance: 6.646465301513672
test/sequence-labels-entropy: 0.19266082346439362
test/target-sequence-labels-entropy: 1.075952172279358
val/T-mAP: 0.23510567843914032
val/T-mAP-weighted: 0.40615013241767883
val/horizon-max-f-score: 0.2985762357711792
val/horizon-max-f-score-weighted: 0.4455745220184326
val/horizon-mean-time-step: 0.7824020981788635
val/loss: 2.2840797901153564
val/loss_labels: 2.0299324989318848
val/loss_timestamps: 0.2541476786136627
val/mean-predicted-length: 12.654330253601074
val/mean-target-length: 19.335750579833984
val/next-item-accuracy: 0.34554746747016907
val/next-item-mae: 0.2539242208003998
val/next-item-map: 0.16421906650066376
val/next-item-map-weighted: 0.2826254069805145
val/next-item-max-f-score: 0.2262716293334961
val/next-item-max-f-score-weighted: 0.3360547125339508
val/next-item-mean-time-step: 0.518523097038269
val/next-item-rmse: 0.38287028670310974
val/next-k-label-distribution-delta: 6.361693859100342
val/optimal-transport-distance: 6.708418846130371
val/sequence-labels-entropy: 0.18807607889175415
val/target-sequence-labels-entropy: 1.0590906143188477
