date: '2025-04-09 17:32:24'
test/T-mAP: 0.18270254135131836
test/T-mAP-weighted: 0.316837877035141
test/horizon-max-f-score: 0.26213720440864563
test/horizon-max-f-score-weighted: 0.40454766154289246
test/horizon-mean-time-step: 0.7919963598251343
test/loss: 2.256307601928711
test/loss_labels: 2.0053086280822754
test/loss_timestamps: 0.2509993314743042
test/mean-predicted-length: 25.25665855407715
test/mean-target-length: 31.106895446777344
test/next-item-accuracy: 0.35443148016929626
test/next-item-mae: 0.2507650554180145
test/next-item-map: 0.1671890914440155
test/next-item-map-weighted: 0.2920299768447876
test/next-item-max-f-score: 0.22513335943222046
test/next-item-max-f-score-weighted: 0.342379093170166
test/next-item-mean-time-step: 0.5234966278076172
test/next-item-rmse: 0.38162872195243835
test/next-k-label-distribution-delta: 12.646479606628418
test/optimal-transport-distance: 13.402721405029297
test/sequence-labels-entropy: 0.18114271759986877
test/target-sequence-labels-entropy: 1.11382257938385
val/T-mAP: 0.17894436419010162
val/T-mAP-weighted: 0.30649423599243164
val/horizon-max-f-score: 0.2628609240055084
val/horizon-max-f-score-weighted: 0.39635857939720154
val/horizon-mean-time-step: 0.7905316352844238
val/loss: 2.2840797901153564
val/loss_labels: 2.0299324989318848
val/loss_timestamps: 0.2541476786136627
val/mean-predicted-length: 25.318580627441406
val/mean-target-length: 31.037771224975586
val/next-item-accuracy: 0.34554746747016907
val/next-item-mae: 0.2539242208003998
val/next-item-map: 0.16421906650066376
val/next-item-map-weighted: 0.2826254069805145
val/next-item-max-f-score: 0.2262716293334961
val/next-item-max-f-score-weighted: 0.3360547125339508
val/next-item-mean-time-step: 0.518523097038269
val/next-item-rmse: 0.38287028670310974
val/next-k-label-distribution-delta: 12.926363945007324
val/optimal-transport-distance: 13.657761573791504
val/sequence-labels-entropy: 0.1776655912399292
val/target-sequence-labels-entropy: 1.0944054126739502
