date: '2025-04-09 17:59:12'
test/T-mAP: 0.10882475227117538
test/T-mAP-weighted: 0.15039631724357605
test/horizon-max-f-score: 0.2120126485824585
test/horizon-max-f-score-weighted: 0.2907828092575073
test/horizon-mean-time-step: 0.7519099116325378
test/loss: 2.2501745223999023
test/loss_labels: 2.005448341369629
test/loss_timestamps: 0.24472616612911224
test/mean-predicted-length: 52.72345733642578
test/mean-target-length: 32.0
test/next-item-accuracy: 0.3532429039478302
test/next-item-mae: 0.24447417259216309
test/next-item-map: 0.16576683521270752
test/next-item-map-weighted: 0.2906181812286377
test/next-item-max-f-score: 0.22304481267929077
test/next-item-max-f-score-weighted: 0.3415507674217224
test/next-item-mean-time-step: 0.5231277942657471
test/next-item-rmse: 0.38521236181259155
test/next-k-label-distribution-delta: 25.000001907348633
test/optimal-transport-distance: 26.632265090942383
test/sequence-labels-entropy: 0.19411319494247437
test/target-sequence-labels-entropy: 1.116042137145996
val/T-mAP: 0.10630171000957489
val/T-mAP-weighted: 0.14687450230121613
val/horizon-max-f-score: 0.20975592732429504
val/horizon-max-f-score-weighted: 0.28567928075790405
val/horizon-mean-time-step: 0.7512148022651672
val/loss: 2.2805347442626953
val/loss_labels: 2.0322747230529785
val/loss_timestamps: 0.24826034903526306
val/mean-predicted-length: 52.791683197021484
val/mean-target-length: 32.0
val/next-item-accuracy: 0.3430432975292206
val/next-item-mae: 0.24802793562412262
val/next-item-map: 0.1627625823020935
val/next-item-map-weighted: 0.28019246459007263
val/next-item-max-f-score: 0.2262403517961502
val/next-item-max-f-score-weighted: 0.33520179986953735
val/next-item-mean-time-step: 0.518097460269928
val/next-item-rmse: 0.38675349950790405
val/next-k-label-distribution-delta: 25.675695419311523
val/optimal-transport-distance: 27.246929168701172
val/sequence-labels-entropy: 0.18679648637771606
val/target-sequence-labels-entropy: 1.0963711738586426
