date: '2025-04-09 17:42:51'
test/T-mAP: 0.1346045732498169
test/T-mAP-weighted: 0.19984018802642822
test/horizon-max-f-score: 0.23883844912052155
test/horizon-max-f-score-weighted: 0.3477765917778015
test/horizon-mean-time-step: 0.7949473857879639
test/loss: 2.256307601928711
test/loss_labels: 2.0053086280822754
test/loss_timestamps: 0.2509993314743042
test/mean-predicted-length: 37.80116653442383
test/mean-target-length: 32.0
test/next-item-accuracy: 0.35443148016929626
test/next-item-mae: 0.2507650554180145
test/next-item-map: 0.1671890914440155
test/next-item-map-weighted: 0.2920299768447876
test/next-item-max-f-score: 0.22513335943222046
test/next-item-max-f-score-weighted: 0.342379093170166
test/next-item-mean-time-step: 0.5234966278076172
test/next-item-rmse: 0.38162872195243835
test/next-k-label-distribution-delta: 19.119665145874023
test/optimal-transport-distance: 20.286266326904297
test/sequence-labels-entropy: 0.1757546067237854
test/target-sequence-labels-entropy: 1.116042137145996
val/T-mAP: 0.13411782681941986
val/T-mAP-weighted: 0.19628725945949554
val/horizon-max-f-score: 0.23936805129051208
val/horizon-max-f-score-weighted: 0.3420393466949463
val/horizon-mean-time-step: 0.7937288284301758
val/loss: 2.2840797901153564
val/loss_labels: 2.0299324989318848
val/loss_timestamps: 0.2541476786136627
val/mean-predicted-length: 37.87752914428711
val/mean-target-length: 32.0
val/next-item-accuracy: 0.34554746747016907
val/next-item-mae: 0.2539242208003998
val/next-item-map: 0.16421906650066376
val/next-item-map-weighted: 0.2826254069805145
val/next-item-max-f-score: 0.2262716293334961
val/next-item-max-f-score-weighted: 0.3360547125339508
val/next-item-mean-time-step: 0.518523097038269
val/next-item-rmse: 0.38287028670310974
val/next-k-label-distribution-delta: 19.529186248779297
val/optimal-transport-distance: 20.67789077758789
val/sequence-labels-entropy: 0.1729114055633545
val/target-sequence-labels-entropy: 1.0963711738586426
