date: '2025-04-09 17:57:56'
test/T-mAP: 0.11369854211807251
test/T-mAP-weighted: 0.15518049895763397
test/horizon-max-f-score: 0.2211911678314209
test/horizon-max-f-score-weighted: 0.3065110743045807
test/horizon-mean-time-step: 0.796527624130249
test/loss: 2.256307601928711
test/loss_labels: 2.0053086280822754
test/loss_timestamps: 0.2509993314743042
test/mean-predicted-length: 50.35972213745117
test/mean-target-length: 32.0
test/next-item-accuracy: 0.35443148016929626
test/next-item-mae: 0.2507650554180145
test/next-item-map: 0.1671890914440155
test/next-item-map-weighted: 0.2920299768447876
test/next-item-max-f-score: 0.22513335943222046
test/next-item-max-f-score-weighted: 0.342379093170166
test/next-item-mean-time-step: 0.5234966278076172
test/next-item-rmse: 0.38162872195243835
test/next-k-label-distribution-delta: 25.612916946411133
test/optimal-transport-distance: 27.191661834716797
test/sequence-labels-entropy: 0.17258787155151367
test/target-sequence-labels-entropy: 1.116042137145996
val/T-mAP: 0.11427365243434906
val/T-mAP-weighted: 0.15316325426101685
val/horizon-max-f-score: 0.22193625569343567
val/horizon-max-f-score-weighted: 0.3025132715702057
val/horizon-mean-time-step: 0.7954196333885193
val/loss: 2.2840797901153564
val/loss_labels: 2.0299324989318848
val/loss_timestamps: 0.2541476786136627
val/mean-predicted-length: 50.461273193359375
val/mean-target-length: 32.0
val/next-item-accuracy: 0.34554746747016907
val/next-item-mae: 0.2539242208003998
val/next-item-map: 0.16421906650066376
val/next-item-map-weighted: 0.2826254069805145
val/next-item-max-f-score: 0.2262716293334961
val/next-item-max-f-score-weighted: 0.3360547125339508
val/next-item-mean-time-step: 0.518523097038269
val/next-item-rmse: 0.38287028670310974
val/next-k-label-distribution-delta: 26.178556442260742
val/optimal-transport-distance: 27.73171615600586
val/sequence-labels-entropy: 0.17001385986804962
val/target-sequence-labels-entropy: 1.0963711738586426
