date: '2025-04-09 17:48:48'
test/T-mAP: 0.15603381395339966
test/T-mAP-weighted: 0.31461697816848755
test/horizon-max-f-score: 0.22296026349067688
test/horizon-max-f-score-weighted: 0.3751105070114136
test/horizon-mean-time-step: 0.9937911033630371
test/loss: 2.713534116744995
test/loss_nhp: 2.713534116744995
test/mean-predicted-length: 30.36738395690918
test/mean-target-length: 32.0
test/next-item-accuracy: 0.1432289034128189
test/next-item-mae: 0.4348340332508087
test/next-item-map: 0.11283577233552933
test/next-item-map-weighted: 0.19726507365703583
test/next-item-max-f-score: 0.1890403777360916
test/next-item-max-f-score-weighted: 0.2970523536205292
test/next-item-mean-time-step: 0.5309581160545349
test/next-item-rmse: 0.5577026605606079
test/next-k-label-distribution-delta: 25.723459243774414
test/optimal-transport-distance: 26.632823944091797
test/sequence-labels-entropy: 0.2291295975446701
test/target-sequence-labels-entropy: 1.116042137145996
test/thinning_accepted: 12.809578895568848
val/T-mAP: 0.15679143369197845
val/T-mAP-weighted: 0.31055599451065063
val/horizon-max-f-score: 0.2272905558347702
val/horizon-max-f-score-weighted: 0.3732151687145233
val/horizon-mean-time-step: 0.9943482875823975
val/loss: 2.7056186199188232
val/loss_nhp: 2.7056186199188232
val/mean-predicted-length: 30.33384132385254
val/mean-target-length: 32.0
val/next-item-accuracy: 0.1383671909570694
val/next-item-mae: 0.4412465989589691
val/next-item-map: 0.11384467035531998
val/next-item-map-weighted: 0.19307434558868408
val/next-item-max-f-score: 0.1905340701341629
val/next-item-max-f-score-weighted: 0.29145100712776184
val/next-item-mean-time-step: 0.5265465378761292
val/next-item-rmse: 0.5648142695426941
val/next-k-label-distribution-delta: 25.71766471862793
val/optimal-transport-distance: 26.65361785888672
val/sequence-labels-entropy: 0.22682194411754608
val/target-sequence-labels-entropy: 1.0963711738586426
val/thinning_accepted: 12.881392478942871
