date: '2025-04-09 17:36:34'
test/T-mAP: 0.22025391459465027
test/T-mAP-weighted: 0.41994398832321167
test/horizon-max-f-score: 0.2849447727203369
test/horizon-max-f-score-weighted: 0.4659281075000763
test/horizon-mean-time-step: 0.9861618876457214
test/loss: 2.7125277519226074
test/loss_nhp: 2.7125277519226074
test/mean-predicted-length: 20.18460464477539
test/mean-target-length: 31.106895446777344
test/next-item-accuracy: 0.14371684193611145
test/next-item-mae: 0.43510815501213074
test/next-item-map: 0.11324432492256165
test/next-item-map-weighted: 0.19771882891654968
test/next-item-max-f-score: 0.18897806107997894
test/next-item-max-f-score-weighted: 0.29719218611717224
test/next-item-mean-time-step: 0.5310106873512268
test/next-item-rmse: 0.5580540299415588
test/next-k-label-distribution-delta: 16.97482681274414
test/optimal-transport-distance: 17.6729793548584
test/sequence-labels-entropy: 0.24858276546001434
test/target-sequence-labels-entropy: 1.11382257938385
test/thinning_accepted: 12.802180290222168
val/T-mAP: 0.2186519056558609
val/T-mAP-weighted: 0.4106966555118561
val/horizon-max-f-score: 0.28720682859420776
val/horizon-max-f-score-weighted: 0.45916539430618286
val/horizon-mean-time-step: 0.9868878722190857
val/loss: 2.7018754482269287
val/loss_nhp: 2.7018754482269287
val/mean-predicted-length: 20.172452926635742
val/mean-target-length: 31.037771224975586
val/next-item-accuracy: 0.13859716057777405
val/next-item-mae: 0.44019660353660583
val/next-item-map: 0.11366309970617294
val/next-item-map-weighted: 0.19261087477207184
val/next-item-max-f-score: 0.19130249321460724
val/next-item-max-f-score-weighted: 0.2913111448287964
val/next-item-mean-time-step: 0.5259872674942017
val/next-item-rmse: 0.5629977583885193
val/next-k-label-distribution-delta: 16.94391441345215
val/optimal-transport-distance: 17.66607093811035
val/sequence-labels-entropy: 0.2348276972770691
val/target-sequence-labels-entropy: 1.0944054126739502
val/thinning_accepted: 12.840768814086914
