date: '2025-04-09 18:05:50'
test/T-mAP: 0.1215711310505867
test/T-mAP-weighted: 0.2514462172985077
test/horizon-max-f-score: 0.186930313706398
test/horizon-max-f-score-weighted: 0.31684231758117676
test/horizon-mean-time-step: 0.9987267851829529
test/loss: 2.7137207984924316
test/loss_nhp: 2.7137207984924316
test/mean-predicted-length: 40.441444396972656
test/mean-target-length: 32.0
test/next-item-accuracy: 0.14291612803936005
test/next-item-mae: 0.434799462556839
test/next-item-map: 0.11246353387832642
test/next-item-map-weighted: 0.1968928873538971
test/next-item-max-f-score: 0.18891021609306335
test/next-item-max-f-score-weighted: 0.29698920249938965
test/next-item-mean-time-step: 0.531119167804718
test/next-item-rmse: 0.5579003691673279
test/next-k-label-distribution-delta: 34.55563735961914
test/optimal-transport-distance: 35.65234375
test/sequence-labels-entropy: 0.22678178548812866
test/target-sequence-labels-entropy: 1.116042137145996
test/thinning_accepted: 12.852803230285645
val/T-mAP: 0.12296171486377716
val/T-mAP-weighted: 0.24968108534812927
val/horizon-max-f-score: 0.18871693313121796
val/horizon-max-f-score-weighted: 0.3153376281261444
val/horizon-mean-time-step: 0.9991445541381836
val/loss: 2.701066493988037
val/loss_nhp: 2.701066493988037
val/mean-predicted-length: 40.41777801513672
val/mean-target-length: 32.0
val/next-item-accuracy: 0.1369362473487854
val/next-item-mae: 0.4401205778121948
val/next-item-map: 0.11343409866094589
val/next-item-map-weighted: 0.19142185151576996
val/next-item-max-f-score: 0.1906892955303192
val/next-item-max-f-score-weighted: 0.2916335165500641
val/next-item-mean-time-step: 0.5257114768028259
val/next-item-rmse: 0.5631569623947144
val/next-k-label-distribution-delta: 34.63105773925781
val/optimal-transport-distance: 35.75542449951172
val/sequence-labels-entropy: 0.20983994007110596
val/target-sequence-labels-entropy: 1.0963711738586426
val/thinning_accepted: 12.84838581085205
