date: '2025-04-09 17:28:58'
test/T-mAP: 0.2744954824447632
test/T-mAP-weighted: 0.48466816544532776
test/horizon-max-f-score: 0.3326204717159271
test/horizon-max-f-score-weighted: 0.5201630592346191
test/horizon-mean-time-step: 0.9738152623176575
test/loss: 2.712505578994751
test/loss_nhp: 2.712505578994751
test/mean-predicted-length: 9.95166015625
test/mean-target-length: 19.20047378540039
test/next-item-accuracy: 0.14381693303585052
test/next-item-mae: 0.43478965759277344
test/next-item-map: 0.1125902384519577
test/next-item-map-weighted: 0.1970359832048416
test/next-item-max-f-score: 0.18762826919555664
test/next-item-max-f-score-weighted: 0.29638662934303284
test/next-item-mean-time-step: 0.5313169360160828
test/next-item-rmse: 0.557915449142456
test/next-k-label-distribution-delta: 8.330901145935059
test/optimal-transport-distance: 8.752204895019531
test/sequence-labels-entropy: 0.2783846855163574
test/target-sequence-labels-entropy: 1.075952172279358
test/thinning_accepted: 12.867990493774414
val/T-mAP: 0.27764827013015747
val/T-mAP-weighted: 0.48033297061920166
val/horizon-max-f-score: 0.3391866683959961
val/horizon-max-f-score-weighted: 0.5154061913490295
val/horizon-mean-time-step: 0.974799633026123
val/loss: 2.7006595134735107
val/loss_nhp: 2.7006595134735107
val/mean-predicted-length: 9.941625595092773
val/mean-target-length: 19.335750579833984
val/next-item-accuracy: 0.13777947425842285
val/next-item-mae: 0.43996742367744446
val/next-item-map: 0.1128806620836258
val/next-item-map-weighted: 0.19206082820892334
val/next-item-max-f-score: 0.1901295930147171
val/next-item-max-f-score-weighted: 0.29115569591522217
val/next-item-mean-time-step: 0.5258625149726868
val/next-item-rmse: 0.5628660321235657
val/next-k-label-distribution-delta: 8.343379974365234
val/optimal-transport-distance: 8.765856742858887
val/sequence-labels-entropy: 0.26329731941223145
val/target-sequence-labels-entropy: 1.0590906143188477
val/thinning_accepted: 12.800870895385742
