date: '2025-04-09 17:57:42'
test/T-mAP: 0.13559241592884064
test/T-mAP-weighted: 0.3319207429885864
test/horizon-max-f-score: 0.1910945028066635
test/horizon-max-f-score-weighted: 0.38177290558815
test/horizon-mean-time-step: 1.041799783706665
test/loss: 2.7616517543792725
test/loss_nhp: 2.7616517543792725
test/mean-predicted-length: 28.88836097717285
test/mean-target-length: 32.0
test/next-item-accuracy: 0.1061205118894577
test/next-item-mae: 0.41081249713897705
test/next-item-map: 0.09504156559705734
test/next-item-map-weighted: 0.18103422224521637
test/next-item-max-f-score: 0.16290605068206787
test/next-item-max-f-score-weighted: 0.28315210342407227
test/next-item-mean-time-step: 0.5332345962524414
test/next-item-rmse: 0.53863126039505
test/next-k-label-distribution-delta: 26.845678329467773
test/optimal-transport-distance: 27.569255828857422
test/sequence-labels-entropy: 0.18444927036762238
test/target-sequence-labels-entropy: 1.116042137145996
test/thinning_accepted: 13.185358047485352
val/T-mAP: 0.13897202908992767
val/T-mAP-weighted: 0.3232203423976898
val/horizon-max-f-score: 0.19843056797981262
val/horizon-max-f-score-weighted: 0.3760194480419159
val/horizon-mean-time-step: 1.0418514013290405
val/loss: 2.7543303966522217
val/loss_nhp: 2.7543303966522217
val/mean-predicted-length: 28.89240837097168
val/mean-target-length: 32.0
val/next-item-accuracy: 0.10655423253774643
val/next-item-mae: 0.4165624976158142
val/next-item-map: 0.09850063174962997
val/next-item-map-weighted: 0.1780439019203186
val/next-item-max-f-score: 0.16423559188842773
val/next-item-max-f-score-weighted: 0.2779589295387268
val/next-item-mean-time-step: 0.5288021564483643
val/next-item-rmse: 0.544883668422699
val/next-k-label-distribution-delta: 26.760778427124023
val/optimal-transport-distance: 27.535554885864258
val/sequence-labels-entropy: 0.1852649748325348
val/target-sequence-labels-entropy: 1.0963711738586426
val/thinning_accepted: 13.310482025146484
