date: '2025-04-09 18:17:55'
test/T-mAP: 0.11610700190067291
test/T-mAP-weighted: 0.303880512714386
test/horizon-max-f-score: 0.16834737360477448
test/horizon-max-f-score-weighted: 0.35332563519477844
test/horizon-mean-time-step: 1.0432629585266113
test/loss: 2.7609806060791016
test/loss_nhp: 2.7609806060791016
test/mean-predicted-length: 38.381065368652344
test/mean-target-length: 32.0
test/next-item-accuracy: 0.10635822266340256
test/next-item-mae: 0.4107368588447571
test/next-item-map: 0.09439845383167267
test/next-item-map-weighted: 0.1801878660917282
test/next-item-max-f-score: 0.16142919659614563
test/next-item-max-f-score-weighted: 0.28230831027030945
test/next-item-mean-time-step: 0.5334266424179077
test/next-item-rmse: 0.5387179851531982
test/next-k-label-distribution-delta: 35.70594787597656
test/optimal-transport-distance: 36.8021240234375
test/sequence-labels-entropy: 0.24295008182525635
test/target-sequence-labels-entropy: 1.116042137145996
test/thinning_accepted: 13.20327091217041
val/T-mAP: 0.11879771947860718
val/T-mAP-weighted: 0.29452189803123474
val/horizon-max-f-score: 0.17522358894348145
val/horizon-max-f-score-weighted: 0.3472004234790802
val/horizon-mean-time-step: 1.0432507991790771
val/loss: 2.749396562576294
val/loss_nhp: 2.749396562576294
val/mean-predicted-length: 38.37619400024414
val/mean-target-length: 32.0
val/next-item-accuracy: 0.10624760389328003
val/next-item-mae: 0.41571149230003357
val/next-item-map: 0.09814926981925964
val/next-item-map-weighted: 0.17719346284866333
val/next-item-max-f-score: 0.1661609709262848
val/next-item-max-f-score-weighted: 0.27905407547950745
val/next-item-mean-time-step: 0.5283679962158203
val/next-item-rmse: 0.5435853004455566
val/next-k-label-distribution-delta: 35.632965087890625
val/optimal-transport-distance: 36.800537109375
val/sequence-labels-entropy: 0.23720909655094147
val/target-sequence-labels-entropy: 1.0963711738586426
val/thinning_accepted: 13.251359939575195
