date: '2025-04-09 17:32:15'
test/T-mAP: 0.223903089761734
test/T-mAP-weighted: 0.43592754006385803
test/horizon-max-f-score: 0.2856062054634094
test/horizon-max-f-score-weighted: 0.48945513367652893
test/horizon-mean-time-step: 1.0274029970169067
test/loss: 2.7603683471679688
test/loss_nhp: 2.7603683471679688
test/mean-predicted-length: 9.85133171081543
test/mean-target-length: 19.20047378540039
test/next-item-accuracy: 0.1056826114654541
test/next-item-mae: 0.41080379486083984
test/next-item-map: 0.09411191940307617
test/next-item-map-weighted: 0.18016095459461212
test/next-item-max-f-score: 0.1619955152273178
test/next-item-max-f-score-weighted: 0.28289759159088135
test/next-item-mean-time-step: 0.5337377190589905
test/next-item-rmse: 0.5389967560768127
test/next-k-label-distribution-delta: 8.787303924560547
test/optimal-transport-distance: 9.093090057373047
test/sequence-labels-entropy: 0.12941336631774902
test/target-sequence-labels-entropy: 1.075952172279358
test/thinning_accepted: 13.224688529968262
val/T-mAP: 0.2346538007259369
val/T-mAP-weighted: 0.43425416946411133
val/horizon-max-f-score: 0.29826605319976807
val/horizon-max-f-score-weighted: 0.4877449572086334
val/horizon-mean-time-step: 1.0275126695632935
val/loss: 2.7483932971954346
val/loss_nhp: 2.7483932971954346
val/mean-predicted-length: 9.855780601501465
val/mean-target-length: 19.335750579833984
val/next-item-accuracy: 0.10650312900543213
val/next-item-mae: 0.4156057834625244
val/next-item-map: 0.09843798726797104
val/next-item-map-weighted: 0.17813627421855927
val/next-item-max-f-score: 0.16601185500621796
val/next-item-max-f-score-weighted: 0.2786090075969696
val/next-item-mean-time-step: 0.5282748937606812
val/next-item-rmse: 0.5432835817337036
val/next-k-label-distribution-delta: 8.80579948425293
val/optimal-transport-distance: 9.127995491027832
val/sequence-labels-entropy: 0.12752462923526764
val/target-sequence-labels-entropy: 1.0590906143188477
val/thinning_accepted: 13.217265129089355
