date: '2025-04-09 17:42:40'
test/T-mAP: 0.18077652156352997
test/T-mAP-weighted: 0.38808202743530273
test/horizon-max-f-score: 0.23835742473602295
test/horizon-max-f-score-weighted: 0.43737611174583435
test/horizon-mean-time-step: 1.038975715637207
test/loss: 2.7608487606048584
test/loss_nhp: 2.7608487606048584
test/mean-predicted-length: 19.432323455810547
test/mean-target-length: 31.106895446777344
test/next-item-accuracy: 0.10623311251401901
test/next-item-mae: 0.41115280985832214
test/next-item-map: 0.09524527937173843
test/next-item-map-weighted: 0.18120044469833374
test/next-item-max-f-score: 0.16276484727859497
test/next-item-max-f-score-weighted: 0.283648818731308
test/next-item-mean-time-step: 0.5334617495536804
test/next-item-rmse: 0.5390509963035583
test/next-k-label-distribution-delta: 17.8051815032959
test/optimal-transport-distance: 18.320314407348633
test/sequence-labels-entropy: 0.12991730868816376
test/target-sequence-labels-entropy: 1.11382257938385
test/thinning_accepted: 13.182632446289062
val/T-mAP: 0.18641585111618042
val/T-mAP-weighted: 0.38015779852867126
val/horizon-max-f-score: 0.24609136581420898
val/horizon-max-f-score-weighted: 0.43066301941871643
val/horizon-mean-time-step: 1.0386230945587158
val/loss: 2.749100685119629
val/loss_nhp: 2.749100685119629
val/mean-predicted-length: 19.468904495239258
val/mean-target-length: 31.037771224975586
val/next-item-accuracy: 0.10560879111289978
val/next-item-mae: 0.4160519540309906
val/next-item-map: 0.09868285059928894
val/next-item-map-weighted: 0.1779969185590744
val/next-item-max-f-score: 0.16539548337459564
val/next-item-max-f-score-weighted: 0.277724027633667
val/next-item-mean-time-step: 0.5283513069152832
val/next-item-rmse: 0.5437453985214233
val/next-k-label-distribution-delta: 17.806943893432617
val/optimal-transport-distance: 18.33009147644043
val/sequence-labels-entropy: 0.12700752913951874
val/target-sequence-labels-entropy: 1.0944054126739502
val/thinning_accepted: 13.237939834594727
