date: '2025-04-09 17:44:35'
test/T-mAP: 0.10889793932437897
test/T-mAP-weighted: 0.17394882440567017
test/horizon-max-f-score: 0.20319147408008575
test/horizon-max-f-score-weighted: 0.29567649960517883
test/horizon-mean-time-step: 0.70195472240448
test/loss: 2.309460401535034
test/loss_labels: 1.9901286363601685
test/loss_timestamps: 0.31933221220970154
test/mean-predicted-length: 45.627689361572266
test/mean-target-length: 32.0
test/next-item-accuracy: 0.35876038670539856
test/next-item-mae: 0.28772494196891785
test/next-item-map: 0.171363964676857
test/next-item-map-weighted: 0.2970861792564392
test/next-item-max-f-score: 0.22974373400211334
test/next-item-max-f-score-weighted: 0.3476760685443878
test/next-item-mean-time-step: 0.529778242111206
test/next-item-rmse: 0.3396212160587311
test/next-k-label-distribution-delta: 18.510032653808594
test/optimal-transport-distance: 19.989652633666992
test/sequence-labels-entropy: 0.2232888787984848
test/target-sequence-labels-entropy: 1.116042137145996
test/timestamps-bias-mean: 0.635082483291626
test/timestamps-current_influence: -0.0004994860501028597
val/T-mAP: 0.11171367764472961
val/T-mAP-weighted: 0.17341645061969757
val/horizon-max-f-score: 0.2022009789943695
val/horizon-max-f-score-weighted: 0.29129353165626526
val/horizon-mean-time-step: 0.706020712852478
val/loss: 2.3194665908813477
val/loss_labels: 2.014183759689331
val/loss_timestamps: 0.3052828013896942
val/mean-predicted-length: 45.439144134521484
val/mean-target-length: 32.0
val/next-item-accuracy: 0.35040244460105896
val/next-item-mae: 0.2895837426185608
val/next-item-map: 0.1697889119386673
val/next-item-map-weighted: 0.28844523429870605
val/next-item-max-f-score: 0.23295322060585022
val/next-item-max-f-score-weighted: 0.3413505554199219
val/next-item-mean-time-step: 0.5245919823646545
val/next-item-rmse: 0.34088578820228577
val/next-k-label-distribution-delta: 18.918733596801758
val/optimal-transport-distance: 20.346492767333984
val/sequence-labels-entropy: 0.2194846272468567
val/target-sequence-labels-entropy: 1.0963711738586426
val/timestamps-bias-mean: 0.6423023343086243
val/timestamps-current_influence: -0.0004994860501028597
