date: '2025-04-09 18:00:13'
test/T-mAP: 0.08962950855493546
test/T-mAP-weighted: 0.1324772983789444
test/horizon-max-f-score: 0.18655094504356384
test/horizon-max-f-score-weighted: 0.25952792167663574
test/horizon-mean-time-step: 0.7150252461433411
test/loss: 2.309460401535034
test/loss_labels: 1.9901286363601685
test/loss_timestamps: 0.31933221220970154
test/mean-predicted-length: 59.77252960205078
test/mean-target-length: 32.0
test/next-item-accuracy: 0.35876038670539856
test/next-item-mae: 0.28779125213623047
test/next-item-map: 0.171363964676857
test/next-item-map-weighted: 0.2970861792564392
test/next-item-max-f-score: 0.22974373400211334
test/next-item-max-f-score-weighted: 0.3476760685443878
test/next-item-mean-time-step: 0.5299887657165527
test/next-item-rmse: 0.33955419063568115
test/next-k-label-distribution-delta: 24.76030731201172
test/optimal-transport-distance: 26.69123077392578
test/sequence-labels-entropy: 0.21861030161380768
test/target-sequence-labels-entropy: 1.116042137145996
test/timestamps-bias-mean: 0.635082483291626
test/timestamps-current_influence: -0.0004994860501028597
val/T-mAP: 0.09251809120178223
val/T-mAP-weighted: 0.1327945590019226
val/horizon-max-f-score: 0.18428213894367218
val/horizon-max-f-score-weighted: 0.255723237991333
val/horizon-mean-time-step: 0.718255877494812
val/loss: 2.3194665908813477
val/loss_labels: 2.014183759689331
val/loss_timestamps: 0.3052828013896942
val/mean-predicted-length: 59.60740280151367
val/mean-target-length: 32.0
val/next-item-accuracy: 0.35040244460105896
val/next-item-mae: 0.28945210576057434
val/next-item-map: 0.1697889119386673
val/next-item-map-weighted: 0.28844523429870605
val/next-item-max-f-score: 0.23295322060585022
val/next-item-max-f-score-weighted: 0.3413505554199219
val/next-item-mean-time-step: 0.5247249007225037
val/next-item-rmse: 0.34059104323387146
val/next-k-label-distribution-delta: 25.413963317871094
val/optimal-transport-distance: 27.28594398498535
val/sequence-labels-entropy: 0.21229612827301025
val/target-sequence-labels-entropy: 1.0963711738586426
val/timestamps-bias-mean: 0.6423023343086243
val/timestamps-current_influence: -0.0004994860501028597
