date: '2025-04-09 17:27:29'
test/T-mAP: 0.20203259587287903
test/T-mAP-weighted: 0.3678954541683197
test/horizon-max-f-score: 0.26397860050201416
test/horizon-max-f-score-weighted: 0.4062322676181793
test/horizon-mean-time-step: 0.6541245579719543
test/loss: 2.309460401535034
test/loss_labels: 1.9901286363601685
test/loss_timestamps: 0.31933221220970154
test/mean-predicted-length: 15.982670783996582
test/mean-target-length: 19.20047378540039
test/next-item-accuracy: 0.35876038670539856
test/next-item-mae: 0.28790125250816345
test/next-item-map: 0.171363964676857
test/next-item-map-weighted: 0.2970861792564392
test/next-item-max-f-score: 0.22974373400211334
test/next-item-max-f-score-weighted: 0.3476760685443878
test/next-item-mean-time-step: 0.5298186540603638
test/next-item-rmse: 0.3395828902721405
test/next-k-label-distribution-delta: 6.122218608856201
test/optimal-transport-distance: 6.640869617462158
test/sequence-labels-entropy: 0.24902096390724182
test/target-sequence-labels-entropy: 1.075952172279358
test/timestamps-bias-mean: 0.635082483291626
test/timestamps-current_influence: -0.0004994860501028597
val/T-mAP: 0.19876398146152496
val/T-mAP-weighted: 0.35411256551742554
val/horizon-max-f-score: 0.2615610957145691
val/horizon-max-f-score-weighted: 0.3995136320590973
val/horizon-mean-time-step: 0.6572611927986145
val/loss: 2.3194665908813477
val/loss_labels: 2.014183759689331
val/loss_timestamps: 0.3052828013896942
val/mean-predicted-length: 15.929035186767578
val/mean-target-length: 19.335750579833984
val/next-item-accuracy: 0.35040244460105896
val/next-item-mae: 0.2891750931739807
val/next-item-map: 0.1697889119386673
val/next-item-map-weighted: 0.28844523429870605
val/next-item-max-f-score: 0.23295322060585022
val/next-item-max-f-score-weighted: 0.3413505554199219
val/next-item-mean-time-step: 0.5243867039680481
val/next-item-rmse: 0.3406184911727905
val/next-k-label-distribution-delta: 6.146508693695068
val/optimal-transport-distance: 6.665029525756836
val/sequence-labels-entropy: 0.2429121881723404
val/target-sequence-labels-entropy: 1.0590906143188477
val/timestamps-bias-mean: 0.6423023343086243
val/timestamps-current_influence: -0.0004994860501028597
