date: '2025-04-09 17:33:36'
test/T-mAP: 0.15338864922523499
test/T-mAP-weighted: 0.28072282671928406
test/horizon-max-f-score: 0.2290503829717636
test/horizon-max-f-score-weighted: 0.35618290305137634
test/horizon-mean-time-step: 0.6859809756278992
test/loss: 2.309460401535034
test/loss_labels: 1.9901286363601685
test/loss_timestamps: 0.31933221220970154
test/mean-predicted-length: 30.989055633544922
test/mean-target-length: 31.106895446777344
test/next-item-accuracy: 0.35876038670539856
test/next-item-mae: 0.28774550557136536
test/next-item-map: 0.171363964676857
test/next-item-map-weighted: 0.2970861792564392
test/next-item-max-f-score: 0.22974373400211334
test/next-item-max-f-score-weighted: 0.3476760685443878
test/next-item-mean-time-step: 0.5298280119895935
test/next-item-rmse: 0.33967816829681396
test/next-k-label-distribution-delta: 12.269610404968262
test/optimal-transport-distance: 13.279664993286133
test/sequence-labels-entropy: 0.23111101984977722
test/target-sequence-labels-entropy: 1.11382257938385
test/timestamps-bias-mean: 0.635082483291626
test/timestamps-current_influence: -0.0004994860501028597
val/T-mAP: 0.15213483572006226
val/T-mAP-weighted: 0.27220618724823
val/horizon-max-f-score: 0.22749072313308716
val/horizon-max-f-score-weighted: 0.34951698780059814
val/horizon-mean-time-step: 0.6874464750289917
val/loss: 2.3194665908813477
val/loss_labels: 2.014183759689331
val/loss_timestamps: 0.3052828013896942
val/mean-predicted-length: 30.998092651367188
val/mean-target-length: 31.037771224975586
val/next-item-accuracy: 0.35040244460105896
val/next-item-mae: 0.2889271378517151
val/next-item-map: 0.1697889119386673
val/next-item-map-weighted: 0.28844523429870605
val/next-item-max-f-score: 0.23295322060585022
val/next-item-max-f-score-weighted: 0.3413505554199219
val/next-item-mean-time-step: 0.5244826674461365
val/next-item-rmse: 0.34034791588783264
val/next-k-label-distribution-delta: 12.534910202026367
val/optimal-transport-distance: 13.512396812438965
val/sequence-labels-entropy: 0.224835604429245
val/target-sequence-labels-entropy: 1.0944054126739502
val/timestamps-bias-mean: 0.6423023343086243
val/timestamps-current_influence: -0.0004994860501028597
