date: '2025-02-10 23:53:31'
num_seeds: 5
test/T-mAP: 0.8486365795135498
test/T-mAP-micro: 0.9848501682281494
test/T-mAP-micro-std: 0.020502593418613456
test/T-mAP-std: 0.03228942289451704
test/horizon-max-accuracy-micro: 0.9865541577339172
test/horizon-max-accuracy-micro-std: 0.016698884193522265
test/horizon-mean-time-step: 0.014135269040707499
test/horizon-mean-time-step-std: 0.02317239100620275
test/loss: 0.011433072574436664
test/loss-std: 0.0010358023825821322
test/loss_labels: 0.008410175330936909
test/loss_labels-std: 0.00042188465046495233
test/loss_timestamps: 0.003022897383198142
test/loss_timestamps-std: 0.0007655423180853624
test/mean-predicted-length: 10.0
test/mean-predicted-length-std: 0.0
test/mean-target-length: 10.0
test/mean-target-length-std: 0.0
test/next-item-accuracy: 1.0
test/next-item-accuracy-std: 0.0
test/next-item-mae: 0.0017035862081684172
test/next-item-mae-std: 0.0013027209342310472
test/next-item-map: 0.9375
test/next-item-map-micro: 0.9999998807907104
test/next-item-map-micro-std: 0.0
test/next-item-map-std: 0.0
test/next-item-max-accuracy: 0.9999999403953552
test/next-item-max-accuracy-std: 0.0
test/next-item-mean-time-step: 0.0009487917821388691
test/next-item-mean-time-step-std: 0.0003721464835246865
test/next-item-rmse: 0.0026274108793586494
test/next-item-rmse-std: 0.0012445404640996666
test/next-k-label-distribution-delta: 0.0
test/next-k-label-distribution-delta-std: 0.0
test/optimal-transport-distance: 0.02829789142124355
test/optimal-transport-distance-std: 0.029004938753929725
test/sequence-labels-entropy: 1.6379024982452393
test/sequence-labels-entropy-std: 0.06615075904006396
val/T-mAP: 0.8477458238601685
val/T-mAP-micro: 0.9832369565963746
val/T-mAP-micro-std: 0.022367592087957137
val/T-mAP-std: 0.03338580858594788
val/horizon-max-accuracy-micro: 0.9835665583610534
val/horizon-max-accuracy-micro-std: 0.020843961828202077
val/horizon-mean-time-step: 0.014467159542255104
val/horizon-mean-time-step-std: 0.023890232741104002
val/loss: 0.01142209731042385
val/loss-std: 0.0010100274885888006
val/loss_labels: 0.008412553556263446
val/loss_labels-std: 0.00042392501982246487
val/loss_timestamps: 0.003009544173255563
val/loss_timestamps-std: 0.0007534147005783548
val/mean-predicted-length: 10.0
val/mean-predicted-length-std: 0.0
val/mean-target-length: 10.0
val/mean-target-length-std: 0.0
val/next-item-accuracy: 1.0
val/next-item-accuracy-std: 0.0
val/next-item-mae: 0.0017019162653014064
val/next-item-mae-std: 0.0012940482012906342
val/next-item-map: 0.9375
val/next-item-map-micro: 1.0
val/next-item-map-micro-std: 0.0
val/next-item-map-std: 0.0
val/next-item-max-accuracy: 1.0
val/next-item-max-accuracy-std: 0.0
val/next-item-mean-time-step: 0.000950604461831972
val/next-item-mean-time-step-std: 0.000382452332148197
val/next-item-rmse: 0.0026281587313860657
val/next-item-rmse-std: 0.0012448283484377148
val/next-k-label-distribution-delta: 0.0
val/next-k-label-distribution-delta-std: 0.0
val/optimal-transport-distance: 0.028442342206835745
val/optimal-transport-distance-std: 0.02880907293988381
val/sequence-labels-entropy: 1.7724854230880738
val/sequence-labels-entropy-std: 0.06639530151467686
