date: '2025-02-10 23:44:10'
num_seeds: 5
test/T-mAP: 0.875
test/T-mAP-micro: 1.0
test/T-mAP-micro-std: 0.0
test/T-mAP-std: 0.0
test/horizon-max-accuracy-micro: 1.0
test/horizon-max-accuracy-micro-std: 0.0
test/horizon-mean-time-step: 0.0006194949040946085
test/horizon-mean-time-step-std: 0.000752182717647824
test/loss: 0.3300641715526581
test/loss-std: 0.03041293729206576
test/loss_decoder_labels: 0.10746805816888809
test/loss_decoder_labels-std: 0.009094261690105323
test/loss_decoder_timestamps: 0.0017063523177057506
test/loss_decoder_timestamps-std: 0.0009261960180235061
test/loss_diffusion: 0.22086155116558076
test/loss_diffusion-std: 0.02541260654684202
test/loss_embedder_regularizer: 2.8192299578222445e-05
test/loss_embedder_regularizer-std: 1.4076917281672064e-06
test/mean-predicted-length: 10.0
test/mean-predicted-length-std: 0.0
test/mean-target-length: 10.0
test/mean-target-length-std: 0.0
test/next-item-accuracy: 0.2556105598807335
test/next-item-accuracy-std: 0.12256339041513166
test/next-item-mae: 0.0010244520266724066
test/next-item-mae-std: 0.0009100782691007255
test/next-item-map: 0.22414888441562653
test/next-item-map-micro: 0.24089707881212236
test/next-item-map-micro-std: 0.12280070423500988
test/next-item-map-std: 0.12257544498516512
test/next-item-max-accuracy: 0.5583704948425293
test/next-item-max-accuracy-std: 0.06457500695813898
test/next-item-mean-time-step: 0.00013701844363822602
test/next-item-mean-time-step-std: 0.0001357831761775221
test/next-item-rmse: 0.0014363793032771354
test/next-item-rmse-std: 0.0011835931881435992
test/next-k-label-distribution-delta: 1.577092456817627
test/next-k-label-distribution-delta-std: 1.5013380722048433
test/optimal-transport-distance: 1.586163110891357
test/optimal-transport-distance-std: 1.4940522199927753
test/sequence-labels-entropy: 1.6849157810211182
test/sequence-labels-entropy-std: 0.0
val/T-mAP: 0.875
val/T-mAP-micro: 1.0
val/T-mAP-micro-std: 0.0
val/T-mAP-std: 0.0
val/horizon-max-accuracy-micro: 1.0000001192092896
val/horizon-max-accuracy-micro-std: 0.0
val/horizon-mean-time-step: 0.0006262193974180263
val/horizon-mean-time-step-std: 0.0007680718548624204
val/loss: 0.3285195231437683
val/loss-std: 0.02976940091516058
val/loss_decoder_labels: 0.10780155956745148
val/loss_decoder_labels-std: 0.008664959231288608
val/loss_decoder_timestamps: 0.001691835408564657
val/loss_decoder_timestamps-std: 0.0009243405908490387
val/loss_diffusion: 0.2189979523420334
val/loss_diffusion-std: 0.025045251656068957
val/loss_embedder_regularizer: 2.8194853075547144e-05
val/loss_embedder_regularizer-std: 1.3820890161861658e-06
val/mean-predicted-length: 10.0
val/mean-predicted-length-std: 0.0
val/mean-target-length: 10.0
val/mean-target-length-std: 0.0
val/next-item-accuracy: 0.2506972923874855
val/next-item-accuracy-std: 0.11871902022114039
val/next-item-mae: 0.001023653469155761
val/next-item-mae-std: 0.000912350434200235
val/next-item-map: 0.2206898123025894
val/next-item-map-micro: 0.23673242926597596
val/next-item-map-micro-std: 0.11845983819881155
val/next-item-map-std: 0.12184992608653077
val/next-item-max-accuracy: 0.5558061122894287
val/next-item-max-accuracy-std: 0.05997580700363501
val/next-item-mean-time-step: 0.00013775358643783875
val/next-item-mean-time-step-std: 0.00013390259392316253
val/next-item-rmse: 0.0014366230388986878
val/next-item-rmse-std: 0.0011642209685770845
val/next-k-label-distribution-delta: 1.7017543859779836
val/next-k-label-distribution-delta-std: 1.6376138122523622
val/optimal-transport-distance: 1.7106810672208668
val/optimal-transport-distance-std: 1.6302305403997062
val/sequence-labels-entropy: 1.8206759691238403
val/sequence-labels-entropy-std: 0.0
