date: '2024-08-05 18:45:40'
test/detection-mAP: 0.0366801954805851
test/horizon-mean-time-step: 0.5177487730979919
test/loss: 2.8235418796539307
test/loss_labels: 2.253582239151001
test/loss_timestamps: 0.5699600577354431
test/mean-predicted-length: 13.254434585571289
test/mean-target-length: 9.136935234069824
test/next-item-accuracy: 0.38360312581062317
test/next-item-mae: 0.647836446762085
test/next-item-mean-time-step: 0.8292548656463623
test/next-item-rmse: 1.2034142017364502
test/optimal-transport-distance: 2.080876111984253
val/detection-mAP: 0.03451046347618103
val/horizon-mean-time-step: 0.5197759866714478
val/loss: 2.804813861846924
val/loss_labels: 2.235877752304077
val/loss_timestamps: 0.5689359307289124
val/mean-predicted-length: 13.230133056640625
val/mean-target-length: 9.149765014648438
val/next-item-accuracy: 0.3860221207141876
val/next-item-mae: 0.6471409797668457
val/next-item-mean-time-step: 0.8297305107116699
val/next-item-rmse: 1.1988847255706787
val/optimal-transport-distance: 2.080822229385376
