date: '2024-08-09 15:05:36'
test/T-mAP: 0.06999671459197998
test/horizon-mean-time-step: 0.6295557022094727
test/loss: 2.8216946125030518
test/loss_labels: 2.261866331100464
test/loss_timestamps: 0.5598281025886536
test/mean-predicted-length: 11.238133430480957
test/mean-target-length: 9.136935234069824
test/next-item-accuracy: 0.38189461827278137
test/next-item-mae: 0.6352648735046387
test/next-item-mean-time-step: 0.8282293081283569
test/next-item-rmse: 1.1916162967681885
test/optimal-transport-distance: 18.182199478149414
val/T-mAP: 0.07183355838060379
val/horizon-mean-time-step: 0.631316602230072
val/loss: 2.802516460418701
val/loss_labels: 2.2440171241760254
val/loss_timestamps: 0.5584998726844788
val/mean-predicted-length: 11.212725639343262
val/mean-target-length: 9.149765014648438
val/next-item-accuracy: 0.3838914632797241
val/next-item-mae: 0.6344146728515625
val/next-item-mean-time-step: 0.8285994529724121
val/next-item-rmse: 1.1867334842681885
val/optimal-transport-distance: 18.121784210205078
