date: '2024-08-09 15:29:01'
test/T-mAP: 0.04510430991649628
test/horizon-mean-time-step: 0.6356486082077026
test/loss: 3.045714855194092
test/loss_labels: 2.427107334136963
test/loss_timestamps: 0.6186071038246155
test/mean-predicted-length: 10.855072021484375
test/mean-target-length: 9.136935234069824
test/next-item-accuracy: 0.37581372261047363
test/next-item-mae: 0.6408310532569885
test/next-item-mean-time-step: 0.8283569812774658
test/next-item-rmse: 1.195142149925232
test/optimal-transport-distance: 10.414752006530762
val/T-mAP: 0.0451904721558094
val/horizon-mean-time-step: 0.6354801654815674
val/loss: 3.0261409282684326
val/loss_labels: 2.4084103107452393
val/loss_timestamps: 0.6177311539649963
val/mean-predicted-length: 10.871411323547363
val/mean-target-length: 9.149765014648438
val/next-item-accuracy: 0.3775472939014435
val/next-item-mae: 0.6397950053215027
val/next-item-mean-time-step: 0.8286687135696411
val/next-item-rmse: 1.190734624862671
val/optimal-transport-distance: 10.396615982055664
