date: '2024-08-05 19:09:32'
test/detection-mAP: 0.06197677180171013
test/horizon-mean-time-step: 0.9088194966316223
test/loss: 3.3223752975463867
test/loss_labels: 2.422952175140381
test/loss_timestamps: 0.8994232416152954
test/mean-predicted-length: 7.420835494995117
test/mean-target-length: 9.136935234069824
test/next-item-accuracy: 0.37759754061698914
test/next-item-mae: 0.7094991207122803
test/next-item-mean-time-step: 0.841785728931427
test/next-item-rmse: 1.200370192527771
test/optimal-transport-distance: 22.863176345825195
test/timestamps-bias-mean: 0.16660137474536896
test/timestamps-current_influence: -0.08200478553771973
val/detection-mAP: 0.06435880064964294
val/horizon-mean-time-step: 0.9080526828765869
val/loss: 3.3031609058380127
val/loss_labels: 2.4044361114501953
val/loss_timestamps: 0.8987247347831726
val/mean-predicted-length: 7.43565559387207
val/mean-target-length: 9.149765014648438
val/next-item-accuracy: 0.38006260991096497
val/next-item-mae: 0.7090331315994263
val/next-item-mean-time-step: 0.8420698046684265
val/next-item-rmse: 1.1954662799835205
val/optimal-transport-distance: 22.818950653076172
val/timestamps-bias-mean: 0.16749203205108643
val/timestamps-current_influence: -0.08200479298830032
