date: '2024-08-09 15:35:18'
test/T-mAP: 0.002323389984667301
test/horizon-mean-time-step: 0.9043846726417542
test/loss: 3.3257946968078613
test/loss_labels: 2.426983594894409
test/loss_timestamps: 0.8988114595413208
test/mean-predicted-length: 7.457615852355957
test/mean-target-length: 9.136935234069824
test/next-item-accuracy: 0.37554651498794556
test/next-item-mae: 0.6987879276275635
test/next-item-mean-time-step: 0.8399093151092529
test/next-item-rmse: 1.1911247968673706
test/optimal-transport-distance: 0.4841066300868988
test/timestamps-bias-mean: 0.17008870840072632
test/timestamps-current_influence: -0.08071828633546829
val/T-mAP: 0.0033676999155431986
val/horizon-mean-time-step: 0.9043018817901611
val/loss: 3.306445598602295
val/loss_labels: 2.408365249633789
val/loss_timestamps: 0.8980807662010193
val/mean-predicted-length: 7.455864429473877
val/mean-target-length: 9.149765014648438
val/next-item-accuracy: 0.3773818016052246
val/next-item-mae: 0.698293924331665
val/next-item-mean-time-step: 0.8402401804924011
val/next-item-rmse: 1.1862596273422241
val/optimal-transport-distance: 0.4838976562023163
val/timestamps-bias-mean: 0.17042699456214905
val/timestamps-current_influence: -0.08071828633546829
