date: '2024-08-09 15:21:47'
test/T-mAP: 0.07970485091209412
test/horizon-mean-time-step: 0.914066731929779
test/loss: 3.112231731414795
test/loss_labels: 2.265843152999878
test/loss_timestamps: 0.8463892340660095
test/mean-predicted-length: 7.553695201873779
test/mean-target-length: 9.136935234069824
test/next-item-accuracy: 0.3808612525463104
test/next-item-mae: 0.7039502263069153
test/next-item-mean-time-step: 0.8410382270812988
test/next-item-rmse: 1.1880220174789429
test/optimal-transport-distance: 20.976913452148438
test/timestamps-bias-mean: 0.155392125248909
test/timestamps-current_influence: -0.044440485537052155
val/T-mAP: 0.08504897356033325
val/horizon-mean-time-step: 0.9168331027030945
val/loss: 3.093658447265625
val/loss_labels: 2.2483878135681152
val/loss_timestamps: 0.8452706336975098
val/mean-predicted-length: 7.540234088897705
val/mean-target-length: 9.149765014648438
val/next-item-accuracy: 0.3825027346611023
val/next-item-mae: 0.7034218311309814
val/next-item-mean-time-step: 0.841278612613678
val/next-item-rmse: 1.1829466819763184
val/optimal-transport-distance: 20.948068618774414
val/timestamps-bias-mean: 0.1558341383934021
val/timestamps-current_influence: -0.04444047808647156
