date: '2024-05-24 23:19:11'
val/detection-mAP: 0.06513595581054688
val/horizon-mean-time-step: 0.7561748027801514
val/loss: 3.0324978828430176
val/loss_labels: 2.361198663711548
val/loss_timestamps: 0.6712994575500488
val/mean-predicted-length: 5.0
val/mean-target-length: 9.149765014648438
val/next-item-accuracy: 0.3835839331150055
val/next-item-mae: 0.5678972005844116
val/next-item-mean-time-step: 0.8242649435997009
val/optimal-transport-distance: 13.448824882507324
test/detection-mAP: 0.06408200412988663
test/horizon-mean-time-step: 0.7615926861763
test/loss: 3.050880193710327
test/loss_labels: 2.379167318344116
test/loss_timestamps: 0.6717128753662109
test/mean-predicted-length: 5.0
test/mean-target-length: 9.136935234069824
test/next-item-accuracy: 0.3808172941207886
test/next-item-mae: 0.5696395635604858
test/next-item-mean-time-step: 0.8238804340362549
test/optimal-transport-distance: 13.449984550476074
