date: '2024-05-25 17:23:09'
val/detection-mAP: 0.07724209874868393
val/horizon-mean-time-step: 0.8489800095558167
val/loss: 2.9858345985412598
val/loss_labels: 2.3033838272094727
val/loss_timestamps: 0.6824513077735901
val/mean-predicted-length: 2.0
val/mean-target-length: 9.149765014648438
val/next-item-accuracy: 0.38522258400917053
val/next-item-mae: 0.6869404911994934
val/next-item-mean-time-step: 0.8241428136825562
val/timestamps-bias-mean: 0.48640963435173035
val/timestamps-current_influence: -0.23598331212997437
test/detection-mAP: 0.0747271403670311
test/horizon-mean-time-step: 0.8477160334587097
test/loss: 3.0051512718200684
test/loss_labels: 2.3210442066192627
test/loss_timestamps: 0.6841069459915161
test/mean-predicted-length: 2.0
test/mean-target-length: 9.136935234069824
test/next-item-accuracy: 0.3823939263820648
test/next-item-mae: 0.6872770190238953
test/next-item-mean-time-step: 0.8237481117248535
test/timestamps-bias-mean: 0.48678433895111084
test/timestamps-current_influence: -0.2359832376241684
