date: '2024-05-24 23:23:27'
val/detection-mAP: 0.07081395387649536
val/horizon-mean-time-step: 0.8676904439926147
val/loss: 3.071650743484497
val/loss_labels: 2.3606479167938232
val/loss_timestamps: 0.7110023498535156
val/mean-predicted-length: 4.981558799743652
val/mean-target-length: 9.149765014648438
val/next-item-accuracy: 0.38360053300857544
val/next-item-mae: 0.6886662840843201
val/next-item-mean-time-step: 0.8242242336273193
val/optimal-transport-distance: 13.39268970489502
val/timestamps-bias-mean: 0.47336050868034363
val/timestamps-current_influence: -0.25197991728782654
test/detection-mAP: 0.07167588174343109
test/horizon-mean-time-step: 0.8674500584602356
test/loss: 3.091137409210205
test/loss_labels: 2.3787901401519775
test/loss_timestamps: 0.7123476266860962
test/mean-predicted-length: 4.9853973388671875
test/mean-target-length: 9.136935234069824
test/next-item-accuracy: 0.3809320032596588
test/next-item-mae: 0.6891815066337585
test/next-item-mean-time-step: 0.8238375782966614
test/optimal-transport-distance: 13.403692245483398
test/timestamps-bias-mean: 0.4723483622074127
test/timestamps-current_influence: -0.25197988748550415
