date: '2024-05-24 23:50:40'
dev/detection-mAP: 0.06808628141880035
dev/horizon-mean-time-step: 0.31546956300735474
dev/loss: 2.8252694606781006
dev/loss_labels: 2.244663953781128
dev/loss_timestamps: 0.5806059241294861
dev/mean-predicted-length: 1.999899983406067
dev/mean-target-length: 9.149765014648438
dev/next-item-accuracy: 0.38407596945762634
dev/next-item-mae: 0.5674947500228882
dev/next-item-mean-time-step: 0.8242860436439514
test/detection-mAP: 0.06480580568313599
test/horizon-mean-time-step: 0.3047980070114136
test/loss: 2.8447182178497314
test/loss_labels: 2.2628064155578613
test/loss_timestamps: 0.5819118022918701
test/mean-predicted-length: 2.0
test/mean-target-length: 9.136935234069824
test/next-item-accuracy: 0.3812389671802521
test/next-item-mae: 0.569211483001709
test/next-item-mean-time-step: 0.8238875865936279
