date: '2024-05-24 23:10:50'
dev/detection-mAP: 0.05515000969171524
dev/horizon-mean-time-step: 0.364349365234375
dev/loss: 2.8252694606781006
dev/loss_labels: 2.244663953781128
dev/loss_timestamps: 0.5806059241294861
dev/mean-predicted-length: 14.16016960144043
dev/mean-target-length: 9.149765014648438
dev/next-item-accuracy: 0.38407596945762634
dev/next-item-mae: 0.5674947500228882
dev/next-item-mean-time-step: 0.8242860436439514
dev/optimal-transport-distance: 13.191929817199707
test/detection-mAP: 0.051315926015377045
test/horizon-mean-time-step: 0.3605387508869171
test/loss: 2.8447182178497314
test/loss_labels: 2.2628064155578613
test/loss_timestamps: 0.5819118022918701
test/mean-predicted-length: 14.19424819946289
test/mean-target-length: 9.136935234069824
test/next-item-accuracy: 0.3812389671802521
test/next-item-mae: 0.569211483001709
test/next-item-mean-time-step: 0.8238875865936279
test/optimal-transport-distance: 13.24510669708252
