date: '2024-05-24 23:14:11'
val/detection-mAP: 0.04962318390607834
val/horizon-mean-time-step: 0.4306543469429016
val/loss: 2.8252694606781006
val/loss_labels: 2.244663953781128
val/loss_timestamps: 0.5806059241294861
val/mean-predicted-length: 20.77370262145996
val/mean-target-length: 9.149765014648438
val/next-item-accuracy: 0.38407596945762634
val/next-item-mae: 0.5674947500228882
val/next-item-mean-time-step: 0.8242860436439514
val/optimal-transport-distance: 13.191929817199707
test/detection-mAP: 0.04645460098981857
test/horizon-mean-time-step: 0.4261288642883301
test/loss: 2.8447182178497314
test/loss_labels: 2.2628064155578613
test/loss_timestamps: 0.5819118022918701
test/mean-predicted-length: 20.875003814697266
test/mean-target-length: 9.136935234069824
test/next-item-accuracy: 0.3812389671802521
test/next-item-mae: 0.569211483001709
test/next-item-mean-time-step: 0.8238875865936279
test/optimal-transport-distance: 13.24510669708252
