date: '2024-05-24 23:08:25'
dev/detection-mAP: 0.062283795326948166
dev/horizon-mean-time-step: 0.32990357279777527
dev/loss: 2.8252694606781006
dev/loss_labels: 2.244663953781128
dev/loss_timestamps: 0.5806059241294861
dev/mean-predicted-length: 7.8776469230651855
dev/mean-target-length: 9.149765014648438
dev/next-item-accuracy: 0.38407596945762634
dev/next-item-mae: 0.5674947500228882
dev/next-item-mean-time-step: 0.8242860436439514
dev/optimal-transport-distance: 13.191929817199707
test/detection-mAP: 0.05818023532629013
test/horizon-mean-time-step: 0.32466405630111694
test/loss: 2.8447182178497314
test/loss_labels: 2.2628064155578613
test/loss_timestamps: 0.5819118022918701
test/mean-predicted-length: 7.882709503173828
test/mean-target-length: 9.136935234069824
test/next-item-accuracy: 0.3812389671802521
test/next-item-mae: 0.569211483001709
test/next-item-mean-time-step: 0.8238875865936279
test/optimal-transport-distance: 13.24510669708252
