date: '2024-06-05 19:58:50'
test/detection-mAP: 0.0157166738063097
test/horizon-mean-time-step: 1.3496155738830566
test/loss: 1.1759953498840332
test/loss_nhp: 1.1759953498840332
test/mean-predicted-length: 3.997936248779297
test/mean-target-length: 9.136935234069824
test/next-item-accuracy: 0.3049406409263611
test/next-item-mae: 0.9950364828109741
test/next-item-mean-time-step: 0.8572957515716553
test/next-item-rmse: 1.2631475925445557
val/detection-mAP: 0.016864046454429626
val/horizon-mean-time-step: 1.3457657098770142
val/loss: 1.1643757820129395
val/loss_nhp: 1.1643757820129395
val/mean-predicted-length: 3.997699022293091
val/mean-target-length: 9.149765014648438
val/next-item-accuracy: 0.30846282839775085
val/next-item-mae: 0.9933301210403442
val/next-item-mean-time-step: 0.8568750023841858
val/next-item-rmse: 1.2646044492721558
