date: '2024-06-05 15:43:00'
test/detection-mAP: 0.01506215799599886
test/horizon-mean-time-step: 1.271004319190979
test/loss: 1.178783893585205
test/loss_nhp: 1.178783893585205
test/mean-predicted-length: 4.709986686706543
test/mean-target-length: 9.136935234069824
test/next-item-accuracy: 0.3049406409263611
test/next-item-mae: 0.9948552846908569
test/next-item-mean-time-step: 0.8572232127189636
test/next-item-rmse: 1.262880563735962
test/optimal-transport-distance: 7.693027973175049
val/detection-mAP: 0.01622816175222397
val/horizon-mean-time-step: 1.2695194482803345
val/loss: 1.1630833148956299
val/loss_nhp: 1.1630833148956299
val/mean-predicted-length: 4.719845294952393
val/mean-target-length: 9.149765014648438
val/next-item-accuracy: 0.30846282839775085
val/next-item-mae: 0.9934888482093811
val/next-item-mean-time-step: 0.8568800091743469
val/next-item-rmse: 1.2645930051803589
val/optimal-transport-distance: 7.6766276359558105
