date: '2024-05-24 23:15:12'
dev/detection-mAP: 0.06919588893651962
dev/horizon-mean-time-step: 0.721550703048706
dev/loss: 2.8817741870880127
dev/loss_labels: 2.2389702796936035
dev/loss_timestamps: 0.6428040862083435
dev/mean-predicted-length: 10.308667182922363
dev/mean-target-length: 9.149765014648438
dev/next-item-accuracy: 0.3851332366466522
dev/next-item-mae: 0.6850746870040894
dev/next-item-mean-time-step: 0.8241294026374817
dev/optimal-transport-distance: 12.417887687683105
dev/timestamps-bias-mean: 0.503686249256134
dev/timestamps-current_influence: -0.21806427836418152
test/detection-mAP: 0.0693708211183548
test/horizon-mean-time-step: 0.718269944190979
test/loss: 2.9015746116638184
test/loss_labels: 2.2568609714508057
test/loss_timestamps: 0.6447135210037231
test/mean-predicted-length: 10.310388565063477
test/mean-target-length: 9.136935234069824
test/next-item-accuracy: 0.38251549005508423
test/next-item-mae: 0.6859073638916016
test/next-item-mean-time-step: 0.8237432837486267
test/optimal-transport-distance: 12.46062183380127
test/timestamps-bias-mean: 0.5029240846633911
test/timestamps-current_influence: -0.21806426346302032
