date: '2024-05-24 23:51:03'
dev/detection-mAP: 0.07391101121902466
dev/horizon-mean-time-step: 0.6766113638877869
dev/loss: 2.8817741870880127
dev/loss_labels: 2.2389702796936035
dev/loss_timestamps: 0.6428040862083435
dev/mean-predicted-length: 2.0
dev/mean-target-length: 9.149765014648438
dev/next-item-accuracy: 0.3851332366466522
dev/next-item-mae: 0.6849936842918396
dev/next-item-mean-time-step: 0.8241156339645386
dev/timestamps-bias-mean: 0.503686249256134
dev/timestamps-current_influence: -0.21806427836418152
test/detection-mAP: 0.07208752632141113
test/horizon-mean-time-step: 0.6743185520172119
test/loss: 2.9015746116638184
test/loss_labels: 2.2568609714508057
test/loss_timestamps: 0.6447135210037231
test/mean-predicted-length: 2.0
test/mean-target-length: 9.136935234069824
test/next-item-accuracy: 0.38251549005508423
test/next-item-mae: 0.6856877207756042
test/next-item-mean-time-step: 0.823736310005188
test/timestamps-bias-mean: 0.5029240846633911
test/timestamps-current_influence: -0.21806426346302032
