date: '2024-05-24 23:11:35'
val/detection-mAP: 0.06811422854661942
val/horizon-mean-time-step: 0.7051539421081543
val/loss: 2.8817741870880127
val/loss_labels: 2.2389702796936035
val/loss_timestamps: 0.6428040862083435
val/mean-predicted-length: 10.234901428222656
val/mean-target-length: 9.149765014648438
val/next-item-accuracy: 0.3851332366466522
val/next-item-mae: 0.6848686933517456
val/next-item-mean-time-step: 0.8241146206855774
val/optimal-transport-distance: 12.414531707763672
val/timestamps-bias-mean: 0.503686249256134
val/timestamps-current_influence: -0.21806427836418152
test/detection-mAP: 0.06933621317148209
test/horizon-mean-time-step: 0.7031288743019104
test/loss: 2.9015746116638184
test/loss_labels: 2.2568609714508057
test/loss_timestamps: 0.6447135210037231
test/mean-predicted-length: 10.23270034790039
test/mean-target-length: 9.136935234069824
test/next-item-accuracy: 0.38251549005508423
test/next-item-mae: 0.6858347654342651
test/next-item-mean-time-step: 0.8237478733062744
test/optimal-transport-distance: 12.458022117614746
test/timestamps-bias-mean: 0.5029240846633911
test/timestamps-current_influence: -0.21806426346302032
