date: '2024-05-24 23:50:19'
val/detection-mAP: 0.0626521110534668
val/horizon-mean-time-step: .nan
val/loss: 2.8817741870880127
val/loss_labels: 2.2389702796936035
val/loss_timestamps: 0.6428040862083435
val/mean-predicted-length: 1.0
val/mean-target-length: 9.149765014648438
val/next-item-accuracy: 0.3851332366466522
val/next-item-mae: 0.6850472688674927
val/next-item-mean-time-step: 0.8241237998008728
val/timestamps-bias-mean: 0.503686249256134
val/timestamps-current_influence: -0.21806427836418152
test/detection-mAP: 0.06031644344329834
test/horizon-mean-time-step: .nan
test/loss: 2.9015746116638184
test/loss_labels: 2.2568609714508057
test/loss_timestamps: 0.6447135210037231
test/mean-predicted-length: 1.0
test/mean-target-length: 9.136935234069824
test/next-item-accuracy: 0.38251549005508423
test/next-item-mae: 0.6858005523681641
test/next-item-mean-time-step: 0.8237323760986328
test/timestamps-bias-mean: 0.5029240846633911
test/timestamps-current_influence: -0.21806426346302032
