date: '2024-09-23 18:16:29'
test/T-mAP: 0.14644496142864227
test/T-mAP-micro: 0.25685203075408936
test/horizon-mean-time-step: 1.0080018043518066
test/loss: 0.020038055256009102
test/loss_nhp: 0.020038055256009102
test/mean-predicted-length: 12.1765775680542
test/mean-target-length: 19.20047378540039
test/next-item-accuracy: 0.3171854615211487
test/next-item-mae: 0.49472156167030334
test/next-item-map: 0.08925771713256836
test/next-item-map-micro: 0.1821543127298355
test/next-item-mean-time-step: 0.7153689861297607
test/next-item-rmse: 1.451373815536499
test/next-k-label-distribution-delta: 6.339292526245117
test/optimal-transport-distance: 7.422046661376953
test/thinning_accepted: 2.835669755935669
val/T-mAP: 0.14493902027606964
val/T-mAP-micro: 0.25118115544319153
val/horizon-mean-time-step: 1.01089346408844
val/loss: 0.026449427008628845
val/loss_nhp: 0.026449427008628845
val/mean-predicted-length: 12.314764976501465
val/mean-target-length: 19.335750579833984
val/next-item-accuracy: 0.3072952628135681
val/next-item-mae: 0.5057778358459473
val/next-item-map: 0.09001016616821289
val/next-item-map-micro: 0.17912286520004272
val/next-item-mean-time-step: 0.7169045209884644
val/next-item-rmse: 1.4925957918167114
val/next-k-label-distribution-delta: 6.416634559631348
val/optimal-transport-distance: 7.475071907043457
val/thinning_accepted: 3.0337324142456055
