date: '2026-03-09 22:37:40'
test/T-mAP: 0.37294161319732666
test/T-mAP-weighted: 0.5868484973907471
test/horizon-max-f-score: 0.4060669243335724
test/horizon-max-f-score-weighted: 0.5787147283554077
test/horizon-mean-time-step: 0.1940857321023941
test/loss: 4.770750522613525
test/loss__presence: 0.2812677323818207
test/loss_labels: 1.2536598443984985
test/loss_next_item_labels: 1.9971084594726562
test/loss_next_item_timestamps: 0.24169281125068665
test/loss_timestamps: 0.9970213174819946
test/match_cost_mean: -11.193142890930176
test/match_cost_std: 9.233839988708496
test/max_cost: 55.60418701171875
test/mean-predicted-length: 0.0
test/mean-target-length: 19.20047378540039
test/next-item-accuracy: 0.3569962978363037
test/next-item-mae: 0.24147123098373413
test/next-item-map: 0.16978196799755096
test/next-item-map-weighted: 0.2949690818786621
test/next-item-max-f-score: 0.22720041871070862
test/next-item-max-f-score-weighted: 0.34526926279067993
test/next-item-mean-time-step: 0.5221198201179504
test/next-item-rmse: 0.389504075050354
test/next-k-label-distribution-delta: 4.82269287109375
test/optimal-transport-distance: 6.882704257965088
test/prediction_match_rate: 0.3082510232925415
test/sequence-labels-entropy: 0.0
test/target-sequence-labels-entropy: 1.075952172279358
test/target_match_rate: 1.0
val/T-mAP: 0.369991272687912
val/T-mAP-weighted: 0.5751023888587952
val/horizon-max-f-score: 0.4058522582054138
val/horizon-max-f-score-weighted: 0.5736539363861084
val/horizon-mean-time-step: 0.19404654204845428
val/loss: 4.832648754119873
val/loss__presence: 0.2876405417919159
val/loss_labels: 1.2693625688552856
val/loss_next_item_labels: 2.0203182697296143
val/loss_next_item_timestamps: 0.24411919713020325
val/loss_timestamps: 1.0112085342407227
val/match_cost_mean: -11.160840034484863
val/match_cost_std: 9.385204315185547
val/max_cost: 55.307735443115234
val/mean-predicted-length: 0.0
val/mean-target-length: 19.335750579833984
val/next-item-accuracy: 0.3451897203922272
val/next-item-mae: 0.24396151304244995
val/next-item-map: 0.16826418042182922
val/next-item-map-weighted: 0.2861037850379944
val/next-item-max-f-score: 0.2317178100347519
val/next-item-max-f-score-weighted: 0.33981001377105713
val/next-item-mean-time-step: 0.5166447758674622
val/next-item-rmse: 0.39145582914352417
val/next-k-label-distribution-delta: 4.828691005706787
val/optimal-transport-distance: 6.986391067504883
val/prediction_match_rate: 0.3083021342754364
val/sequence-labels-entropy: 0.0
val/target-sequence-labels-entropy: 1.059090495109558
val/target_match_rate: 1.0
