date: '2026-04-24 10:42:53'
test/T-mAP: 0.08504465222358704
test/T-mAP-weighted: 0.1729108691215515
test/horizon-max-f-score: 0.26665639877319336
test/horizon-max-f-score-weighted: 0.4423757791519165
test/horizon-mean-time-step: 0.05717259645462036
test/loss: 8.801651000976562
test/loss__presence: 0.6318880319595337
test/loss_labels: 2.039248466491699
test/loss_next_item_labels: 2.358551263809204
test/loss_next_item_timestamps: 0.6023759841918945
test/loss_timestamps: 3.1695873737335205
test/match_cost_mean: 0.9032972455024719
test/match_cost_std: 1.82590913772583
test/max_cost: 12.054391860961914
test/mean-predicted-length: 0.0
test/mean-target-length: 19.20047378540039
test/next-item-accuracy: 0.2990316152572632
test/next-item-mae: 0.6019555330276489
test/next-item-map: 0.07353125512599945
test/next-item-map-weighted: 0.17434021830558777
test/next-item-max-f-score: 0.12077520787715912
test/next-item-max-f-score-weighted: 0.26602062582969666
test/next-item-mean-time-step: 0.5187221169471741
test/next-item-rmse: 0.6951666474342346
test/next-k-label-distribution-delta: 6.758847236633301
test/optimal-transport-distance: 7.476961612701416
test/prediction_match_rate: 0.3082510232925415
test/sequence-labels-entropy: 0.0
test/target-sequence-labels-entropy: 1.075952172279358
test/target_match_rate: 1.0
val/T-mAP: 0.10227157920598984
val/T-mAP-weighted: 0.16079433262348175
val/horizon-max-f-score: 0.31248533725738525
val/horizon-max-f-score-weighted: 0.4389069378376007
val/horizon-mean-time-step: 0.05737350881099701
val/loss: 8.806551933288574
val/loss__presence: 0.630846381187439
val/loss_labels: 2.053717851638794
val/loss_next_item_labels: 2.4144973754882812
val/loss_next_item_timestamps: 0.6293134093284607
val/loss_timestamps: 3.078176736831665
val/match_cost_mean: 0.8765377402305603
val/match_cost_std: 1.8278179168701172
val/max_cost: 12.180237770080566
val/mean-predicted-length: 0.0
val/mean-target-length: 20.238889694213867
val/next-item-accuracy: 0.26661714911460876
val/next-item-mae: 0.6293134093284607
val/next-item-map: 0.06982225179672241
val/next-item-map-weighted: 0.15132996439933777
val/next-item-max-f-score: 0.12744341790676117
val/next-item-max-f-score-weighted: 0.24645689129829407
val/next-item-mean-time-step: 0.48305538296699524
val/next-item-rmse: 0.7266668081283569
val/next-k-label-distribution-delta: 6.8222222328186035
val/optimal-transport-distance: 7.531187534332275
val/prediction_match_rate: 0.3188323676586151
val/sequence-labels-entropy: 0.0
val/target-sequence-labels-entropy: 1.0062777996063232
val/target_match_rate: 1.0
