date: '2026-04-24 10:40:25'
test/T-mAP: 0.055927932262420654
test/T-mAP-weighted: 0.1213952898979187
test/horizon-max-f-score: 0.2511177659034729
test/horizon-max-f-score-weighted: 0.4402659237384796
test/horizon-mean-time-step: 0.03225857764482498
test/loss: 9.579931259155273
test/loss__presence: 0.550482451915741
test/loss_labels: 2.1394383907318115
test/loss_next_item_labels: 2.44587779045105
test/loss_next_item_timestamps: 0.5164406895637512
test/loss_timestamps: 3.927692174911499
test/match_cost_mean: 1.1118247509002686
test/match_cost_std: 1.8021574020385742
test/max_cost: 14.576744079589844
test/mean-predicted-length: 0.0
test/mean-target-length: 19.20047378540039
test/next-item-accuracy: 0.29916924238204956
test/next-item-mae: 0.5167844295501709
test/next-item-map: 0.07506268471479416
test/next-item-map-weighted: 0.1851256638765335
test/next-item-max-f-score: 0.126123309135437
test/next-item-max-f-score-weighted: 0.26624226570129395
test/next-item-mean-time-step: 0.5156731009483337
test/next-item-rmse: 0.6206905245780945
test/next-k-label-distribution-delta: 7.936154842376709
test/optimal-transport-distance: 8.98834228515625
test/prediction_match_rate: 0.3082510232925415
test/sequence-labels-entropy: 0.0
test/target-sequence-labels-entropy: 1.075952172279358
test/target_match_rate: 1.0
val/T-mAP: 0.07249122858047485
val/T-mAP-weighted: 0.12027093768119812
val/horizon-max-f-score: 0.3143599331378937
val/horizon-max-f-score-weighted: 0.45418480038642883
val/horizon-mean-time-step: 0.031863972544670105
val/loss: 9.473016738891602
val/loss__presence: 0.5467454195022583
val/loss_labels: 2.1363565921783447
val/loss_next_item_labels: 2.4809865951538086
val/loss_next_item_timestamps: 0.48023802042007446
val/loss_timestamps: 3.828690528869629
val/match_cost_mean: 1.1322391033172607
val/match_cost_std: 1.8320475816726685
val/max_cost: 14.5576810836792
val/mean-predicted-length: 0.0
val/mean-target-length: 20.238889694213867
val/next-item-accuracy: 0.2662458121776581
val/next-item-mae: 0.48023802042007446
val/next-item-map: 0.07474303245544434
val/next-item-map-weighted: 0.16072361171245575
val/next-item-max-f-score: 0.13961811363697052
val/next-item-max-f-score-weighted: 0.25576135516166687
val/next-item-mean-time-step: 0.47991645336151123
val/next-item-rmse: 0.5980905890464783
val/next-k-label-distribution-delta: 8.01111125946045
val/optimal-transport-distance: 9.012367248535156
val/prediction_match_rate: 0.3188323676586151
val/sequence-labels-entropy: 0.0
val/target-sequence-labels-entropy: 1.0062777996063232
val/target_match_rate: 1.0
