date: '2026-02-27 10:21:10'
test/T-mAP: 0.37500858306884766
test/T-mAP-weighted: 0.5868936777114868
test/horizon-max-f-score: 0.4067133665084839
test/horizon-max-f-score-weighted: 0.5785907506942749
test/horizon-mean-time-step: 0.19260577857494354
test/loss: 4.657430648803711
test/loss__presence: 0.19711163640022278
test/loss_labels: 1.249189019203186
test/loss_next_item_labels: 1.986732840538025
test/loss_next_item_timestamps: 0.23717592656612396
test/loss_timestamps: 0.9872210025787354
test/match_cost_mean: -11.348109245300293
test/match_cost_std: 10.413896560668945
test/max_cost: 63.201175689697266
test/mean-predicted-length: 18.497446060180664
test/mean-target-length: 19.20047378540039
test/next-item-accuracy: 0.35926082730293274
test/next-item-mae: 0.2369677573442459
test/next-item-map: 0.17276522517204285
test/next-item-map-weighted: 0.29848363995552063
test/next-item-max-f-score: 0.23070019483566284
test/next-item-max-f-score-weighted: 0.348029226064682
test/next-item-mean-time-step: 0.5209375023841858
test/next-item-rmse: 0.380318820476532
test/next-k-label-distribution-delta: 4.661437511444092
test/optimal-transport-distance: 6.034794330596924
test/prediction_match_rate: 0.379335880279541
test/sequence-labels-entropy: 0.9143729209899902
test/target-sequence-labels-entropy: 1.075952172279358
test/target_match_rate: 1.0
val/T-mAP: 0.3713063895702362
val/T-mAP-weighted: 0.5733151435852051
val/horizon-max-f-score: 0.4096473455429077
val/horizon-max-f-score-weighted: 0.5728310942649841
val/horizon-mean-time-step: 0.19282735884189606
val/loss: 4.728793144226074
val/loss__presence: 0.2041482925415039
val/loss_labels: 1.2624863386154175
val/loss_next_item_labels: 2.012889862060547
val/loss_next_item_timestamps: 0.23931406438350677
val/loss_timestamps: 1.0099542140960693
val/match_cost_mean: -11.26443862915039
val/match_cost_std: 10.58732795715332
val/max_cost: 62.48811340332031
val/mean-predicted-length: 18.40442657470703
val/mean-target-length: 19.335750579833984
val/next-item-accuracy: 0.3477194309234619
val/next-item-mae: 0.23913466930389404
val/next-item-map: 0.1704608052968979
val/next-item-map-weighted: 0.28881528973579407
val/next-item-max-f-score: 0.23392704129219055
val/next-item-max-f-score-weighted: 0.34263432025909424
val/next-item-mean-time-step: 0.5154396891593933
val/next-item-rmse: 0.38189855217933655
val/next-k-label-distribution-delta: 4.740175247192383
val/optimal-transport-distance: 6.111505508422852
val/prediction_match_rate: 0.3807843029499054
val/sequence-labels-entropy: 0.8826701045036316
val/target-sequence-labels-entropy: 1.059090495109558
val/target_match_rate: 1.0
