date: '2025-02-22 14:12:39'
test/T-mAP: 0.20276114344596863
test/T-mAP-weighted: 0.37600353360176086
test/horizon-max-f-score: 0.25724583864212036
test/horizon-max-f-score-weighted: 0.4052802324295044
test/horizon-mean-time-step: 0.5782169699668884
test/loss: 1.740261435508728
test/loss_hypro-bce: 1.740261435508728
test/mean-noise-energy: 4.342313289642334
test/mean-predicted-length: 17.827434539794922
test/mean-target-energy: 0.3491956889629364
test/mean-target-length: 19.20047378540039
test/next-item-accuracy: 0.21465569734573364
test/next-item-mae: 0.28789031505584717
test/next-item-map: 0.17136341333389282
test/next-item-map-weighted: 0.2970847487449646
test/next-item-max-f-score: 0.229753315448761
test/next-item-max-f-score-weighted: 0.3476845920085907
test/next-item-mean-time-step: 0.529755711555481
test/next-item-rmse: 0.33956727385520935
test/next-k-label-distribution-delta: 5.736592769622803
test/optimal-transport-distance: 6.95074987411499
test/sequence-labels-entropy: 1.2110254764556885
val/T-mAP: 0.20465315878391266
val/T-mAP-weighted: 0.36925622820854187
val/horizon-max-f-score: 0.25822746753692627
val/horizon-max-f-score-weighted: 0.4001871645450592
val/horizon-mean-time-step: 0.5815516114234924
val/loss: 1.7174324989318848
val/loss_hypro-bce: 1.7174324989318848
val/mean-noise-energy: 4.342642784118652
val/mean-predicted-length: 17.76650047302246
val/mean-target-energy: 0.3169769048690796
val/mean-target-length: 19.335750579833984
val/next-item-accuracy: 0.2099144011735916
val/next-item-mae: 0.2893731892108917
val/next-item-map: 0.16978909075260162
val/next-item-map-weighted: 0.2884446084499359
val/next-item-max-f-score: 0.2329477071762085
val/next-item-max-f-score-weighted: 0.34135201573371887
val/next-item-mean-time-step: 0.5245195031166077
val/next-item-rmse: 0.34044548869132996
val/next-k-label-distribution-delta: 5.697824954986572
val/optimal-transport-distance: 6.950510025024414
val/sequence-labels-entropy: 1.168180227279663
