date: '2024-09-13 22:23:15'
test/T-mAP: 0.20532163977622986
test/T-mAP-micro: 0.3769286274909973
test/horizon-mean-time-step: 0.5714053511619568
test/loss: 0.05740240216255188
test/loss_hypro-bce: 0.05740240216255188
test/mean-noise-energy: 8.97654914855957
test/mean-predicted-length: 18.006567001342773
test/mean-target-energy: -5.949620246887207
test/mean-target-length: 19.20047378540039
test/next-item-accuracy: 0.35689619183540344
test/next-item-mae: 0.2950945198535919
test/next-item-map: 0.17207543551921844
test/next-item-map-micro: 0.29686933755874634
test/next-item-mean-time-step: 0.5271037817001343
test/next-item-rmse: 0.33737480640411377
test/next-k-label-distribution-delta: 5.886902809143066
test/optimal-transport-distance: 6.608654022216797
val/T-mAP: 0.20575663447380066
val/T-mAP-micro: 0.3656754791736603
val/horizon-mean-time-step: 0.5719342827796936
val/loss: 0.05992558225989342
val/loss_hypro-bce: 0.05992558225989342
val/mean-noise-energy: 8.975452423095703
val/mean-predicted-length: 17.982830047607422
val/mean-target-energy: -5.936069011688232
val/mean-target-length: 19.335750579833984
val/next-item-accuracy: 0.3482304811477661
val/next-item-mae: 0.296703964471817
val/next-item-map: 0.17068086564540863
val/next-item-map-micro: 0.2881873548030853
val/next-item-mean-time-step: 0.5217878818511963
val/next-item-rmse: 0.3383643329143524
val/next-k-label-distribution-delta: 5.904616355895996
val/optimal-transport-distance: 6.63399076461792
