date: '2024-06-03 15:55:19'
test/detection-mAP: 0.06542075425386429
test/horizon-mean-time-step: 0.4983115792274475
test/loss: 0.0
test/mean-predicted-length: 5.0
test/mean-target-length: 19.20047378540039
test/next-item-accuracy: 0.3345761299133301
test/next-item-mae: 0.30406495928764343
test/next-item-mean-time-step: 0.5316221117973328
test/next-item-rmse: 0.34849655628204346
test/optimal-transport-distance: 7.181999206542969
val/detection-mAP: 0.06871748715639114
val/horizon-mean-time-step: 0.5014130473136902
val/loss: 0.0
val/mean-predicted-length: 5.0
val/mean-target-length: 19.335750579833984
val/next-item-accuracy: 0.32329118251800537
val/next-item-mae: 0.3038492202758789
val/next-item-mean-time-step: 0.5263329744338989
val/next-item-rmse: 0.3488965928554535
val/optimal-transport-distance: 7.204378604888916
