date: '2025-11-21 00:07:07'
num_seeds: 5
test/T-mAP: 0.2718285322189331
test/T-mAP-std: 0.0
test/T-mAP-weighted: 0.45630910992622375
test/T-mAP-weighted-std: 0.0
test/horizon-edit-distance: 0.8275195956230164
test/horizon-edit-distance-std: 0.0
test/horizon-f1-score-micro: 0.27810806035995483
test/horizon-f1-score-micro-std: 0.0
test/horizon-max-f-score: 0.36972910165786743
test/horizon-max-f-score-std: 0.0
test/horizon-max-f-score-weighted: 0.5125613212585449
test/horizon-max-f-score-weighted-std: 0.0
test/horizon-mean-time-step: 0.0887489914894104
test/horizon-mean-time-step-std: 0.0
test/loss: 0.0
test/loss-std: 0.0
test/mean-predicted-length: 79.87413024902344
test/mean-predicted-length-std: 0.0
test/mean-target-length: 19.20047378540039
test/mean-target-length-std: 0.0
test/next-item-accuracy: 0.3268066346645355
test/next-item-accuracy-std: 0.0
test/next-item-mae: 0.32512402534484863
test/next-item-mae-std: 0.0
test/next-item-map: 0.09608696401119232
test/next-item-map-std: 0.0
test/next-item-map-weighted: 0.20798255503177643
test/next-item-map-weighted-std: 0.0
test/next-item-max-f-score: 0.1729893535375595
test/next-item-max-f-score-std: 0.0
test/next-item-max-f-score-weighted: 0.29997381567955017
test/next-item-max-f-score-weighted-std: 0.0
test/next-item-mean-time-step: 0.5156731009483337
test/next-item-mean-time-step-std: 0.0
test/next-item-rmse: 0.344198077917099
test/next-item-rmse-std: 0.0
test/next-k-label-distribution-delta: 5.5363006591796875
test/next-k-label-distribution-delta-std: 0.0
test/optimal-transport-distance: 7.289870738983154
test/optimal-transport-distance-std: 0.0
test/sequence-labels-entropy: 1.837035894393921
test/sequence-labels-entropy-std: 0.0
test/sequence-unique-labels: 15.982711791992188
test/sequence-unique-labels-std: 0.0
test/target-sequence-labels-entropy: 1.0759520530700684
test/target-sequence-labels-entropy-std: 0.0
test/target-sequence-unique-labels: 8.850351333618164
test/target-sequence-unique-labels-std: 0.0
val/T-mAP: 0.27939701080322266
val/T-mAP-std: 0.0
val/T-mAP-weighted: 0.4522111415863037
val/T-mAP-weighted-std: 0.0
val/horizon-edit-distance: 0.8248294591903687
val/horizon-edit-distance-std: 0.0
val/horizon-f1-score-micro: 0.28213393688201904
val/horizon-f1-score-micro-std: 0.0
val/horizon-max-f-score: 0.3738320469856262
val/horizon-max-f-score-std: 0.0
val/horizon-max-f-score-weighted: 0.5117039084434509
val/horizon-max-f-score-weighted-std: 0.0
val/horizon-mean-time-step: 0.08862899988889694
val/horizon-mean-time-step-std: 0.0
val/loss: 0.0
val/loss-std: 0.0
val/mean-predicted-length: 79.98092651367188
val/mean-predicted-length-std: 0.0
val/mean-target-length: 19.335750579833984
val/mean-target-length-std: 0.0
val/next-item-accuracy: 0.3155231773853302
val/next-item-accuracy-std: 0.0
val/next-item-mae: 0.3272775709629059
val/next-item-mae-std: 0.0
val/next-item-map: 0.09749531745910645
val/next-item-map-std: 0.0
val/next-item-map-weighted: 0.20244285464286804
val/next-item-map-weighted-std: 0.0
val/next-item-max-f-score: 0.1705857515335083
val/next-item-max-f-score-std: 0.0
val/next-item-max-f-score-weighted: 0.2915864884853363
val/next-item-max-f-score-weighted-std: 0.0
val/next-item-mean-time-step: 0.5102582573890686
val/next-item-mean-time-step-std: 0.0
val/next-item-rmse: 0.34640607237815857
val/next-item-rmse-std: 0.0
val/next-k-label-distribution-delta: 5.570392608642578
val/next-k-label-distribution-delta-std: 0.0
val/optimal-transport-distance: 7.298881530761719
val/optimal-transport-distance-std: 0.0
val/sequence-labels-entropy: 1.7767888307571411
val/sequence-labels-entropy-std: 0.0
val/sequence-unique-labels: 15.986985206604004
val/sequence-unique-labels-std: 0.0
val/target-sequence-labels-entropy: 1.0590906143188477
val/target-sequence-labels-entropy-std: 0.0
val/target-sequence-unique-labels: 8.881778717041016
val/target-sequence-unique-labels-std: 0.0
