date: '2025-02-03 14:34:12'
num_seeds: 5
test/T-mAP: 0.30294647216796877
test/T-mAP-micro: 0.5117652118206024
test/T-mAP-micro-std: 0.007417728439024042
test/T-mAP-std: 0.0032049969144548923
test/horizon-max-accuracy-micro: 0.5444138050079346
test/horizon-max-accuracy-micro-std: 0.005900395437833143
test/horizon-mean-time-step: 0.724949300289154
test/horizon-mean-time-step-std: 0.009487597285695789
test/loss: 2.4877989292144775
test/loss-std: 0.009216662986631208
test/loss_decoder_labels: 2.0176246643066404
test/loss_decoder_labels-std: 0.00782723159901658
test/loss_decoder_timestamps: 0.24317577183246614
test/loss_decoder_timestamps-std: 5.9736481092442426e-05
test/loss_diffusion: 0.22699858248233795
test/loss_diffusion-std: 0.016478116074485294
test/loss_embedder_regularizer: 4.7525193558328734e-09
test/loss_embedder_regularizer-std: 5.114123496015385e-10
test/mean-predicted-length: 13.279678916931152
test/mean-predicted-length-std: 0.1826780916898824
test/mean-target-length: 19.20047378540039
test/mean-target-length-std: 0.0
test/next-item-accuracy: 0.3056976318359375
test/next-item-accuracy-std: 0.012811402821657396
test/next-item-mae: 0.24670510292053222
test/next-item-mae-std: 0.00048171746040538016
test/next-item-map: 0.1336115300655365
test/next-item-map-micro: 0.24698967337608338
test/next-item-map-micro-std: 0.009268331991356425
test/next-item-map-std: 0.004943663293448621
test/next-item-max-accuracy: 0.46069889068603515
test/next-item-max-accuracy-std: 0.0013180176355695329
test/next-item-mean-time-step: 0.5170466661453247
test/next-item-mean-time-step-std: 0.00045414720067082464
test/next-item-rmse: 0.39300391674041746
test/next-item-rmse-std: 0.005791378348975226
test/next-k-label-distribution-delta: 5.399343681335449
test/next-k-label-distribution-delta-std: 0.08850298834674303
test/optimal-transport-distance: 6.520208549499512
test/optimal-transport-distance-std: 0.04249282805042558
test/sequence-labels-entropy: 0.6642687082290649
test/sequence-labels-entropy-std: 0.09445450346792567
val/T-mAP: 0.30081979632377626
val/T-mAP-micro: 0.49877861738204954
val/T-mAP-micro-std: 0.007954987746469362
val/T-mAP-std: 0.0024831555087476056
val/horizon-max-accuracy-micro: 0.5404538035392761
val/horizon-max-accuracy-micro-std: 0.006939726321251724
val/horizon-mean-time-step: 0.7255185127258301
val/horizon-mean-time-step-std: 0.009591972517640658
val/loss: 2.5205194473266603
val/loss-std: 0.010095377022082063
val/loss_decoder_labels: 2.045782947540283
val/loss_decoder_labels-std: 0.007857750348140284
val/loss_decoder_timestamps: 0.24707819223403932
val/loss_decoder_timestamps-std: 0.00013027426785953454
val/loss_diffusion: 0.22765824496746062
val/loss_diffusion-std: 0.016556427135542798
val/loss_embedder_regularizer: 4.759504967921657e-09
val/loss_embedder_regularizer-std: 5.182106684329079e-10
val/mean-predicted-length: 13.276230621337891
val/mean-predicted-length-std: 0.17273941480730073
val/mean-target-length: 19.335750579833984
val/mean-target-length-std: 0.0
val/next-item-accuracy: 0.2981474280357361
val/next-item-accuracy-std: 0.011885446172000855
val/next-item-mae: 0.25168177485466003
val/next-item-mae-std: 0.0004300522708993012
val/next-item-map: 0.13335727155208588
val/next-item-map-micro: 0.2407386213541031
val/next-item-map-micro-std: 0.007864670455809119
val/next-item-map-std: 0.004803423324610312
val/next-item-max-accuracy: 0.4627691626548767
val/next-item-max-accuracy-std: 0.0008552913746968738
val/next-item-mean-time-step: 0.511629605293274
val/next-item-mean-time-step-std: 0.0004887364874114282
val/next-item-rmse: 0.39688450694084165
val/next-item-rmse-std: 0.005964612365832751
val/next-k-label-distribution-delta: 5.4586797714233395
val/next-k-label-distribution-delta-std: 0.10772898017240234
val/optimal-transport-distance: 6.559653854370117
val/optimal-transport-distance-std: 0.0347480952659839
val/sequence-labels-entropy: 0.6385377287864685
val/sequence-labels-entropy-std: 0.09703598717399763
