date: '2025-02-20 15:54:11'
num_seeds: 5
test/T-mAP: 0.2695263087749481
test/T-mAP-std: 0.0037364442123869
test/T-mAP-weighted: 0.4817257523536682
test/T-mAP-weighted-std: 0.003982043305525699
test/horizon-max-f-score: 0.3213606715202332
test/horizon-max-f-score-std: 0.0067030474079846705
test/horizon-max-f-score-weighted: 0.5134678483009338
test/horizon-max-f-score-weighted-std: 0.003733758187673198
test/horizon-mean-time-step: 0.985666811466217
test/horizon-mean-time-step-std: 0.02266216236598357
test/loss: 2.737741470336914
test/loss-std: 0.030774589630647695
test/loss_nhp: 2.737741470336914
test/loss_nhp-std: 0.030774589630647695
test/mean-predicted-length: 9.870156860351562
test/mean-predicted-length-std: 0.1289077879580165
test/mean-target-length: 19.20047378540039
test/mean-target-length-std: 0.0
test/next-item-accuracy: 0.16580672562122345
test/next-item-accuracy-std: 0.032645115869063525
test/next-item-mae: 0.43802890181541443
test/next-item-mae-std: 0.008833182098631164
test/next-item-map: 0.11193997114896774
test/next-item-map-std: 0.001775555872167774
test/next-item-map-weighted: 0.19764516949653627
test/next-item-map-weighted-std: 0.0024368112185103007
test/next-item-max-f-score: 0.18543947637081146
test/next-item-max-f-score-std: 0.0019682845787020006
test/next-item-max-f-score-weighted: 0.29538466930389407
test/next-item-max-f-score-weighted-std: 0.0013129931148270415
test/next-item-mean-time-step: 0.5317477226257324
test/next-item-mean-time-step-std: 0.0005397259959658387
test/next-item-rmse: 0.5605421781539917
test/next-item-rmse-std: 0.006951971758051282
test/next-k-label-distribution-delta: 7.995841217041016
test/next-k-label-distribution-delta-std: 0.41543133215034495
test/optimal-transport-distance: 8.524407005310058
test/optimal-transport-distance-std: 0.3038314472884874
test/sequence-labels-entropy: 0.3071864515542984
test/sequence-labels-entropy-std: 0.04313065410162884
test/thinning_accepted: 12.79003086090088
test/thinning_accepted-std: 0.11937219639395609
val/T-mAP: 0.27193610072135926
val/T-mAP-std: 0.003527168744170949
val/T-mAP-weighted: 0.4745609760284424
val/T-mAP-weighted-std: 0.003194360742902628
val/horizon-max-f-score: 0.3258320093154907
val/horizon-max-f-score-std: 0.008158076180263122
val/horizon-max-f-score-weighted: 0.5080893516540528
val/horizon-max-f-score-weighted-std: 0.004067521924225326
val/horizon-mean-time-step: 0.9868488907814026
val/horizon-mean-time-step-std: 0.022869343265535188
val/loss: 2.724878358840942
val/loss-std: 0.03086663449597821
val/loss_nhp: 2.724878358840942
val/loss_nhp-std: 0.03086663449597821
val/mean-predicted-length: 9.86295280456543
val/mean-predicted-length-std: 0.1348362561930592
val/mean-target-length: 19.335750579833984
val/mean-target-length-std: 0.0
val/next-item-accuracy: 0.1632758393883705
val/next-item-accuracy-std: 0.032092397582229426
val/next-item-mae: 0.44288850426673887
val/next-item-mae-std: 0.008792718947457189
val/next-item-map: 0.11416208297014237
val/next-item-map-std: 0.001546532515507149
val/next-item-map-weighted: 0.1935070514678955
val/next-item-map-weighted-std: 0.002433107357631452
val/next-item-max-f-score: 0.18783328533172608
val/next-item-max-f-score-std: 0.001781379625258079
val/next-item-max-f-score-weighted: 0.290535706281662
val/next-item-max-f-score-weighted-std: 0.001552976232157263
val/next-item-mean-time-step: 0.5268797755241394
val/next-item-mean-time-step-std: 0.0005746472067326866
val/next-item-rmse: 0.5659680962562561
val/next-item-rmse-std: 0.006792008076028661
val/next-k-label-distribution-delta: 8.030980396270753
val/next-k-label-distribution-delta-std: 0.366923297078041
val/optimal-transport-distance: 8.542147254943847
val/optimal-transport-distance-std: 0.27540388310303493
val/sequence-labels-entropy: 0.30206417441368105
val/sequence-labels-entropy-std: 0.04020886387235407
val/thinning_accepted: 12.767210769653321
val/thinning_accepted-std: 0.12466623709157498
