date: '2025-01-28 13:25:37'
num_seeds: 5
test/T-mAP: 0.19221559762954712
test/T-mAP-micro: 0.3802527844905853
test/T-mAP-micro-std: 0.06174784560878884
test/T-mAP-std: 0.031244830766823675
test/horizon-max-accuracy-micro: 0.5438079833984375
test/horizon-max-accuracy-micro-std: 0.004582700498579194
test/horizon-mean-time-step: 0.43750427961349486
test/horizon-mean-time-step-std: 0.0955287754082636
test/loss: 3.8908581256866457
test/loss-std: 0.6587571183068959
test/loss_decoder_labels: 0.0013531254371628165
test/loss_decoder_labels-std: 0.0003660728438896955
test/loss_decoder_timestamps: 0.011716948449611663
test/loss_decoder_timestamps-std: 0.0016106966500444922
test/loss_diffusion: 3.877563714981079
test/loss_diffusion-std: 0.6585251330961125
test/loss_embedder_regularizer: 0.00022433282574638725
test/loss_embedder_regularizer-std: 4.460534839525962e-05
test/mean-predicted-length: 15.851076316833495
test/mean-predicted-length-std: 0.1600255161786227
test/mean-target-length: 19.20047378540039
test/mean-target-length-std: 0.0
test/next-item-accuracy: 0.1915448933839798
test/next-item-accuracy-std: 0.023638695003150103
test/next-item-mae: 0.3808395087718964
test/next-item-mae-std: 0.033077814003203074
test/next-item-map: 0.09401151388883591
test/next-item-map-micro: 0.20899946987628937
test/next-item-map-micro-std: 0.0021810994296389973
test/next-item-map-std: 0.0008819359835536872
test/next-item-max-accuracy: 0.45942147374153136
test/next-item-max-accuracy-std: 0.000838355238923197
test/next-item-mean-time-step: 0.5591758728027344
test/next-item-mean-time-step-std: 0.02065830397752302
test/next-item-rmse: 0.4546481430530548
test/next-item-rmse-std: 0.0470089361961782
test/next-k-label-distribution-delta: 6.910398006439209
test/next-k-label-distribution-delta-std: 0.5059982890176086
test/optimal-transport-distance: 7.92712631225586
test/optimal-transport-distance-std: 0.35732447921222005
test/sequence-labels-entropy: 1.2493773221969604
test/sequence-labels-entropy-std: 0.08229937824384466
val/T-mAP: 0.1967431604862213
val/T-mAP-micro: 0.3751534104347229
val/T-mAP-micro-std: 0.05888810508309821
val/T-mAP-std: 0.030853125522019926
val/horizon-max-accuracy-micro: 0.5410689949989319
val/horizon-max-accuracy-micro-std: 0.004631360296602258
val/horizon-mean-time-step: 0.43866942524909974
val/horizon-mean-time-step-std: 0.09611552680897577
val/loss: 3.945315980911255
val/loss-std: 0.668182198657491
val/loss_decoder_labels: 0.0013747801072895526
val/loss_decoder_labels-std: 0.0003725765804551729
val/loss_decoder_timestamps: 0.011681200563907623
val/loss_decoder_timestamps-std: 0.0015979209823485773
val/loss_diffusion: 3.9320364475250242
val/loss_diffusion-std: 0.6679038553492009
val/loss_embedder_regularizer: 0.00022371753875631838
val/loss_embedder_regularizer-std: 4.431463022142822e-05
val/mean-predicted-length: 15.84433422088623
val/mean-predicted-length-std: 0.16690212174459593
val/mean-target-length: 19.335750579833984
val/mean-target-length-std: 0.0
val/next-item-accuracy: 0.18852689266204833
val/next-item-accuracy-std: 0.022726375622325438
val/next-item-mae: 0.38092836141586306
val/next-item-mae-std: 0.03305534321733518
val/next-item-map: 0.09597979187965393
val/next-item-map-micro: 0.2031894087791443
val/next-item-map-micro-std: 0.0018983245735349436
val/next-item-map-std: 0.0016728251169116483
val/next-item-max-accuracy: 0.4613805651664734
val/next-item-max-accuracy-std: 0.0009746859598694055
val/next-item-mean-time-step: 0.555340051651001
val/next-item-mean-time-step-std: 0.022446222722371605
val/next-item-rmse: 0.45548203587532043
val/next-item-rmse-std: 0.048963955357835834
val/next-k-label-distribution-delta: 6.862266159057617
val/next-k-label-distribution-delta-std: 0.47189130482226266
val/optimal-transport-distance: 7.893697738647461
val/optimal-transport-distance-std: 0.32619909536441855
val/sequence-labels-entropy: 1.2084046840667724
val/sequence-labels-entropy-std: 0.07771569338210821
