date: '2025-01-30 16:32:50'
num_seeds: 5
test/T-mAP: 0.28949990272521975
test/T-mAP-micro: 0.5048078179359436
test/T-mAP-micro-std: 0.002386295786061243
test/T-mAP-std: 0.0025809019915621003
test/horizon-max-accuracy-micro: 0.5457353949546814
test/horizon-max-accuracy-micro-std: 0.0030333936674904697
test/horizon-mean-time-step: 0.7259483456611633
test/horizon-mean-time-step-std: 0.0037551950248500138
test/loss: 2.3115485668182374
test/loss-std: 0.0029700762147624317
test/loss_decoder_labels: 2.0262022018432617
test/loss_decoder_labels-std: 0.008224881949294103
test/loss_decoder_timestamps: 0.2448670506477356
test/loss_decoder_timestamps-std: 0.0004558395930889936
test/loss_diffusion: 0.040474734455347064
test/loss_diffusion-std: 0.006037364298074491
test/loss_embedder_regularizer: 4.736997834697832e-06
test/loss_embedder_regularizer-std: 7.814334133332965e-07
test/mean-predicted-length: 13.193104553222657
test/mean-predicted-length-std: 0.09169093317929365
test/mean-target-length: 19.20047378540039
test/mean-target-length-std: 0.0
test/next-item-accuracy: 0.3067560732364655
test/next-item-accuracy-std: 0.0064203778005162675
test/next-item-mae: 0.24943527579307556
test/next-item-mae-std: 0.000942241843776618
test/next-item-map: 0.12861109524965286
test/next-item-map-micro: 0.23715502619743348
test/next-item-map-micro-std: 0.004651549302202974
test/next-item-map-std: 0.00295255671367868
test/next-item-max-accuracy: 0.4594033360481262
test/next-item-max-accuracy-std: 0.0006399154774122905
test/next-item-mean-time-step: 0.5189371228218078
test/next-item-mean-time-step-std: 0.0009959500154589948
test/next-item-rmse: 0.3984896719455719
test/next-item-rmse-std: 0.003950683815227058
test/next-k-label-distribution-delta: 5.469244956970215
test/next-k-label-distribution-delta-std: 0.08233576814089372
test/optimal-transport-distance: 6.57252311706543
test/optimal-transport-distance-std: 0.03974557926257027
test/sequence-labels-entropy: 0.6614880919456482
test/sequence-labels-entropy-std: 0.07481700700855715
val/T-mAP: 0.2863628029823303
val/T-mAP-micro: 0.4925225734710693
val/T-mAP-micro-std: 0.0021227718377828156
val/T-mAP-std: 0.003277594339257887
val/horizon-max-accuracy-micro: 0.5413010001182557
val/horizon-max-accuracy-micro-std: 0.002838790885750366
val/horizon-mean-time-step: 0.7264123439788819
val/horizon-mean-time-step-std: 0.003726470745628901
val/loss: 2.3439034461975097
val/loss-std: 0.0017008883604550775
val/loss_decoder_labels: 2.0543320178985596
val/loss_decoder_labels-std: 0.006358933182002759
val/loss_decoder_timestamps: 0.24876653850078584
val/loss_decoder_timestamps-std: 0.0003311884241977983
val/loss_diffusion: 0.04079999402165413
val/loss_diffusion-std: 0.005744868821442456
val/loss_embedder_regularizer: 4.749884874399868e-06
val/loss_embedder_regularizer-std: 7.888103854565109e-07
val/mean-predicted-length: 13.187027740478516
val/mean-predicted-length-std: 0.08765348644232987
val/mean-target-length: 19.335750579833984
val/mean-target-length-std: 0.0
val/next-item-accuracy: 0.2981934309005737
val/next-item-accuracy-std: 0.006810558337428957
val/next-item-mae: 0.2545520424842834
val/next-item-mae-std: 0.0008306788486140216
val/next-item-map: 0.12827317267656327
val/next-item-map-micro: 0.23126789629459382
val/next-item-map-micro-std: 0.00464259083630542
val/next-item-map-std: 0.002555067401032149
val/next-item-max-accuracy: 0.46165276169776914
val/next-item-max-accuracy-std: 0.0008781254289309238
val/next-item-mean-time-step: 0.5135576367378235
val/next-item-mean-time-step-std: 0.00098452352493406
val/next-item-rmse: 0.40274949073791505
val/next-item-rmse-std: 0.004258121182819701
val/next-k-label-distribution-delta: 5.526745414733886
val/next-k-label-distribution-delta-std: 0.07045288996104963
val/optimal-transport-distance: 6.6097005844116214
val/optimal-transport-distance-std: 0.025763261454933094
val/sequence-labels-entropy: 0.6413901209831238
val/sequence-labels-entropy-std: 0.06924108184278553
