date: '2025-02-04 14:14:20'
num_seeds: 5
test/T-mAP: 0.23419593274593353
test/T-mAP-micro: 0.40865120887756345
test/T-mAP-micro-std: 0.0018443681450257463
test/T-mAP-std: 0.00131580207181059
test/horizon-max-accuracy-micro: 0.4895409166812897
test/horizon-max-accuracy-micro-std: 0.0012575205377223294
test/horizon-mean-time-step: 0.7514580965042115
test/horizon-mean-time-step-std: 0.0036287720227685416
test/loss: 2.254352569580078
test/loss-std: 0.002608916738704001
test/loss_labels: 2.008891201019287
test/loss_labels-std: 0.0020845594655340693
test/loss_timestamps: 0.24546144008636475
test/loss_timestamps-std: 0.0005495493729972848
test/mean-predicted-length: 13.056804275512695
test/mean-predicted-length-std: 0.015650597395453224
test/mean-target-length: 19.20047378540039
test/mean-target-length-std: 0.0
test/next-item-accuracy: 0.352724951505661
test/next-item-accuracy-std: 0.00037737917456497045
test/next-item-mae: 0.24519578516483306
test/next-item-mae-std: 0.0005391763045924292
test/next-item-map: 0.16458247900009154
test/next-item-map-micro: 0.28971184492111207
test/next-item-map-micro-std: 0.0005236034893589032
test/next-item-map-std: 0.0007399221493786847
test/next-item-max-accuracy: 0.4678197383880615
test/next-item-max-accuracy-std: 0.00028308404780207015
test/next-item-mean-time-step: 0.5222436308860778
test/next-item-mean-time-step-std: 0.0008383324913881132
test/next-item-rmse: 0.3869177997112274
test/next-item-rmse-std: 0.0017529032931890452
test/next-k-label-distribution-delta: 6.237869548797607
test/next-k-label-distribution-delta-std: 0.026434529050182492
test/optimal-transport-distance: 6.58855447769165
test/optimal-transport-distance-std: 0.017786658120875373
test/sequence-labels-entropy: 0.2128866583108902
test/sequence-labels-entropy-std: 0.0059931024067033534
val/T-mAP: 0.22814249992370605
val/T-mAP-micro: 0.39097313284873964
val/T-mAP-micro-std: 0.0008147632730551641
val/T-mAP-std: 0.0009737109408749268
val/horizon-max-accuracy-micro: 0.48635217547416687
val/horizon-max-accuracy-micro-std: 0.0007276187792708619
val/horizon-mean-time-step: 0.7513431787490845
val/horizon-mean-time-step-std: 0.00345080032113511
val/loss: 2.2851941108703615
val/loss-std: 0.0033094700862327728
val/loss_labels: 2.0358275890350344
val/loss_labels-std: 0.0025668870074819685
val/loss_timestamps: 0.24936662018299102
val/loss_timestamps-std: 0.0008032548508534076
val/mean-predicted-length: 13.064402770996093
val/mean-predicted-length-std: 0.022001486955322603
val/mean-target-length: 19.335750579833984
val/mean-target-length-std: 0.0
val/next-item-accuracy: 0.34180145859718325
val/next-item-accuracy-std: 0.0009243630514334484
val/next-item-mae: 0.24912299811840058
val/next-item-mae-std: 0.0007949768164387907
val/next-item-map: 0.16126430928707122
val/next-item-map-micro: 0.279047417640686
val/next-item-map-micro-std: 0.0009422270829175153
val/next-item-map-std: 0.001242741165859831
val/next-item-max-accuracy: 0.4671912431716919
val/next-item-max-accuracy-std: 0.00019440995213292032
val/next-item-mean-time-step: 0.5171154856681823
val/next-item-mean-time-step-std: 0.0009550425589348778
val/next-item-rmse: 0.38890610337257386
val/next-item-rmse-std: 0.0022008488200679454
val/next-k-label-distribution-delta: 6.3018693923950195
val/next-k-label-distribution-delta-std: 0.026422874866182038
val/optimal-transport-distance: 6.644568729400635
val/optimal-transport-distance-std: 0.016579367319339334
val/sequence-labels-entropy: 0.20517718493938447
val/sequence-labels-entropy-std: 0.0038493458277045647
