date: '2025-02-20 12:21:26'
num_seeds: 5
test/T-mAP: 0.2379439264535904
test/T-mAP-std: 0.003906409720484314
test/T-mAP-weighted: 0.41431223750114443
test/T-mAP-weighted-std: 0.007626332952291763
test/horizon-max-f-score: 0.2950523436069489
test/horizon-max-f-score-std: 0.003081735632273606
test/horizon-max-f-score-weighted: 0.4480122923851013
test/horizon-max-f-score-weighted-std: 0.0049501281082813915
test/horizon-mean-time-step: 0.7723930358886719
test/horizon-mean-time-step-std: 0.016375677909813008
test/loss: 2.255459117889404
test/loss-std: 0.0013997440657672687
test/loss_labels: 2.0051409244537353
test/loss_labels-std: 0.0006977188384317294
test/loss_timestamps: 0.25031809210777284
test/loss_timestamps-std: 0.0013020929432788534
test/mean-predicted-length: 12.846260452270508
test/mean-predicted-length-std: 0.2211512654629465
test/mean-target-length: 19.20047378540039
test/mean-target-length-std: 0.0
test/next-item-accuracy: 0.35536232590675354
test/next-item-accuracy-std: 0.0008156502145900672
test/next-item-mae: 0.2500803261995316
test/next-item-mae-std: 0.0013129435025400265
test/next-item-map: 0.16718654334545135
test/next-item-map-std: 0.00039594761689553466
test/next-item-map-weighted: 0.29197686314582827
test/next-item-map-weighted-std: 0.000520988304167143
test/next-item-max-f-score: 0.22496164441108704
test/next-item-max-f-score-std: 0.0005493058389194004
test/next-item-max-f-score-weighted: 0.34243361949920653
test/next-item-max-f-score-weighted-std: 0.00044839638533939206
test/next-item-mean-time-step: 0.5230071544647217
test/next-item-mean-time-step-std: 0.001025134661174055
test/next-item-rmse: 0.376211816072464
test/next-item-rmse-std: 0.0045149749946191975
test/next-k-label-distribution-delta: 6.27289342880249
test/next-k-label-distribution-delta-std: 0.020975640722514333
test/optimal-transport-distance: 6.640787410736084
test/optimal-transport-distance-std: 0.012757792240606284
test/sequence-labels-entropy: 0.20128159821033478
test/sequence-labels-entropy-std: 0.005008375724266316
val/T-mAP: 0.23054096102714539
val/T-mAP-std: 0.004782584212775164
val/T-mAP-weighted: 0.39784019589424136
val/T-mAP-weighted-std: 0.008395568364356999
val/horizon-max-f-score: 0.2945388674736023
val/horizon-max-f-score-std: 0.004239984837320418
val/horizon-max-f-score-weighted: 0.44047532081604
val/horizon-max-f-score-weighted-std: 0.00589985799576596
val/horizon-mean-time-step: 0.7700610399246216
val/horizon-mean-time-step-std: 0.016236224590945324
val/loss: 2.2834149837493896
val/loss-std: 0.001451027683967605
val/loss_labels: 2.0298743724822996
val/loss_labels-std: 0.0008011542501574958
val/loss_timestamps: 0.25354066491127014
val/loss_timestamps-std: 0.0011273171859102228
val/mean-predicted-length: 12.881571769714355
val/mean-predicted-length-std: 0.21612273963538714
val/mean-target-length: 19.335750579833984
val/mean-target-length-std: 0.0
val/next-item-accuracy: 0.34523571729660035
val/next-item-accuracy-std: 0.0006840074195115663
val/next-item-mae: 0.2533245325088501
val/next-item-mae-std: 0.0011287145352283973
val/next-item-map: 0.1643221288919449
val/next-item-map-std: 0.000601171960885215
val/next-item-map-weighted: 0.28239343166351316
val/next-item-map-weighted-std: 0.0003811454183218736
val/next-item-max-f-score: 0.22699993550777436
val/next-item-max-f-score-std: 0.0007394323714045379
val/next-item-max-f-score-weighted: 0.33674553632736204
val/next-item-max-f-score-weighted-std: 0.0005541432667398191
val/next-item-mean-time-step: 0.517875587940216
val/next-item-mean-time-step-std: 0.0011552357672882342
val/next-item-rmse: 0.3775847315788269
val/next-item-rmse-std: 0.004497132992469967
val/next-k-label-distribution-delta: 6.338343906402588
val/next-k-label-distribution-delta-std: 0.02064297575693172
val/optimal-transport-distance: 6.7015002250671385
val/optimal-transport-distance-std: 0.012582039481017548
val/sequence-labels-entropy: 0.19710537493228913
val/sequence-labels-entropy-std: 0.004786667368155469
