date: '2025-02-13 14:00:03'
num_seeds: 1
test/T-mAP: 0.27534714341163635
test/T-mAP-std: 0.0
test/T-mAP-weighted: 0.4574824571609497
test/T-mAP-weighted-std: 0.0
test/horizon-max-f-score: 0.3697219491004944
test/horizon-max-f-score-std: 0.0
test/horizon-max-f-score-weighted: 0.5125272274017334
test/horizon-max-f-score-weighted-std: 0.0
test/horizon-mean-time-step: 0.0988147109746933
test/horizon-mean-time-step-std: 0.0
test/loss: 0.0
test/loss-std: 0.0
test/mean-predicted-length: 71.83966064453125
test/mean-predicted-length-std: 0.0
test/mean-target-length: 19.20047378540039
test/mean-target-length-std: 0.0
test/next-item-accuracy: 0.32678160071372986
test/next-item-accuracy-std: 0.0
test/next-item-mae: 0.32512402534484863
test/next-item-mae-std: 0.0
test/next-item-map: 0.0962500050663948
test/next-item-map-std: 0.0
test/next-item-map-weighted: 0.20803114771842957
test/next-item-map-weighted-std: 0.0
test/next-item-max-f-score: 0.17367085814476013
test/next-item-max-f-score-std: 0.0
test/next-item-max-f-score-weighted: 0.3003162443637848
test/next-item-max-f-score-weighted-std: 0.0
test/next-item-mean-time-step: 0.5156731009483337
test/next-item-mean-time-step-std: 0.0
test/next-item-rmse: 0.344198077917099
test/next-item-rmse-std: 0.0
test/next-k-label-distribution-delta: 5.5060200691223145
test/next-k-label-distribution-delta-std: 0.0
test/optimal-transport-distance: 7.274299144744873
test/optimal-transport-distance-std: 0.0
test/sequence-labels-entropy: 1.79509699344635
test/sequence-labels-entropy-std: 0.0
val/T-mAP: 0.2824808955192566
val/T-mAP-std: 0.0
val/T-mAP-weighted: 0.4528106153011322
val/T-mAP-weighted-std: 0.0
val/horizon-max-f-score: 0.3738320469856262
val/horizon-max-f-score-std: 0.0
val/horizon-max-f-score-weighted: 0.5117039680480957
val/horizon-max-f-score-weighted-std: 0.0
val/horizon-mean-time-step: 0.09838905185461044
val/horizon-mean-time-step-std: 0.0
val/loss: 0.0
val/loss-std: 0.0
val/mean-predicted-length: 72.14612579345703
val/mean-predicted-length-std: 0.0
val/mean-target-length: 19.335750579833984
val/mean-target-length-std: 0.0
val/next-item-accuracy: 0.3152676522731781
val/next-item-accuracy-std: 0.0
val/next-item-mae: 0.3272775709629059
val/next-item-mae-std: 0.0
val/next-item-map: 0.09680353105068207
val/next-item-map-std: 0.0
val/next-item-map-weighted: 0.20152044296264648
val/next-item-map-weighted-std: 0.0
val/next-item-max-f-score: 0.1700725257396698
val/next-item-max-f-score-std: 0.0
val/next-item-max-f-score-weighted: 0.2911945581436157
val/next-item-max-f-score-weighted-std: 0.0
val/next-item-mean-time-step: 0.5102581977844238
val/next-item-mean-time-step-std: 0.0
val/next-item-rmse: 0.34640607237815857
val/next-item-rmse-std: 0.0
val/next-k-label-distribution-delta: 5.555131435394287
val/next-k-label-distribution-delta-std: 0.0
val/optimal-transport-distance: 7.2910027503967285
val/optimal-transport-distance-std: 0.0
val/sequence-labels-entropy: 1.7201133966445923
val/sequence-labels-entropy-std: 0.0
