date: '2025-02-24 20:21:32'
num_seeds: 1
test/T-mAP: 0.13134394586086273
test/T-mAP-std: 0.0
test/T-mAP-weighted: 0.21990476548671722
test/T-mAP-weighted-std: 0.0
test/horizon-max-f-score: 0.3414756953716278
test/horizon-max-f-score-std: 0.0
test/horizon-max-f-score-weighted: 0.44912275671958923
test/horizon-max-f-score-weighted-std: 0.0
test/horizon-mean-time-step: 0.4006831645965576
test/horizon-mean-time-step-std: 0.0
test/loss: 0.0
test/loss-std: 0.0
test/mean-predicted-length: 15.724370956420898
test/mean-predicted-length-std: 0.0
test/mean-target-length: 19.20047378540039
test/mean-target-length-std: 0.0
test/next-item-accuracy: 0.24284355342388153
test/next-item-accuracy-std: 0.0
test/next-item-mae: 0.36494511365890503
test/next-item-mae-std: 0.0
test/next-item-map: 0.07382430881261826
test/next-item-map-std: 0.0
test/next-item-map-weighted: 0.16966266930103302
test/next-item-map-weighted-std: 0.0
test/next-item-max-f-score: 0.132294163107872
test/next-item-max-f-score-std: 0.0
test/next-item-max-f-score-weighted: 0.2638135254383087
test/next-item-max-f-score-weighted-std: 0.0
test/next-item-mean-time-step: 0.5581833720207214
test/next-item-mean-time-step-std: 0.0
test/next-item-rmse: 0.5128796696662903
test/next-item-rmse-std: 0.0
test/next-k-label-distribution-delta: 6.137176513671875
test/next-k-label-distribution-delta-std: 0.0
test/optimal-transport-distance: 7.854543685913086
test/optimal-transport-distance-std: 0.0
test/sequence-labels-entropy: 0.8273391723632812
test/sequence-labels-entropy-std: 0.0
test/target-sequence-labels-entropy: 1.075952172279358
test/target-sequence-labels-entropy-std: 0.0
val/T-mAP: 0.13991564512252808
val/T-mAP-std: 0.0
val/T-mAP-weighted: 0.22163094580173492
val/T-mAP-weighted-std: 0.0
val/horizon-max-f-score: 0.34489914774894714
val/horizon-max-f-score-std: 0.0
val/horizon-max-f-score-weighted: 0.44757702946662903
val/horizon-max-f-score-weighted-std: 0.0
val/horizon-mean-time-step: 0.40215304493904114
val/horizon-mean-time-step-std: 0.0
val/loss: 0.0
val/loss-std: 0.0
val/mean-predicted-length: 15.715375900268555
val/mean-predicted-length-std: 0.0
val/mean-target-length: 19.335750579833984
val/mean-target-length-std: 0.0
val/next-item-accuracy: 0.2372301071882248
val/next-item-accuracy-std: 0.0
val/next-item-mae: 0.36037424206733704
val/next-item-mae-std: 0.0
val/next-item-map: 0.07485029101371765
val/next-item-map-std: 0.0
val/next-item-map-weighted: 0.16452090442180634
val/next-item-map-weighted-std: 0.0
val/next-item-max-f-score: 0.13439488410949707
val/next-item-max-f-score-std: 0.0
val/next-item-max-f-score-weighted: 0.25794529914855957
val/next-item-max-f-score-weighted-std: 0.0
val/next-item-mean-time-step: 0.5524463653564453
val/next-item-mean-time-step-std: 0.0
val/next-item-rmse: 0.5095632076263428
val/next-item-rmse-std: 0.0
val/next-k-label-distribution-delta: 6.147271633148193
val/next-k-label-distribution-delta-std: 0.0
val/optimal-transport-distance: 7.812616348266602
val/optimal-transport-distance-std: 0.0
val/sequence-labels-entropy: 0.7996351718902588
val/sequence-labels-entropy-std: 0.0
val/target-sequence-labels-entropy: 1.0590906143188477
val/target-sequence-labels-entropy-std: 0.0
