date: '2025-02-21 13:15:46'
num_seeds: 5
test/T-mAP: 0.23131158351898193
test/T-mAP-std: 0.004624118667785893
test/T-mAP-weighted: 0.4369416952133179
test/T-mAP-weighted-std: 0.004778896200899674
test/horizon-max-f-score: 0.293485689163208
test/horizon-max-f-score-std: 0.004821281239923695
test/horizon-max-f-score-weighted: 0.49403048753738404
test/horizon-max-f-score-weighted-std: 0.006106501904346614
test/horizon-mean-time-step: 1.0293244481086732
test/horizon-mean-time-step-std: 0.04666639774544994
test/loss: 2.6947837829589845
test/loss-std: 0.03574796802411891
test/loss_nhp: 2.6947837829589845
test/loss_nhp-std: 0.03574796802411891
test/mean-predicted-length: 9.364319610595704
test/mean-predicted-length-std: 0.2794275697445648
test/mean-target-length: 19.20047378540039
test/mean-target-length-std: 0.0
test/next-item-accuracy: 0.10444900169968604
test/next-item-accuracy-std: 0.028391337582979917
test/next-item-mae: 0.473044091463089
test/next-item-mae-std: 0.031272635094423976
test/next-item-map: 0.10284284055233002
test/next-item-map-std: 0.0056587686077256396
test/next-item-map-weighted: 0.18960022330284118
test/next-item-map-weighted-std: 0.008960164301825588
test/next-item-max-f-score: 0.16901069283485412
test/next-item-max-f-score-std: 0.004609551061753071
test/next-item-max-f-score-weighted: 0.2842349886894226
test/next-item-max-f-score-weighted-std: 0.0018435757250522158
test/next-item-mean-time-step: 0.5341559767723083
test/next-item-mean-time-step-std: 0.0009407881549588278
test/next-item-rmse: 0.5891645908355713
test/next-item-rmse-std: 0.025345889354458705
test/next-k-label-distribution-delta: 8.942941093444825
test/next-k-label-distribution-delta-std: 0.2195672021113662
test/optimal-transport-distance: 9.227898788452148
test/optimal-transport-distance-std: 0.17853384312816928
test/sequence-labels-entropy: 0.3122205823659897
test/sequence-labels-entropy-std: 0.14036341072408284
test/thinning_accepted: 12.388784408569336
test/thinning_accepted-std: 0.407094088566931
val/T-mAP: 0.2372952938079834
val/T-mAP-std: 0.0035890049112487265
val/T-mAP-weighted: 0.4351917505264282
val/T-mAP-weighted-std: 0.0057250461507275426
val/horizon-max-f-score: 0.30177612900733947
val/horizon-max-f-score-std: 0.0039209735391438376
val/horizon-max-f-score-weighted: 0.4914303183555603
val/horizon-max-f-score-weighted-std: 0.0056273979640067305
val/horizon-mean-time-step: 1.0302088499069213
val/horizon-mean-time-step-std: 0.04660417929981521
val/loss: 2.6823313236236572
val/loss-std: 0.03577516518884843
val/loss_nhp: 2.6823313236236572
val/loss_nhp-std: 0.03577516518884843
val/mean-predicted-length: 9.365814590454102
val/mean-predicted-length-std: 0.2797368424408759
val/mean-target-length: 19.335750579833984
val/mean-target-length-std: 0.0
val/next-item-accuracy: 0.10322218090295791
val/next-item-accuracy-std: 0.026073176721781468
val/next-item-mae: 0.4774526536464691
val/next-item-mae-std: 0.03104981658581901
val/next-item-map: 0.10556218177080154
val/next-item-map-std: 0.0048777633096213835
val/next-item-map-weighted: 0.18598183393478393
val/next-item-map-weighted-std: 0.008236460796455047
val/next-item-max-f-score: 0.17107077538967133
val/next-item-max-f-score-std: 0.004067358868471672
val/next-item-max-f-score-weighted: 0.2799878716468811
val/next-item-max-f-score-weighted-std: 0.0017376119058441647
val/next-item-mean-time-step: 0.5292731761932373
val/next-item-mean-time-step-std: 0.0009396506088601324
val/next-item-rmse: 0.5941089987754822
val/next-item-rmse-std: 0.025191304549086763
val/next-k-label-distribution-delta: 8.939946174621582
val/next-k-label-distribution-delta-std: 0.19220050712871978
val/optimal-transport-distance: 9.22763729095459
val/optimal-transport-distance-std: 0.17309495002729203
val/sequence-labels-entropy: 0.30339275002479554
val/sequence-labels-entropy-std: 0.13737221476065656
val/thinning_accepted: 12.349147605895997
val/thinning_accepted-std: 0.4343990885774857
