date: '2025-01-30 17:13:10'
num_seeds: 5
test/T-mAP: 0.2682338714599609
test/T-mAP-micro: 0.4938521146774292
test/T-mAP-micro-std: 0.0024864374443136178
test/T-mAP-std: 0.0030266444743442824
test/horizon-max-accuracy-micro: 0.544258975982666
test/horizon-max-accuracy-micro-std: 0.002304198064425508
test/horizon-mean-time-step: 0.7252661347389221
test/horizon-mean-time-step-std: 0.0023733911364452053
test/loss: 2.4134101390838625
test/loss-std: 0.010152099671122563
test/loss_decoder_labels: 2.104465198516846
test/loss_decoder_labels-std: 0.024842651607616565
test/loss_decoder_timestamps: 0.24428597688674927
test/loss_decoder_timestamps-std: 0.0005213969309048953
test/loss_diffusion: 0.06465331614017486
test/loss_diffusion-std: 0.02053183832041701
test/loss_embedder_regularizer: 5.6736759688647e-06
test/loss_embedder_regularizer-std: 1.2946780279069786e-06
test/mean-predicted-length: 13.150967025756836
test/mean-predicted-length-std: 0.0843743576462661
test/mean-target-length: 19.20047378540039
test/mean-target-length-std: 0.0
test/next-item-accuracy: 0.3085301697254181
test/next-item-accuracy-std: 0.002033571953754152
test/next-item-mae: 0.2481637179851532
test/next-item-mae-std: 0.001386679055696959
test/next-item-map: 0.11239844411611558
test/next-item-map-micro: 0.22114138007164003
test/next-item-map-micro-std: 0.004119802565260725
test/next-item-map-std: 0.0020279262580338527
test/next-item-max-accuracy: 0.45840573906898496
test/next-item-max-accuracy-std: 0.0003227806510131312
test/next-item-mean-time-step: 0.5172599911689758
test/next-item-mean-time-step-std: 0.00106298202819901
test/next-item-rmse: 0.3982140839099884
test/next-item-rmse-std: 0.004538009149899089
test/next-k-label-distribution-delta: 5.954396438598633
test/next-k-label-distribution-delta-std: 0.22390107730115263
test/optimal-transport-distance: 6.777242946624756
test/optimal-transport-distance-std: 0.0824349826700109
test/sequence-labels-entropy: 0.42095568776130676
test/sequence-labels-entropy-std: 0.10277295530129357
val/T-mAP: 0.2712761402130127
val/T-mAP-micro: 0.4848144710063934
val/T-mAP-micro-std: 0.001815069286171264
val/T-mAP-std: 0.0022940885710496005
val/horizon-max-accuracy-micro: 0.5405274748802185
val/horizon-max-accuracy-micro-std: 0.0021317369879978484
val/horizon-mean-time-step: 0.7254817962646485
val/horizon-mean-time-step-std: 0.002311304139217021
val/loss: 2.4423303604125977
val/loss-std: 0.012881791078398193
val/loss_decoder_labels: 2.128584289550781
val/loss_decoder_labels-std: 0.027208391429424633
val/loss_decoder_timestamps: 0.2483927547931671
val/loss_decoder_timestamps-std: 0.000492499799443775
val/loss_diffusion: 0.06534750759601593
val/loss_diffusion-std: 0.02083364865301012
val/loss_embedder_regularizer: 5.694830906577408e-06
val/loss_embedder_regularizer-std: 1.3096003106888747e-06
val/mean-predicted-length: 13.152384757995605
val/mean-predicted-length-std: 0.08376804143093737
val/mean-target-length: 19.335750579833984
val/mean-target-length-std: 0.0
val/next-item-accuracy: 0.2985153913497925
val/next-item-accuracy-std: 0.003386793566860229
val/next-item-mae: 0.2534130930900574
val/next-item-mae-std: 0.00119186984770973
val/next-item-map: 0.11179016381502152
val/next-item-map-micro: 0.21447394490242006
val/next-item-map-micro-std: 0.004622322091221069
val/next-item-map-std: 0.003964510555216211
val/next-item-max-accuracy: 0.4602928638458252
val/next-item-max-accuracy-std: 0.000695370377613068
val/next-item-mean-time-step: 0.511836838722229
val/next-item-mean-time-step-std: 0.0010669297874765812
val/next-item-rmse: 0.4026946842670441
val/next-item-rmse-std: 0.004870085295790767
val/next-k-label-distribution-delta: 6.005341243743897
val/next-k-label-distribution-delta-std: 0.2224930127043416
val/optimal-transport-distance: 6.815471839904785
val/optimal-transport-distance-std: 0.0768388823247148
val/sequence-labels-entropy: 0.4129364788532257
val/sequence-labels-entropy-std: 0.1011969336473253
