date: '2026-01-26 04:35:46'
test/T-mAP: 0.24247515201568604
test/T-mAP-weighted: 0.4294697344303131
test/horizon-max-f-score: 0.3038640022277832
test/horizon-max-f-score-weighted: 0.4641520082950592
test/horizon-mean-time-step: 0.712180495262146
test/loss: 2.916261672973633
test/loss_labels: 2.6654748916625977
test/loss_timestamps: 0.2507864236831665
test/mean-predicted-length: 14.04833984375
test/mean-target-length: 19.20047378540039
test/next-item-accuracy: 0.28742116689682007
test/next-item-mae: 0.2501051723957062
test/next-item-map: 0.10668008029460907
test/next-item-map-weighted: 0.21498295664787292
test/next-item-max-f-score: 0.17077824473381042
test/next-item-max-f-score-weighted: 0.29691624641418457
test/next-item-mean-time-step: 0.5352999567985535
test/next-item-rmse: 0.37571561336517334
test/next-k-label-distribution-delta: 5.689164638519287
test/optimal-transport-distance: 6.641829490661621
test/sequence-labels-entropy: 0.5994085669517517
test/target-sequence-labels-entropy: 1.075952172279358
val/T-mAP: 0.24929022789001465
val/T-mAP-weighted: 0.4247843623161316
val/horizon-max-f-score: 0.3106537163257599
val/horizon-max-f-score-weighted: 0.46412166953086853
val/horizon-mean-time-step: 0.7118523716926575
val/loss: 2.960113763809204
val/loss_labels: 2.70682954788208
val/loss_timestamps: 0.25328487157821655
val/mean-predicted-length: 14.056085586547852
val/mean-target-length: 19.335750579833984
val/next-item-accuracy: 0.2786252796649933
val/next-item-mae: 0.2525264024734497
val/next-item-map: 0.10808424651622772
val/next-item-map-weighted: 0.20883840322494507
val/next-item-max-f-score: 0.17429742217063904
val/next-item-max-f-score-weighted: 0.292050302028656
val/next-item-mean-time-step: 0.5309449434280396
val/next-item-rmse: 0.3769732713699341
val/next-k-label-distribution-delta: 5.694009780883789
val/optimal-transport-distance: 6.661961078643799
val/sequence-labels-entropy: 0.5708025097846985
val/target-sequence-labels-entropy: 1.059090495109558
