date: '2024-06-02 08:51:29'
test/detection-mAP: 0.2244163602590561
test/horizon-mean-time-step: 0.7235918641090393
test/loss: 2.2810611724853516
test/loss_labels: 2.03717303276062
test/loss_timestamps: 0.24388842284679413
test/mean-predicted-length: 13.3057279586792
test/mean-target-length: 19.20047378540039
test/next-item-accuracy: 0.3512786626815796
test/next-item-mae: 0.24585457146167755
test/next-item-mean-time-step: 0.5164927244186401
test/next-item-rmse: 0.3958377242088318
test/optimal-transport-distance: 6.6812920570373535
val/detection-mAP: 0.2186587154865265
val/horizon-mean-time-step: 0.7242683172225952
val/loss: 2.3138587474823
val/loss_labels: 2.0662341117858887
val/loss_timestamps: 0.24762466549873352
val/mean-predicted-length: 13.298359870910645
val/mean-target-length: 19.335750579833984
val/next-item-accuracy: 0.3410502076148987
val/next-item-mae: 0.25092610716819763
val/next-item-mean-time-step: 0.5110481977462769
val/next-item-rmse: 0.39998066425323486
val/optimal-transport-distance: 6.733694553375244
