date: '2026-01-26 08:59:44'
test/T-mAP: 0.2453555017709732
test/T-mAP-weighted: 0.4308670163154602
test/horizon-max-f-score: 0.30513012409210205
test/horizon-max-f-score-weighted: 0.46338942646980286
test/horizon-mean-time-step: 0.7181909680366516
test/loss: 2.9883787631988525
test/loss_labels: 2.7386157512664795
test/loss_timestamps: 0.24976319074630737
test/mean-predicted-length: 13.853156089782715
test/mean-target-length: 19.20047378540039
test/next-item-accuracy: 0.2901361286640167
test/next-item-mae: 0.2482033371925354
test/next-item-map: 0.10619671642780304
test/next-item-map-weighted: 0.21499322354793549
test/next-item-max-f-score: 0.17036937177181244
test/next-item-max-f-score-weighted: 0.2966724634170532
test/next-item-mean-time-step: 0.5341634154319763
test/next-item-rmse: 0.3773079812526703
test/next-k-label-distribution-delta: 5.743889331817627
test/optimal-transport-distance: 6.659912586212158
test/sequence-labels-entropy: 0.5723798274993896
test/target-sequence-labels-entropy: 1.075952172279358
val/T-mAP: 0.24351614713668823
val/T-mAP-weighted: 0.41744381189346313
val/horizon-max-f-score: 0.30659019947052
val/horizon-max-f-score-weighted: 0.45790916681289673
val/horizon-mean-time-step: 0.7182883024215698
val/loss: 3.0323050022125244
val/loss_labels: 2.780557632446289
val/loss_timestamps: 0.2517474591732025
val/mean-predicted-length: 13.88363265991211
val/mean-target-length: 19.335750579833984
val/next-item-accuracy: 0.28388911485671997
val/next-item-mae: 0.25011155009269714
val/next-item-map: 0.1067485511302948
val/next-item-map-weighted: 0.20930762588977814
val/next-item-max-f-score: 0.1711474508047104
val/next-item-max-f-score-weighted: 0.2914746403694153
val/next-item-mean-time-step: 0.5303562879562378
val/next-item-rmse: 0.3780612647533417
val/next-k-label-distribution-delta: 5.761922836303711
val/optimal-transport-distance: 6.694281578063965
val/sequence-labels-entropy: 0.5692296028137207
val/target-sequence-labels-entropy: 1.059090495109558
