date: '2024-05-30 15:30:42'
test/detection-mAP: 0.2681705057621002
test/horizon-mean-time-step: 0.7416182160377502
test/loss: 2.25679087638855
test/loss_labels: 2.006514310836792
test/loss_timestamps: 0.2502763569355011
test/mean-predicted-length: 13.07150650024414
test/mean-target-length: 19.20047378540039
test/next-item-accuracy: 0.354406476020813
test/next-item-mae: 0.25003042817115784
test/next-item-mean-time-step: 0.5225309133529663
test/next-item-rmse: 0.3781622350215912
test/optimal-transport-distance: 13.104384422302246
val/detection-mAP: 0.2600417137145996
val/horizon-mean-time-step: 0.7423537373542786
val/loss: 2.2857601642608643
val/loss_labels: 2.0314152240753174
val/loss_timestamps: 0.2543452978134155
val/mean-predicted-length: 13.064478874206543
val/mean-target-length: 19.335750579833984
val/next-item-accuracy: 0.3436054587364197
val/next-item-mae: 0.2541170120239258
val/next-item-mean-time-step: 0.517462432384491
val/next-item-rmse: 0.380173921585083
val/optimal-transport-distance: 13.164125442504883
