date: '2024-06-02 08:51:10'
test/detection-mAP: 0.2241261601448059
test/horizon-mean-time-step: 0.7179323434829712
test/loss: 2.229761838912964
test/loss_labels: 1.98918879032135
test/loss_timestamps: 0.24057288467884064
test/mean-predicted-length: 13.252645492553711
test/mean-target-length: 19.20047378540039
test/next-item-accuracy: 0.35784706473350525
test/next-item-mae: 0.24001696705818176
test/next-item-mean-time-step: 0.520111620426178
test/next-item-rmse: 0.37377801537513733
test/optimal-transport-distance: 6.543383598327637
val/detection-mAP: 0.21875905990600586
val/horizon-mean-time-step: 0.7186710834503174
val/loss: 2.2600455284118652
val/loss_labels: 2.016148567199707
val/loss_timestamps: 0.24389711022377014
val/mean-predicted-length: 13.256390571594238
val/mean-target-length: 19.335750579833984
val/next-item-accuracy: 0.3476172089576721
val/next-item-mae: 0.24313099682331085
val/next-item-mean-time-step: 0.5149853229522705
val/next-item-rmse: 0.3753531575202942
val/optimal-transport-distance: 6.5629777908325195
