date: '2024-05-31 17:57:09'
test/detection-mAP: 0.20933844149112701
test/horizon-mean-time-step: 0.7685523629188538
test/loss: 0.33482885360717773
test/loss_nhp: 0.33482885360717773
test/mean-predicted-length: 13.6129150390625
test/mean-target-length: 19.20047378540039
test/next-item-accuracy: 0.17595836520195007
test/next-item-mae: 0.5115467309951782
test/next-item-mean-time-step: 0.7518612742424011
test/next-item-rmse: 1.6015145778656006
test/optimal-transport-distance: 7.848752021789551
val/detection-mAP: 0.2159477174282074
val/horizon-mean-time-step: 0.7629994750022888
val/loss: 0.3564366400241852
val/loss_nhp: 0.3564366400241852
val/mean-predicted-length: 13.690194129943848
val/mean-target-length: 19.335750579833984
val/next-item-accuracy: 0.17046122252941132
val/next-item-mae: 0.5020698308944702
val/next-item-mean-time-step: 0.7383401393890381
val/next-item-rmse: 1.5651413202285767
val/optimal-transport-distance: 7.842677116394043
