date: '2024-06-02 09:04:23'
test/detection-mAP: 0.22563336789608002
test/horizon-mean-time-step: 0.6859447956085205
test/loss: 0.33418968319892883
test/loss_nhp: 0.33418968319892883
test/mean-predicted-length: 14.71251392364502
test/mean-target-length: 19.20047378540039
test/next-item-accuracy: 0.17419427633285522
test/next-item-mae: 0.3547317087650299
test/next-item-mean-time-step: 0.6039784550666809
test/next-item-rmse: 0.8754465579986572
test/optimal-transport-distance: 7.759063720703125
val/detection-mAP: 0.23049096763134003
val/horizon-mean-time-step: 0.6859005093574524
val/loss: 0.35668009519577026
val/loss_nhp: 0.35668009519577026
val/mean-predicted-length: 14.728729248046875
val/mean-target-length: 19.335750579833984
val/next-item-accuracy: 0.16749712824821472
val/next-item-mae: 0.3514958322048187
val/next-item-mean-time-step: 0.5961165428161621
val/next-item-rmse: 0.8524667024612427
val/optimal-transport-distance: 7.742508888244629
