date: '2024-06-01 19:33:11'
test/detection-mAP: 0.12692150473594666
test/horizon-mean-time-step: 0.29113900661468506
test/loss: 0.0
test/mean-predicted-length: 15.740970611572266
test/mean-target-length: 19.20047378540039
test/next-item-accuracy: 0.24142979085445404
test/next-item-mae: 0.30828291177749634
test/next-item-mean-time-step: 0.5807702541351318
test/next-item-rmse: 0.4712410569190979
test/optimal-transport-distance: 6.693150043487549
val/detection-mAP: 0.13141508400440216
val/horizon-mean-time-step: 0.2670871913433075
val/loss: 0.0
val/mean-predicted-length: 15.726821899414062
val/mean-target-length: 19.335750579833984
val/next-item-accuracy: 0.2349814772605896
val/next-item-mae: 0.3095831573009491
val/next-item-mean-time-step: 0.5776483416557312
val/next-item-rmse: 0.4816131889820099
val/optimal-transport-distance: 6.758662700653076
