date: '2024-06-03 13:12:13'
test/detection-mAP: 0.09211303293704987
test/horizon-mean-time-step: 0.5438420176506042
test/loss: 0.0
test/mean-predicted-length: 5.0
test/mean-target-length: 19.20047378540039
test/next-item-accuracy: 0.24229305982589722
test/next-item-mae: 0.3226456940174103
test/next-item-mean-time-step: 0.5771549344062805
test/next-item-rmse: 0.5005442500114441
test/optimal-transport-distance: 6.672068119049072
val/detection-mAP: 0.09732728451490402
val/horizon-mean-time-step: 0.5442498922348022
val/loss: 0.0
val/mean-predicted-length: 5.0
val/mean-target-length: 19.335750579833984
val/next-item-accuracy: 0.23597802221775055
val/next-item-mae: 0.31995153427124023
val/next-item-mean-time-step: 0.5744355916976929
val/next-item-rmse: 0.5144587159156799
val/optimal-transport-distance: 6.700342655181885
