date: '2024-06-03 13:06:39'
test/detection-mAP: 0.12870919704437256
test/horizon-mean-time-step: 0.3540799915790558
test/loss: 0.0
test/mean-predicted-length: 15.724735260009766
test/mean-target-length: 19.20047378540039
test/next-item-accuracy: 0.24284355342388153
test/next-item-mae: 0.3812684714794159
test/next-item-mean-time-step: 0.5747166275978088
test/next-item-rmse: 0.683988094329834
test/optimal-transport-distance: 7.99816370010376
val/detection-mAP: 0.1350354552268982
val/horizon-mean-time-step: 0.33252742886543274
val/loss: 0.0
val/mean-predicted-length: 15.716901779174805
val/mean-target-length: 19.335750579833984
val/next-item-accuracy: 0.2372301071882248
val/next-item-mae: 0.37792906165122986
val/next-item-mean-time-step: 0.5702689290046692
val/next-item-rmse: 0.6926783323287964
val/optimal-transport-distance: 7.960697650909424
