date: '2024-05-30 15:35:20'
test/detection-mAP: 0.2263401299715042
test/horizon-mean-time-step: 0.6100348830223083
test/loss: 2.3124356269836426
test/loss_labels: 1.991300106048584
test/loss_timestamps: 0.32113581895828247
test/mean-predicted-length: 14.987048149108887
test/mean-target-length: 19.20047378540039
test/next-item-accuracy: 0.357746958732605
test/next-item-mae: 0.28912580013275146
test/next-item-mean-time-step: 0.5269702672958374
test/next-item-rmse: 0.33516108989715576
test/optimal-transport-distance: 12.630881309509277
test/timestamps-bias-mean: 0.6591932773590088
test/timestamps-current_influence: -0.001959342509508133
val/detection-mAP: 0.2185271680355072
val/horizon-mean-time-step: 0.6129974126815796
val/loss: 2.323601722717285
val/loss_labels: 2.0158400535583496
val/loss_timestamps: 0.3077613413333893
val/mean-predicted-length: 14.971766471862793
val/mean-target-length: 19.335750579833984
val/next-item-accuracy: 0.3471061587333679
val/next-item-mae: 0.29068776965141296
val/next-item-mean-time-step: 0.5220369696617126
val/next-item-rmse: 0.336562842130661
val/optimal-transport-distance: 12.839365005493164
val/timestamps-bias-mean: 0.6639582514762878
val/timestamps-current_influence: -0.001959342509508133
