date: '2024-06-02 08:52:36'
test/detection-mAP: 0.17654991149902344
test/horizon-mean-time-step: 0.5263635516166687
test/loss: 2.3699593544006348
test/loss_labels: 2.0369677543640137
test/loss_timestamps: 0.33299097418785095
test/mean-predicted-length: 15.789310455322266
test/mean-target-length: 19.20047378540039
test/next-item-accuracy: 0.35006505250930786
test/next-item-mae: 0.30061647295951843
test/next-item-mean-time-step: 0.5290528535842896
test/next-item-rmse: 0.3387976288795471
test/optimal-transport-distance: 6.898776054382324
test/timestamps-bias-mean: 0.6750717163085938
test/timestamps-current_influence: -3.263352846261114e-05
val/detection-mAP: 0.1739877462387085
val/horizon-mean-time-step: 0.5297030210494995
val/loss: 2.3882415294647217
val/loss_labels: 2.065434694290161
val/loss_timestamps: 0.32280707359313965
val/mean-predicted-length: 15.784051895141602
val/mean-target-length: 19.335750579833984
val/next-item-accuracy: 0.34092244505882263
val/next-item-mae: 0.30128929018974304
val/next-item-mean-time-step: 0.5236803889274597
val/next-item-rmse: 0.33952680230140686
val/optimal-transport-distance: 6.95904541015625
val/timestamps-bias-mean: 0.6760606169700623
val/timestamps-current_influence: -3.263351391069591e-05
