date: '2024-08-15 11:24:58'
test/T-mAP: 0.20599287748336792
test/horizon-mean-time-step: 0.5916594862937927
test/loss: 2.307649850845337
test/loss_labels: 1.9897598028182983
test/loss_timestamps: 0.31788989901542664
test/mean-predicted-length: 15.394381523132324
test/mean-target-length: 19.20047378540039
test/next-item-accuracy: 0.35689619183540344
test/next-item-mae: 0.2951391041278839
test/next-item-mean-time-step: 0.5272536277770996
test/next-item-rmse: 0.3375615179538727
test/optimal-transport-distance: 6.649259567260742
test/timestamps-bias-mean: 0.6750380396842957
test/timestamps-current_influence: -0.00019585898553486913
val/T-mAP: 0.20333531498908997
val/horizon-mean-time-step: 0.592988133430481
val/loss: 2.3179683685302734
val/loss_labels: 2.0139565467834473
val/loss_timestamps: 0.3040117025375366
val/mean-predicted-length: 15.369324684143066
val/mean-target-length: 19.335750579833984
val/next-item-accuracy: 0.3482304811477661
val/next-item-mae: 0.29626452922821045
val/next-item-mean-time-step: 0.5215815305709839
val/next-item-rmse: 0.33784013986587524
val/optimal-transport-distance: 6.691689968109131
val/timestamps-bias-mean: 0.6824389696121216
val/timestamps-current_influence: -0.0001958589709829539
