date: '2024-05-30 15:37:26'
test/detection-mAP: 0.1992451548576355
test/horizon-mean-time-step: 0.5300699472427368
test/loss: 2.386890172958374
test/loss_labels: 2.0473239421844482
test/loss_timestamps: 0.3395664393901825
test/mean-predicted-length: 15.833089828491211
test/mean-target-length: 19.20047378540039
test/next-item-accuracy: 0.3486638069152832
test/next-item-mae: 0.3025251030921936
test/next-item-mean-time-step: 0.5293456315994263
test/next-item-rmse: 0.3420799970626831
test/optimal-transport-distance: 13.228493690490723
test/timestamps-bias-mean: 0.6640200018882751
test/timestamps-current_influence: -0.005547863896936178
val/detection-mAP: 0.19647863507270813
val/horizon-mean-time-step: 0.5326675176620483
val/loss: 2.4047632217407227
val/loss_labels: 2.075255870819092
val/loss_timestamps: 0.3295072615146637
val/mean-predicted-length: 15.834795951843262
val/mean-target-length: 19.335750579833984
val/next-item-accuracy: 0.33882713317871094
val/next-item-mae: 0.30219903588294983
val/next-item-mean-time-step: 0.5240663290023804
val/next-item-rmse: 0.3424943685531616
val/optimal-transport-distance: 13.309481620788574
val/timestamps-bias-mean: 0.6610963940620422
val/timestamps-current_influence: -0.005547863431274891
