date: '2024-06-02 08:52:14'
test/detection-mAP: 0.1974845975637436
test/horizon-mean-time-step: 0.5768358707427979
test/loss: 2.3083577156066895
test/loss_labels: 1.990657925605774
test/loss_timestamps: 0.31770020723342896
test/mean-predicted-length: 15.531192779541016
test/mean-target-length: 19.20047378540039
test/next-item-accuracy: 0.35810980200767517
test/next-item-mae: 0.2957989275455475
test/next-item-mean-time-step: 0.5277180075645447
test/next-item-rmse: 0.3364711105823517
test/optimal-transport-distance: 6.6115007400512695
test/timestamps-bias-mean: 0.6904714107513428
test/timestamps-current_influence: -0.00017212661623489112
val/detection-mAP: 0.19432690739631653
val/horizon-mean-time-step: 0.5779871344566345
val/loss: 2.318971872329712
val/loss_labels: 2.015132427215576
val/loss_timestamps: 0.30383938550949097
val/mean-predicted-length: 15.518122673034668
val/mean-target-length: 19.335750579833984
val/next-item-accuracy: 0.34789830446243286
val/next-item-mae: 0.2980891466140747
val/next-item-mean-time-step: 0.5226391553878784
val/next-item-rmse: 0.3382517099380493
val/optimal-transport-distance: 6.689213752746582
val/timestamps-bias-mean: 0.6990430355072021
val/timestamps-current_influence: -0.00017212668899446726
