date: '2026-01-26 08:17:42'
test/T-mAP: 0.18293359875679016
test/T-mAP-weighted: 0.387790322303772
test/horizon-max-f-score: 0.25016289949417114
test/horizon-max-f-score-weighted: 0.4433344602584839
test/horizon-mean-time-step: 0.5575360655784607
test/loss: 0.7915228605270386
test/loss_nhp: 0.7915228605270386
test/mean-predicted-length: 17.739147186279297
test/mean-target-length: 19.20047378540039
test/next-item-accuracy: 0.2893604338169098
test/next-item-mae: 0.3302912414073944
test/next-item-map: 0.07007383555173874
test/next-item-map-weighted: 0.16391479969024658
test/next-item-max-f-score: 0.12389465421438217
test/next-item-max-f-score-weighted: 0.2617160677909851
test/next-item-mean-time-step: 0.5473681092262268
test/next-item-rmse: 0.4315325915813446
test/next-k-label-distribution-delta: 7.322875022888184
test/optimal-transport-distance: 7.729787826538086
test/sequence-labels-entropy: 0.20052126049995422
test/target-sequence-labels-entropy: 1.0759520530700684
test/thinning_accepted: 9.465559959411621
val/T-mAP: 0.18622064590454102
val/T-mAP-weighted: 0.38148581981658936
val/horizon-max-f-score: 0.25744375586509705
val/horizon-max-f-score-weighted: 0.4409005045890808
val/horizon-mean-time-step: 0.5580886602401733
val/loss: 0.8014037609100342
val/loss_nhp: 0.8014037609100342
val/mean-predicted-length: 17.769554138183594
val/mean-target-length: 19.335750579833984
val/next-item-accuracy: 0.27987733483314514
val/next-item-mae: 0.3344677686691284
val/next-item-map: 0.06929520517587662
val/next-item-map-weighted: 0.15834839642047882
val/next-item-max-f-score: 0.12333657592535019
val/next-item-max-f-score-weighted: 0.254938542842865
val/next-item-mean-time-step: 0.5433931946754456
val/next-item-rmse: 0.4341921806335449
val/next-k-label-distribution-delta: 7.338420391082764
val/optimal-transport-distance: 7.752619743347168
val/sequence-labels-entropy: 0.18825623393058777
val/target-sequence-labels-entropy: 1.0590906143188477
val/thinning_accepted: 10.534028053283691
