date: '2025-12-02 17:18:31'
test/T-mAP: 0.12101134657859802
test/T-mAP-weighted: 0.42536547780036926
test/horizon-max-f-score: 0.17702314257621765
test/horizon-max-f-score-weighted: 0.46282708644866943
test/horizon-mean-time-step: 0.40907347202301025
test/loss: 2.309948682785034
test/loss_labels: 1.655566930770874
test/loss_timestamps: 0.6543818116188049
test/mean-predicted-length: 22.617515563964844
test/mean-target-length: 15.583646774291992
test/next-item-accuracy: 0.4385748505592346
test/next-item-mae: 0.653197169303894
test/next-item-map: 0.11658168584108353
test/next-item-map-weighted: 0.3452683687210083
test/next-item-max-f-score: 0.1748695969581604
test/next-item-max-f-score-weighted: 0.4383354187011719
test/next-item-mean-time-step: 0.8819748163223267
test/next-item-rmse: 1.0616365671157837
test/next-k-label-distribution-delta: 9.984262466430664
test/optimal-transport-distance: 13.535250663757324
test/sequence-labels-entropy: 0.28658416867256165
test/target-sequence-labels-entropy: 1.4227653741836548
val/T-mAP: 0.1341504007577896
val/T-mAP-weighted: 0.4374423027038574
val/horizon-max-f-score: 0.19278112053871155
val/horizon-max-f-score-weighted: 0.4766768217086792
val/horizon-mean-time-step: 0.41518712043762207
val/loss: 2.275672435760498
val/loss_labels: 1.6077566146850586
val/loss_timestamps: 0.6679157614707947
val/mean-predicted-length: 22.498390197753906
val/mean-target-length: 15.263496398925781
val/next-item-accuracy: 0.4597111940383911
val/next-item-mae: 0.6649739146232605
val/next-item-map: 0.11964693665504456
val/next-item-map-weighted: 0.36112451553344727
val/next-item-max-f-score: 0.17984376847743988
val/next-item-max-f-score-weighted: 0.45205163955688477
val/next-item-mean-time-step: 0.9097009301185608
val/next-item-rmse: 1.0855659246444702
val/next-k-label-distribution-delta: 9.635323524475098
val/optimal-transport-distance: 13.41541862487793
val/sequence-labels-entropy: 0.26989859342575073
val/target-sequence-labels-entropy: 1.3858129978179932

