date: '2024-09-25 19:48:59'
test/T-mAP: 0.11337926983833313
test/T-mAP-micro: 0.4071945250034332
test/horizon-mean-time-step: 0.6106085777282715
test/loss: 2.3309526443481445
test/loss_nhp: 2.3309526443481445
test/mean-predicted-length: 15.08073902130127
test/mean-target-length: 15.583646774291992
test/next-item-accuracy: 0.30967357754707336
test/next-item-mae: 0.705567479133606
test/next-item-map: 0.12583793699741364
test/next-item-map-micro: 0.3623044192790985
test/next-item-mean-time-step: 0.8766457438468933
test/next-item-rmse: 1.029049277305603
test/next-k-label-distribution-delta: 7.464933395385742
test/optimal-transport-distance: 13.638724327087402
test/sequence-labels-entropy: 1.5175485610961914
test/thinning_accepted: 40.019596099853516
val/T-mAP: 0.12315624207258224
val/T-mAP-micro: 0.41221994161605835
val/horizon-mean-time-step: 0.6093364953994751
val/loss: 2.314890146255493
val/loss_nhp: 2.314890146255493
val/mean-predicted-length: 14.902752876281738
val/mean-target-length: 15.263496398925781
val/next-item-accuracy: 0.31909701228141785
val/next-item-mae: 0.7111802101135254
val/next-item-map: 0.12829458713531494
val/next-item-map-micro: 0.3769393563270569
val/next-item-mean-time-step: 0.9040547013282776
val/next-item-rmse: 1.0456266403198242
val/next-k-label-distribution-delta: 7.319985866546631
val/optimal-transport-distance: 13.555229187011719
val/sequence-labels-entropy: 1.5126386880874634
val/thinning_accepted: 39.65370559692383
