date: '2024-09-25 19:59:33'
test/T-mAP: 0.10785236209630966
test/T-mAP-micro: 0.3717229664325714
test/horizon-mean-time-step: 0.5769703388214111
test/loss: 2.3309526443481445
test/loss_nhp: 2.3309526443481445
test/mean-predicted-length: 15.531988143920898
test/mean-target-length: 15.583646774291992
test/next-item-accuracy: 0.39255574345588684
test/next-item-mae: 0.705567479133606
test/next-item-map: 0.12386276572942734
test/next-item-map-micro: 0.3480091989040375
test/next-item-mean-time-step: 0.8766457438468933
test/next-item-rmse: 1.029049277305603
test/next-k-label-distribution-delta: 7.669517993927002
test/optimal-transport-distance: 12.849798202514648
test/sequence-labels-entropy: 0.8302500247955322
test/thinning_accepted: 40.019596099853516
val/T-mAP: 0.12074653804302216
val/T-mAP-micro: 0.3839011490345001
val/horizon-mean-time-step: 0.5758160352706909
val/loss: 2.314890146255493
val/loss_nhp: 2.314890146255493
val/mean-predicted-length: 15.371827125549316
val/mean-target-length: 15.263496398925781
val/next-item-accuracy: 0.40569451451301575
val/next-item-mae: 0.7111802101135254
val/next-item-map: 0.12649452686309814
val/next-item-map-micro: 0.3678952753543854
val/next-item-mean-time-step: 0.9040547013282776
val/next-item-rmse: 1.0456266403198242
val/next-k-label-distribution-delta: 7.480157375335693
val/optimal-transport-distance: 12.731584548950195
val/sequence-labels-entropy: 0.8508045077323914
val/thinning_accepted: 39.65370559692383
