date: '2024-09-25 20:09:45'
test/T-mAP: 0.10262344032526016
test/T-mAP-micro: 0.345573753118515
test/horizon-mean-time-step: 0.5547619462013245
test/loss: 2.3309526443481445
test/loss_nhp: 2.3309526443481445
test/mean-predicted-length: 15.900786399841309
test/mean-target-length: 15.583646774291992
test/next-item-accuracy: 0.44920381903648376
test/next-item-mae: 0.705567479133606
test/next-item-map: 0.12137870490550995
test/next-item-map-micro: 0.33487507700920105
test/next-item-mean-time-step: 0.8766457438468933
test/next-item-rmse: 1.029049277305603
test/next-k-label-distribution-delta: 10.465959548950195
test/optimal-transport-distance: 13.279902458190918
test/sequence-labels-entropy: 0.2181696593761444
test/thinning_accepted: 40.019596099853516
val/T-mAP: 0.11587169766426086
val/T-mAP-micro: 0.3610171973705292
val/horizon-mean-time-step: 0.5558927655220032
val/loss: 2.314890146255493
val/loss_nhp: 2.314890146255493
val/mean-predicted-length: 15.742938995361328
val/mean-target-length: 15.263496398925781
val/next-item-accuracy: 0.46780556440353394
val/next-item-mae: 0.7111802101135254
val/next-item-map: 0.12287349998950958
val/next-item-map-micro: 0.3554786443710327
val/next-item-mean-time-step: 0.9040547013282776
val/next-item-rmse: 1.0456266403198242
val/next-k-label-distribution-delta: 10.165177345275879
val/optimal-transport-distance: 13.098932266235352
val/sequence-labels-entropy: 0.23949070274829865
val/thinning_accepted: 39.65370559692383
