date: '2024-09-25 19:26:54'
test/T-mAP: 0.10882801562547684
test/T-mAP-micro: 0.4561901092529297
test/horizon-mean-time-step: 0.7131831049919128
test/loss: 2.3309526443481445
test/loss_nhp: 2.3309526443481445
test/mean-predicted-length: 14.006157875061035
test/mean-target-length: 15.583646774291992
test/next-item-accuracy: 0.0679936334490776
test/next-item-mae: 0.705567479133606
test/next-item-map: 0.10933170467615128
test/next-item-map-micro: 0.34463778138160706
test/next-item-mean-time-step: 0.8766457438468933
test/next-item-rmse: 1.029049277305603
test/next-k-label-distribution-delta: 15.464249610900879
test/optimal-transport-distance: 18.228368759155273
test/sequence-labels-entropy: 2.781257390975952
test/thinning_accepted: 40.019596099853516
val/T-mAP: 0.11635136604309082
val/T-mAP-micro: 0.4630340337753296
val/horizon-mean-time-step: 0.7178452610969543
val/loss: 2.314890146255493
val/loss_nhp: 2.314890146255493
val/mean-predicted-length: 13.716482162475586
val/mean-target-length: 15.263496398925781
val/next-item-accuracy: 0.07162903994321823
val/next-item-mae: 0.7111802101135254
val/next-item-map: 0.11126287281513214
val/next-item-map-micro: 0.35557109117507935
val/next-item-mean-time-step: 0.9040547013282776
val/next-item-rmse: 1.0456266403198242
val/next-k-label-distribution-delta: 15.555237770080566
val/optimal-transport-distance: 18.25994300842285
val/sequence-labels-entropy: 2.7693839073181152
val/thinning_accepted: 39.65370559692383
