date: '2024-09-26 10:31:08'
test/T-mAP: 0.10710594058036804
test/T-mAP-micro: 0.3763792812824249
test/horizon-mean-time-step: 0.5528683066368103
test/loss: 2.330298662185669
test/loss_nhp: 2.330298662185669
test/mean-predicted-length: 15.949708938598633
test/mean-target-length: 15.583646774291992
test/next-item-accuracy: 0.4511146545410156
test/next-item-mae: 0.7059768438339233
test/next-item-map: 0.12641502916812897
test/next-item-map-micro: 0.36188238859176636
test/next-item-mean-time-step: 0.8765469789505005
test/next-item-rmse: 1.0319620370864868
test/next-k-label-distribution-delta: 10.578173637390137
test/optimal-transport-distance: 13.314711570739746
test/sequence-labels-entropy: 0.20627573132514954
test/thinning_accepted: 40.00440979003906
val/T-mAP: 0.117341548204422
val/T-mAP-micro: 0.3857349455356598
val/horizon-mean-time-step: 0.5548800826072693
val/loss: 2.3146302700042725
val/loss_nhp: 2.3146302700042725
val/mean-predicted-length: 15.786199569702148
val/mean-target-length: 15.263496398925781
val/next-item-accuracy: 0.46935123205184937
val/next-item-mae: 0.7105798721313477
val/next-item-map: 0.12819060683250427
val/next-item-map-micro: 0.3768840432167053
val/next-item-mean-time-step: 0.903693437576294
val/next-item-rmse: 1.0473275184631348
val/next-k-label-distribution-delta: 10.203789710998535
val/optimal-transport-distance: 13.091131210327148
val/sequence-labels-entropy: 0.2097119837999344
val/thinning_accepted: 39.701454162597656
