date: '2024-09-25 19:38:15'
test/T-mAP: 0.1126718744635582
test/T-mAP-micro: 0.43417131900787354
test/horizon-mean-time-step: 0.649699330329895
test/loss: 2.3309526443481445
test/loss_nhp: 2.3309526443481445
test/mean-predicted-length: 14.652070045471191
test/mean-target-length: 15.583646774291992
test/next-item-accuracy: 0.19757165014743805
test/next-item-mae: 0.705567479133606
test/next-item-map: 0.12179842591285706
test/next-item-map-micro: 0.35721638798713684
test/next-item-mean-time-step: 0.8766457438468933
test/next-item-rmse: 1.029049277305603
test/next-k-label-distribution-delta: 10.556962013244629
test/optimal-transport-distance: 15.668069839477539
test/sequence-labels-entropy: 2.268718957901001
test/thinning_accepted: 40.019596099853516
val/T-mAP: 0.12097609043121338
val/T-mAP-micro: 0.4395901560783386
val/horizon-mean-time-step: 0.6504085659980774
val/loss: 2.314890146255493
val/loss_nhp: 2.314890146255493
val/mean-predicted-length: 14.468716621398926
val/mean-target-length: 15.263496398925781
val/next-item-accuracy: 0.20911124348640442
val/next-item-mae: 0.7111802101135254
val/next-item-map: 0.12356234341859818
val/next-item-map-micro: 0.3683073818683624
val/next-item-mean-time-step: 0.9040547013282776
val/next-item-rmse: 1.0456266403198242
val/next-k-label-distribution-delta: 10.502681732177734
val/optimal-transport-distance: 15.636214256286621
val/sequence-labels-entropy: 2.2712790966033936
val/thinning_accepted: 39.65370559692383
