date: '2024-10-01 15:07:51'
test/T-mAP: 0.19956541061401367
test/T-mAP-micro: 0.6292089223861694
test/horizon-mean-time-step: 0.200678750872612
test/loss: 5.5858588218688965
test/loss__presence: 0.17336910963058472
test/loss_labels: 1.2699520587921143
test/loss_next_item_labels: 2.6946325302124023
test/loss_next_item_timestamps: 0.6391003131866455
test/loss_timestamps: 0.8088048696517944
test/match_cost_mean: -5.627654552459717
test/match_cost_std: 8.872045516967773
test/max_cost: 63.46242141723633
test/mean-predicted-length: 13.805679321289062
test/mean-target-length: 15.583646774291992
test/next-item-accuracy: 0.0685509517788887
test/next-item-mae: 0.6382982730865479
test/next-item-map: 0.12401225417852402
test/next-item-map-micro: 0.3516831398010254
test/next-item-mean-time-step: 0.870621383190155
test/next-item-rmse: 1.0678939819335938
test/next-k-label-distribution-delta: 15.5155668258667
test/optimal-transport-distance: 18.165401458740234
test/prediction_match_rate: 0.25062233209609985
test/sequence-labels-entropy: 2.750430107116699
test/target_match_rate: 1.0
val/T-mAP: 0.2126421481370926
val/T-mAP-micro: 0.6361111402511597
val/horizon-mean-time-step: 0.20085665583610535
val/loss: 5.539480686187744
val/loss__presence: 0.17121964693069458
val/loss_labels: 1.2361925840377808
val/loss_next_item_labels: 2.6843338012695312
val/loss_next_item_timestamps: 0.6526156663894653
val/loss_timestamps: 0.79511958360672
val/match_cost_mean: -5.537891864776611
val/match_cost_std: 8.664149284362793
val/max_cost: 63.13459396362305
val/mean-predicted-length: 13.763318061828613
val/mean-target-length: 15.263496398925781
val/next-item-accuracy: 0.06857839971780777
val/next-item-mae: 0.6499989628791809
val/next-item-map: 0.1273590624332428
val/next-item-map-micro: 0.36474183201789856
val/next-item-mean-time-step: 0.8989675641059875
val/next-item-rmse: 1.0904897451400757
val/next-k-label-distribution-delta: 15.49803352355957
val/optimal-transport-distance: 18.14344024658203
val/prediction_match_rate: 0.24223871529102325
val/sequence-labels-entropy: 2.74367094039917
val/target_match_rate: 1.0
