date: '2024-09-25 18:53:45'
test/T-mAP: 0.22405877709388733
test/T-mAP-micro: 0.6522699594497681
test/horizon-mean-time-step: 0.15129534900188446
test/loss: 4.362640380859375
test/loss__presence: 0.14478811621665955
test/loss_labels: 1.2476404905319214
test/loss_next_item_labels: 1.5713766813278198
test/loss_next_item_timestamps: 0.6391387581825256
test/loss_timestamps: 0.7596960663795471
test/match_cost_mean: -5.575450897216797
test/match_cost_std: 9.166460990905762
test/max_cost: 67.81475067138672
test/mean-predicted-length: 15.658227920532227
test/mean-target-length: 15.583646774291992
test/next-item-accuracy: 0.30529457330703735
test/next-item-mae: 0.6383179426193237
test/next-item-map: 0.14088664948940277
test/next-item-map-micro: 0.3722108006477356
test/next-item-mean-time-step: 0.8721151351928711
test/next-item-rmse: 1.06754732131958
test/next-k-label-distribution-delta: 7.21724271774292
test/optimal-transport-distance: 13.358508110046387
test/prediction_match_rate: 0.19540974497795105
test/sequence-labels-entropy: 1.520180583000183
test/target_match_rate: 1.0
val/T-mAP: 0.23753689229488373
val/T-mAP-micro: 0.6634989380836487
val/horizon-mean-time-step: 0.1513637900352478
val/loss: 4.2841877937316895
val/loss__presence: 0.14256419241428375
val/loss_labels: 1.2126166820526123
val/loss_next_item_labels: 1.5233720541000366
val/loss_next_item_timestamps: 0.6529488563537598
val/loss_timestamps: 0.7526862025260925
val/match_cost_mean: -5.4777326583862305
val/match_cost_std: 8.928864479064941
val/max_cost: 67.20137786865234
val/mean-predicted-length: 15.398999214172363
val/mean-target-length: 15.263496398925781
val/next-item-accuracy: 0.3202359080314636
val/next-item-mae: 0.6502953767776489
val/next-item-map: 0.14338217675685883
val/next-item-map-micro: 0.3869818150997162
val/next-item-mean-time-step: 0.9002129435539246
val/next-item-rmse: 1.0906877517700195
val/next-k-label-distribution-delta: 6.95030403137207
val/optimal-transport-distance: 13.225635528564453
val/prediction_match_rate: 0.18755140900611877
val/sequence-labels-entropy: 1.5018068552017212
val/target_match_rate: 1.0
