date: '2024-10-01 15:08:34'
test/T-mAP: 0.2329958975315094
test/T-mAP-micro: 0.6610507965087891
test/horizon-mean-time-step: 0.20001831650733948
test/loss: 2.2024130821228027
test/loss__presence: 0.16833989322185516
test/loss_labels: 1.2544736862182617
test/loss_timestamps: 0.7795994877815247
test/match_cost_mean: -6.378340721130371
test/match_cost_std: 9.348687171936035
test/max_cost: 69.1609878540039
test/mean-predicted-length: 13.90626049041748
test/mean-target-length: 15.583646774291992
test/next-item-accuracy: 0.4501592218875885
test/next-item-mae: 0.6582037210464478
test/next-item-map: 0.1287403702735901
test/next-item-map-micro: 0.3625943958759308
test/next-item-mean-time-step: 0.8800752758979797
test/next-item-rmse: 1.0959242582321167
test/next-k-label-distribution-delta: 6.64317512512207
test/optimal-transport-distance: 12.073036193847656
test/prediction_match_rate: 0.2505238354206085
test/sequence-labels-entropy: 0.7589895129203796
test/target_match_rate: 1.0
val/T-mAP: 0.24810701608657837
val/T-mAP-micro: 0.6662703156471252
val/horizon-mean-time-step: 0.2010938823223114
val/loss: 2.1649386882781982
val/loss__presence: 0.16601762175559998
val/loss_labels: 1.2148133516311646
val/loss_timestamps: 0.7841076850891113
val/match_cost_mean: -6.241397857666016
val/match_cost_std: 9.192841529846191
val/max_cost: 69.30494689941406
val/mean-predicted-length: 13.923847198486328
val/mean-target-length: 15.263496398925781
val/next-item-accuracy: 0.46918854117393494
val/next-item-mae: 0.6725314259529114
val/next-item-map: 0.1307598054409027
val/next-item-map-micro: 0.3785039186477661
val/next-item-mean-time-step: 0.908183753490448
val/next-item-rmse: 1.1194329261779785
val/next-k-label-distribution-delta: 6.306042194366455
val/optimal-transport-distance: 11.936494827270508
val/prediction_match_rate: 0.24215885996818542
val/sequence-labels-entropy: 0.7597075700759888
val/target_match_rate: 1.0
