date: '2024-09-25 18:53:35'
test/T-mAP: 0.21819256246089935
test/T-mAP-micro: 0.640937089920044
test/horizon-mean-time-step: 0.15129534900188446
test/loss: 4.5832061767578125
test/loss__presence: 0.14478811621665955
test/loss_labels: 1.2476404905319214
test/loss_next_item_labels: 1.7919422388076782
test/loss_next_item_timestamps: 0.6391387581825256
test/loss_timestamps: 0.7596960663795471
test/match_cost_mean: -5.575450897216797
test/match_cost_std: 9.166460990905762
test/max_cost: 67.81475067138672
test/mean-predicted-length: 15.658227920532227
test/mean-target-length: 15.583646774291992
test/next-item-accuracy: 0.1916799396276474
test/next-item-mae: 0.6383179426193237
test/next-item-map: 0.1372566968202591
test/next-item-map-micro: 0.3667027950286865
test/next-item-mean-time-step: 0.8721151351928711
test/next-item-rmse: 1.06754732131958
test/next-k-label-distribution-delta: 10.160109519958496
test/optimal-transport-distance: 15.26845645904541
test/prediction_match_rate: 0.19540974497795105
test/sequence-labels-entropy: 2.2203335762023926
test/target_match_rate: 1.0
val/T-mAP: 0.23432983458042145
val/T-mAP-micro: 0.6538349390029907
val/horizon-mean-time-step: 0.1513637900352478
val/loss: 4.517465591430664
val/loss__presence: 0.14256419241428375
val/loss_labels: 1.2126166820526123
val/loss_next_item_labels: 1.7566494941711426
val/loss_next_item_timestamps: 0.6529488563537598
val/loss_timestamps: 0.7526862025260925
val/match_cost_mean: -5.4777326583862305
val/match_cost_std: 8.928864479064941
val/max_cost: 67.20137786865234
val/mean-predicted-length: 15.398999214172363
val/mean-target-length: 15.263496398925781
val/next-item-accuracy: 0.20467765629291534
val/next-item-mae: 0.6502953767776489
val/next-item-map: 0.13960355520248413
val/next-item-map-micro: 0.3796650171279907
val/next-item-mean-time-step: 0.9002129435539246
val/next-item-rmse: 1.0906877517700195
val/next-k-label-distribution-delta: 10.015730857849121
val/optimal-transport-distance: 15.187112808227539
val/prediction_match_rate: 0.18755140900611877
val/sequence-labels-entropy: 2.1999244689941406
val/target_match_rate: 1.0
