date: '2024-10-01 15:08:05'
test/T-mAP: 0.2329958975315094
test/T-mAP-micro: 0.6610507965087891
test/horizon-mean-time-step: 0.20001831650733948
test/loss: 2.2025537490844727
test/loss__presence: 0.1684882938861847
test/loss_labels: 1.251682996749878
test/loss_timestamps: 0.7823824286460876
test/match_cost_mean: -6.343337059020996
test/match_cost_std: 9.339836120605469
test/max_cost: 69.1609878540039
test/mean-predicted-length: 13.90626049041748
test/mean-target-length: 15.583646774291992
test/next-item-accuracy: 0.4501592218875885
test/next-item-mae: 0.6582037210464478
test/next-item-map: 0.1287403702735901
test/next-item-map-micro: 0.3625943958759308
test/next-item-mean-time-step: 0.8800752758979797
test/next-item-rmse: 1.0959242582321167
test/next-k-label-distribution-delta: 7.0756072998046875
test/optimal-transport-distance: 13.277280807495117
test/prediction_match_rate: 0.2508839964866638
test/sequence-labels-entropy: 1.5252918004989624
test/target_match_rate: 1.0
val/T-mAP: 0.24810701608657837
val/T-mAP-micro: 0.6662703156471252
val/horizon-mean-time-step: 0.2010938823223114
val/loss: 2.164799928665161
val/loss__presence: 0.1661054641008377
val/loss_labels: 1.2151710987091064
val/loss_timestamps: 0.7835233211517334
val/match_cost_mean: -6.24181604385376
val/match_cost_std: 9.198105812072754
val/max_cost: 69.41492462158203
val/mean-predicted-length: 13.923847198486328
val/mean-target-length: 15.263496398925781
val/next-item-accuracy: 0.46918854117393494
val/next-item-mae: 0.6725314259529114
val/next-item-map: 0.1307598054409027
val/next-item-map-micro: 0.3785039186477661
val/next-item-mean-time-step: 0.908183753490448
val/next-item-rmse: 1.1194329261779785
val/next-k-label-distribution-delta: 6.941723346710205
val/optimal-transport-distance: 13.162392616271973
val/prediction_match_rate: 0.24224910140037537
val/sequence-labels-entropy: 1.4891507625579834
val/target_match_rate: 1.0
