date: '2024-09-25 18:53:55'
test/T-mAP: 0.21739695966243744
test/T-mAP-micro: 0.6453836560249329
test/horizon-mean-time-step: 0.15129534900188446
test/loss: 4.7214789390563965
test/loss__presence: 0.14478811621665955
test/loss_labels: 1.2476404905319214
test/loss_next_item_labels: 1.9302154779434204
test/loss_next_item_timestamps: 0.6391387581825256
test/loss_timestamps: 0.7596960663795471
test/match_cost_mean: -5.575450897216797
test/match_cost_std: 9.166460990905762
test/max_cost: 67.81475067138672
test/mean-predicted-length: 15.658227920532227
test/mean-target-length: 15.583646774291992
test/next-item-accuracy: 0.39661625027656555
test/next-item-mae: 0.6383179426193237
test/next-item-map: 0.13752879202365875
test/next-item-map-micro: 0.3621395528316498
test/next-item-mean-time-step: 0.8721151351928711
test/next-item-rmse: 1.06754732131958
test/next-k-label-distribution-delta: 6.5111188888549805
test/optimal-transport-distance: 12.547572135925293
test/prediction_match_rate: 0.19540974497795105
test/sequence-labels-entropy: 1.050683856010437
test/target_match_rate: 1.0
val/T-mAP: 0.22941933572292328
val/T-mAP-micro: 0.6573078632354736
val/horizon-mean-time-step: 0.1513637900352478
val/loss: 4.618785381317139
val/loss__presence: 0.14256419241428375
val/loss_labels: 1.2126166820526123
val/loss_next_item_labels: 1.8579695224761963
val/loss_next_item_timestamps: 0.6529488563537598
val/loss_timestamps: 0.7526862025260925
val/match_cost_mean: -5.4777326583862305
val/match_cost_std: 8.928864479064941
val/max_cost: 67.20137786865234
val/mean-predicted-length: 15.398999214172363
val/mean-target-length: 15.263496398925781
val/next-item-accuracy: 0.41435834765434265
val/next-item-mae: 0.6502953767776489
val/next-item-map: 0.14060759544372559
val/next-item-map-micro: 0.3789274990558624
val/next-item-mean-time-step: 0.9002129435539246
val/next-item-rmse: 1.0906877517700195
val/next-k-label-distribution-delta: 6.191633701324463
val/optimal-transport-distance: 12.404243469238281
val/prediction_match_rate: 0.18755140900611877
val/sequence-labels-entropy: 1.0219576358795166
val/target_match_rate: 1.0
