date: '2024-09-26 11:09:28'
test/T-mAP: 0.22064751386642456
test/T-mAP-micro: 0.6464447975158691
test/horizon-mean-time-step: 0.15072284638881683
test/loss: 2.130681037902832
test/loss__presence: 0.13895270228385925
test/loss_labels: 1.233725905418396
test/loss_timestamps: 0.7580025792121887
test/match_cost_mean: -6.005768775939941
test/match_cost_std: 9.252045631408691
test/max_cost: 70.87140655517578
test/mean-predicted-length: 15.309955596923828
test/mean-target-length: 15.583646774291992
test/next-item-accuracy: 0.4474920332431793
test/next-item-mae: 0.6672330498695374
test/next-item-map: 0.12061384320259094
test/next-item-map-micro: 0.3505270481109619
test/next-item-mean-time-step: 0.883523166179657
test/next-item-rmse: 1.0689082145690918
test/next-k-label-distribution-delta: 9.83920669555664
test/optimal-transport-distance: 14.969233512878418
test/prediction_match_rate: 0.1954866200685501
test/sequence-labels-entropy: 2.191225051879883
test/target_match_rate: 1.0
val/T-mAP: 0.23471102118492126
val/T-mAP-micro: 0.6562726497650146
val/horizon-mean-time-step: 0.15103042125701904
val/loss: 2.087772846221924
val/loss__presence: 0.13725051283836365
val/loss_labels: 1.1971887350082397
val/loss_timestamps: 0.7533337473869324
val/match_cost_mean: -5.894802093505859
val/match_cost_std: 9.076254844665527
val/max_cost: 70.6942138671875
val/mean-predicted-length: 15.161602020263672
val/mean-target-length: 15.263496398925781
val/next-item-accuracy: 0.4662599265575409
val/next-item-mae: 0.6768839955329895
val/next-item-map: 0.12251127511262894
val/next-item-map-micro: 0.3636666536331177
val/next-item-mean-time-step: 0.9113737344741821
val/next-item-rmse: 1.0867730379104614
val/next-k-label-distribution-delta: 9.749016761779785
val/optimal-transport-distance: 14.934934616088867
val/prediction_match_rate: 0.18747380375862122
val/sequence-labels-entropy: 2.1784820556640625
val/target_match_rate: 1.0
