date: '2024-10-01 15:08:20'
test/T-mAP: 0.22340869903564453
test/T-mAP-micro: 0.6483400464057922
test/horizon-mean-time-step: 0.200678750872612
test/loss: 4.815737724304199
test/loss__presence: 0.17336910963058472
test/loss_labels: 1.2699520587921143
test/loss_next_item_labels: 1.9245115518569946
test/loss_next_item_timestamps: 0.6391003131866455
test/loss_timestamps: 0.8088048696517944
test/match_cost_mean: -5.627654552459717
test/match_cost_std: 8.872045516967773
test/max_cost: 63.46242141723633
test/mean-predicted-length: 13.805679321289062
test/mean-target-length: 15.583646774291992
test/next-item-accuracy: 0.39474523067474365
test/next-item-mae: 0.6382982730865479
test/next-item-map: 0.13667622208595276
test/next-item-map-micro: 0.35932695865631104
test/next-item-mean-time-step: 0.870621383190155
test/next-item-rmse: 1.0678939819335938
test/next-k-label-distribution-delta: 6.513171672821045
test/optimal-transport-distance: 12.485942840576172
test/prediction_match_rate: 0.25062233209609985
test/sequence-labels-entropy: 1.0335843563079834
test/target_match_rate: 1.0
val/T-mAP: 0.2330184131860733
val/T-mAP-micro: 0.6525281071662903
val/horizon-mean-time-step: 0.20085665583610535
val/loss: 4.707493305206299
val/loss__presence: 0.17121964693069458
val/loss_labels: 1.2361925840377808
val/loss_next_item_labels: 1.8523459434509277
val/loss_next_item_timestamps: 0.6526156663894653
val/loss_timestamps: 0.79511958360672
val/match_cost_mean: -5.537891864776611
val/match_cost_std: 8.664149284362793
val/max_cost: 63.13459396362305
val/mean-predicted-length: 13.763318061828613
val/mean-target-length: 15.263496398925781
val/next-item-accuracy: 0.4067520797252655
val/next-item-mae: 0.6499989628791809
val/next-item-map: 0.13883696496486664
val/next-item-map-micro: 0.3774808943271637
val/next-item-mean-time-step: 0.8989675641059875
val/next-item-rmse: 1.0904897451400757
val/next-k-label-distribution-delta: 6.158741474151611
val/optimal-transport-distance: 12.321252822875977
val/prediction_match_rate: 0.24223871529102325
val/sequence-labels-entropy: 1.0123342275619507
val/target_match_rate: 1.0
