date: '2024-09-26 11:09:52'
test/T-mAP: 0.2255447953939438
test/T-mAP-micro: 0.6586843729019165
test/horizon-mean-time-step: 0.15072284638881683
test/loss: 2.130481243133545
test/loss__presence: 0.1390397846698761
test/loss_labels: 1.2342873811721802
test/loss_timestamps: 0.7571538090705872
test/match_cost_mean: -6.005204677581787
test/match_cost_std: 9.26060962677002
test/max_cost: 70.87140655517578
test/mean-predicted-length: 15.309955596923828
test/mean-target-length: 15.583646774291992
test/next-item-accuracy: 0.448487251996994
test/next-item-mae: 0.6672330498695374
test/next-item-map: 0.1245904490351677
test/next-item-map-micro: 0.356564462184906
test/next-item-mean-time-step: 0.883523166179657
test/next-item-rmse: 1.0689082145690918
test/next-k-label-distribution-delta: 6.544646263122559
test/optimal-transport-distance: 12.008082389831543
test/prediction_match_rate: 0.19530466198921204
test/sequence-labels-entropy: 0.7814759612083435
test/target_match_rate: 1.0
val/T-mAP: 0.23925670981407166
val/T-mAP-micro: 0.6708804368972778
val/horizon-mean-time-step: 0.15103042125701904
val/loss: 2.087973117828369
val/loss__presence: 0.13706663250923157
val/loss_labels: 1.1970560550689697
val/loss_timestamps: 0.7538504600524902
val/match_cost_mean: -5.887275695800781
val/match_cost_std: 9.073559761047363
val/max_cost: 70.6942138671875
val/mean-predicted-length: 15.161602020263672
val/mean-target-length: 15.263496398925781
val/next-item-accuracy: 0.4670327305793762
val/next-item-mae: 0.6768839955329895
val/next-item-map: 0.12650640308856964
val/next-item-map-micro: 0.372038871049881
val/next-item-mean-time-step: 0.9113737344741821
val/next-item-rmse: 1.0867730379104614
val/next-k-label-distribution-delta: 6.228816509246826
val/optimal-transport-distance: 11.940335273742676
val/prediction_match_rate: 0.18754538893699646
val/sequence-labels-entropy: 0.7769238948822021
val/target_match_rate: 1.0
