date: '2024-10-01 15:08:15'
test/T-mAP: 0.22982166707515717
test/T-mAP-micro: 0.6557923555374146
test/horizon-mean-time-step: 0.20001831650733948
test/loss: 2.2025537490844727
test/loss__presence: 0.1684882938861847
test/loss_labels: 1.251682996749878
test/loss_timestamps: 0.7823824286460876
test/match_cost_mean: -6.343337059020996
test/match_cost_std: 9.339836120605469
test/max_cost: 69.1609878540039
test/mean-predicted-length: 13.90626049041748
test/mean-target-length: 15.583646774291992
test/next-item-accuracy: 0.44988057017326355
test/next-item-mae: 0.6582037210464478
test/next-item-map: 0.12716025114059448
test/next-item-map-micro: 0.3577290177345276
test/next-item-mean-time-step: 0.8800752758979797
test/next-item-rmse: 1.0959242582321167
test/next-k-label-distribution-delta: 6.44680118560791
test/optimal-transport-distance: 12.414929389953613
test/prediction_match_rate: 0.2508839964866638
test/sequence-labels-entropy: 1.0472058057785034
test/target_match_rate: 1.0
val/T-mAP: 0.24079769849777222
val/T-mAP-micro: 0.6614536643028259
val/horizon-mean-time-step: 0.2010938823223114
val/loss: 2.164799928665161
val/loss__presence: 0.1661054641008377
val/loss_labels: 1.2151710987091064
val/loss_timestamps: 0.7835233211517334
val/match_cost_mean: -6.24181604385376
val/match_cost_std: 9.198105812072754
val/max_cost: 69.41492462158203
val/mean-predicted-length: 13.923847198486328
val/mean-target-length: 15.263496398925781
val/next-item-accuracy: 0.4682123363018036
val/next-item-mae: 0.6725314259529114
val/next-item-map: 0.1288548856973648
val/next-item-map-micro: 0.3751467764377594
val/next-item-mean-time-step: 0.908183753490448
val/next-item-rmse: 1.1194329261779785
val/next-k-label-distribution-delta: 6.194494247436523
val/optimal-transport-distance: 12.292276382446289
val/prediction_match_rate: 0.24224910140037537
val/sequence-labels-entropy: 1.025540828704834
val/target_match_rate: 1.0
