date: '2024-10-01 15:08:39'
test/T-mAP: 0.2277420610189438
test/T-mAP-micro: 0.6554157733917236
test/horizon-mean-time-step: 0.200678750872612
test/loss: 4.466475009918213
test/loss__presence: 0.17327600717544556
test/loss_labels: 1.2701027393341064
test/loss_next_item_labels: 1.5755174160003662
test/loss_next_item_timestamps: 0.6391003131866455
test/loss_timestamps: 0.8084785342216492
test/match_cost_mean: -5.633025169372559
test/match_cost_std: 8.871485710144043
test/max_cost: 63.46242141723633
test/mean-predicted-length: 13.805679321289062
test/mean-target-length: 15.583646774291992
test/next-item-accuracy: 0.45449841022491455
test/next-item-mae: 0.6382982730865479
test/next-item-map: 0.13954657316207886
test/next-item-map-micro: 0.37127625942230225
test/next-item-mean-time-step: 0.870621383190155
test/next-item-rmse: 1.0678939819335938
test/next-k-label-distribution-delta: 6.572699546813965
test/optimal-transport-distance: 12.117549896240234
test/prediction_match_rate: 0.2505238354206085
test/sequence-labels-entropy: 0.7631706595420837
test/target_match_rate: 1.0
val/T-mAP: 0.23965653777122498
val/T-mAP-micro: 0.6616207957267761
val/horizon-mean-time-step: 0.20085665583610535
val/loss: 4.381150245666504
val/loss__presence: 0.17113365232944489
val/loss_labels: 1.2362253665924072
val/loss_next_item_labels: 1.5267729759216309
val/loss_next_item_timestamps: 0.6526156663894653
val/loss_timestamps: 0.7944031357765198
val/match_cost_mean: -5.533944606781006
val/match_cost_std: 8.662981986999512
val/max_cost: 63.13459396362305
val/mean-predicted-length: 13.763318061828613
val/mean-target-length: 15.263496398925781
val/next-item-accuracy: 0.47256457805633545
val/next-item-mae: 0.6499989628791809
val/next-item-map: 0.14227904379367828
val/next-item-map-micro: 0.3865879774093628
val/next-item-mean-time-step: 0.8989675641059875
val/next-item-rmse: 1.0904897451400757
val/next-k-label-distribution-delta: 6.28316068649292
val/optimal-transport-distance: 12.044844627380371
val/prediction_match_rate: 0.24215885996818542
val/sequence-labels-entropy: 0.7528882622718811
val/target_match_rate: 1.0
