date: '2024-10-01 15:08:24'
test/T-mAP: 0.2094351202249527
test/T-mAP-micro: 0.6305022239685059
test/horizon-mean-time-step: 0.20001831650733948
test/loss: 2.2025537490844727
test/loss__presence: 0.1684882938861847
test/loss_labels: 1.251682996749878
test/loss_timestamps: 0.7823824286460876
test/match_cost_mean: -6.343337059020996
test/match_cost_std: 9.339836120605469
test/max_cost: 69.1609878540039
test/mean-predicted-length: 13.90626049041748
test/mean-target-length: 15.583646774291992
test/next-item-accuracy: 0.4460589289665222
test/next-item-mae: 0.6582037210464478
test/next-item-map: 0.1199742779135704
test/next-item-map-micro: 0.34200432896614075
test/next-item-mean-time-step: 0.8800752758979797
test/next-item-rmse: 1.0959242582321167
test/next-k-label-distribution-delta: 6.641122341156006
test/optimal-transport-distance: 12.10928726196289
test/prediction_match_rate: 0.2508839964866638
test/sequence-labels-entropy: 0.7739854454994202
test/target_match_rate: 1.0
val/T-mAP: 0.21622519195079803
val/T-mAP-micro: 0.6401052474975586
val/horizon-mean-time-step: 0.2010938823223114
val/loss: 2.164799928665161
val/loss__presence: 0.1661054641008377
val/loss_labels: 1.2151710987091064
val/loss_timestamps: 0.7835233211517334
val/match_cost_mean: -6.24181604385376
val/match_cost_std: 9.198105812072754
val/max_cost: 69.41492462158203
val/mean-predicted-length: 13.923847198486328
val/mean-target-length: 15.263496398925781
val/next-item-accuracy: 0.4629652202129364
val/next-item-mae: 0.6725314259529114
val/next-item-map: 0.12080096453428268
val/next-item-map-micro: 0.3594996929168701
val/next-item-mean-time-step: 0.908183753490448
val/next-item-rmse: 1.1194329261779785
val/next-k-label-distribution-delta: 6.325348377227783
val/optimal-transport-distance: 11.954753875732422
val/prediction_match_rate: 0.24224910140037537
val/sequence-labels-entropy: 0.7699845433235168
val/target_match_rate: 1.0
