date: '2024-10-01 15:08:01'
test/T-mAP: 0.2211930751800537
test/T-mAP-micro: 0.6487056612968445
test/horizon-mean-time-step: 0.200678750872612
test/loss: 4.691160678863525
test/loss__presence: 0.17336910963058472
test/loss_labels: 1.2699520587921143
test/loss_next_item_labels: 1.799933910369873
test/loss_next_item_timestamps: 0.6391003131866455
test/loss_timestamps: 0.8088048696517944
test/match_cost_mean: -5.627654552459717
test/match_cost_std: 8.872045516967773
test/max_cost: 63.46242141723633
test/mean-predicted-length: 13.805679321289062
test/mean-target-length: 15.583646774291992
test/next-item-accuracy: 0.1939888596534729
test/next-item-mae: 0.6382982730865479
test/next-item-map: 0.1359923928976059
test/next-item-map-micro: 0.3658584952354431
test/next-item-mean-time-step: 0.870621383190155
test/next-item-rmse: 1.0678939819335938
test/next-k-label-distribution-delta: 10.136845588684082
test/optimal-transport-distance: 15.316275596618652
test/prediction_match_rate: 0.25062233209609985
test/sequence-labels-entropy: 2.201356887817383
test/target_match_rate: 1.0
val/T-mAP: 0.23496875166893005
val/T-mAP-micro: 0.6564311385154724
val/horizon-mean-time-step: 0.20085665583610535
val/loss: 4.619659423828125
val/loss__presence: 0.17121964693069458
val/loss_labels: 1.2361925840377808
val/loss_next_item_labels: 1.7645127773284912
val/loss_next_item_timestamps: 0.6526156663894653
val/loss_timestamps: 0.79511958360672
val/match_cost_mean: -5.537891864776611
val/match_cost_std: 8.664149284362793
val/max_cost: 63.13459396362305
val/mean-predicted-length: 13.763318061828613
val/mean-target-length: 15.263496398925781
val/next-item-accuracy: 0.1990644633769989
val/next-item-mae: 0.6499989628791809
val/next-item-map: 0.1398191899061203
val/next-item-map-micro: 0.37967413663864136
val/next-item-mean-time-step: 0.8989675641059875
val/next-item-rmse: 1.0904897451400757
val/next-k-label-distribution-delta: 10.015015602111816
val/optimal-transport-distance: 15.245973587036133
val/prediction_match_rate: 0.24223871529102325
val/sequence-labels-entropy: 2.192603588104248
val/target_match_rate: 1.0
