date: '2024-09-26 11:09:33'
test/T-mAP: 0.2255447953939438
test/T-mAP-micro: 0.6586843729019165
test/horizon-mean-time-step: 0.15072284638881683
test/loss: 2.130681037902832
test/loss__presence: 0.13895270228385925
test/loss_labels: 1.233725905418396
test/loss_timestamps: 0.7580025792121887
test/match_cost_mean: -6.005768775939941
test/match_cost_std: 9.252045631408691
test/max_cost: 70.87140655517578
test/mean-predicted-length: 15.309955596923828
test/mean-target-length: 15.583646774291992
test/next-item-accuracy: 0.448487251996994
test/next-item-mae: 0.6672330498695374
test/next-item-map: 0.1245904490351677
test/next-item-map-micro: 0.356564462184906
test/next-item-mean-time-step: 0.883523166179657
test/next-item-rmse: 1.0689082145690918
test/next-k-label-distribution-delta: 7.071502208709717
test/optimal-transport-distance: 13.170820236206055
test/prediction_match_rate: 0.1954866200685501
test/sequence-labels-entropy: 1.5199564695358276
test/target_match_rate: 1.0
val/T-mAP: 0.23925670981407166
val/T-mAP-micro: 0.6708804368972778
val/horizon-mean-time-step: 0.15103042125701904
val/loss: 2.087772846221924
val/loss__presence: 0.13725051283836365
val/loss_labels: 1.1971887350082397
val/loss_timestamps: 0.7533337473869324
val/match_cost_mean: -5.894802093505859
val/match_cost_std: 9.076254844665527
val/max_cost: 70.6942138671875
val/mean-predicted-length: 15.161602020263672
val/mean-target-length: 15.263496398925781
val/next-item-accuracy: 0.4670327305793762
val/next-item-mae: 0.6768839955329895
val/next-item-map: 0.12650640308856964
val/next-item-map-micro: 0.372038871049881
val/next-item-mean-time-step: 0.9113737344741821
val/next-item-rmse: 1.0867730379104614
val/next-k-label-distribution-delta: 6.869503021240234
val/optimal-transport-distance: 13.068120002746582
val/prediction_match_rate: 0.18747380375862122
val/sequence-labels-entropy: 1.487508773803711
val/target_match_rate: 1.0
