date: '2024-09-26 10:21:32'
test/T-mAP: 0.22405877709388733
test/T-mAP-micro: 0.6522699594497681
test/horizon-mean-time-step: 0.15129534900188446
test/loss: 4.363224983215332
test/loss__presence: 0.14470495283603668
test/loss_labels: 1.247874140739441
test/loss_next_item_labels: 1.5713766813278198
test/loss_next_item_timestamps: 0.6391387581825256
test/loss_timestamps: 0.760129988193512
test/match_cost_mean: -5.583744049072266
test/match_cost_std: 9.168299674987793
test/max_cost: 67.81475067138672
test/mean-predicted-length: 15.658227920532227
test/mean-target-length: 15.583646774291992
test/next-item-accuracy: 0.4568869471549988
test/next-item-mae: 0.6383179426193237
test/next-item-map: 0.14088664948940277
test/next-item-map-micro: 0.3722108006477356
test/next-item-mean-time-step: 0.8721151351928711
test/next-item-rmse: 1.06754732131958
test/next-k-label-distribution-delta: 6.562436103820801
test/optimal-transport-distance: 12.2408447265625
test/prediction_match_rate: 0.19530466198921204
test/sequence-labels-entropy: 0.7992094159126282
test/target_match_rate: 1.0
val/T-mAP: 0.23753689229488373
val/T-mAP-micro: 0.6634989380836487
val/horizon-mean-time-step: 0.1513637900352478
val/loss: 4.28395938873291
val/loss__presence: 0.14226016402244568
val/loss_labels: 1.2125022411346436
val/loss_next_item_labels: 1.5233720541000366
val/loss_next_item_timestamps: 0.6529488563537598
val/loss_timestamps: 0.7528762817382812
val/match_cost_mean: -5.484801292419434
val/match_cost_std: 8.924849510192871
val/max_cost: 67.20137786865234
val/mean-predicted-length: 15.398999214172363
val/mean-target-length: 15.263496398925781
val/next-item-accuracy: 0.47313401103019714
val/next-item-mae: 0.6502953767776489
val/next-item-map: 0.14338217675685883
val/next-item-map-micro: 0.3869818150997162
val/next-item-mean-time-step: 0.9002129435539246
val/next-item-rmse: 1.0906877517700195
val/next-k-label-distribution-delta: 6.199499607086182
val/optimal-transport-distance: 12.07236385345459
val/prediction_match_rate: 0.18754538893699646
val/sequence-labels-entropy: 0.7860300540924072
val/target_match_rate: 1.0
