date: '2025-02-10 14:51:01'
test/T-mAP: 0.15222443640232086
test/T-mAP-weighted: 0.5325297713279724
test/horizon-max-f-score: 0.20786432921886444
test/horizon-max-f-score-weighted: 0.5735065937042236
test/horizon-mean-time-step: 0.6488999128341675
test/loss: 2.8886520862579346
test/loss_decoder_labels: 1.3794407844543457
test/loss_decoder_timestamps: 0.5765674114227295
test/loss_diffusion: 0.9325992465019226
test/loss_embedder_regularizer: 4.481124778976664e-05
test/mean-predicted-length: 13.888128280639648
test/mean-target-length: 15.583646774291992
test/next-item-accuracy: 0.32038217782974243
test/next-item-mae: 0.6742584109306335
test/next-item-map: 0.07459971308708191
test/next-item-map-weighted: 0.3083440363407135
test/next-item-max-f-score: 0.11791157722473145
test/next-item-max-f-score-weighted: 0.4018678069114685
test/next-item-mean-time-step: 0.8882243633270264
test/next-item-rmse: 1.056965947151184
test/next-k-label-distribution-delta: 7.939788341522217
test/optimal-transport-distance: 13.763120651245117
test/sequence-labels-entropy: 1.6677992343902588
val/T-mAP: 0.16178670525550842
val/T-mAP-weighted: 0.5436195731163025
val/horizon-max-f-score: 0.2194805145263672
val/horizon-max-f-score-weighted: 0.5867161750793457
val/horizon-mean-time-step: 0.6512673497200012
val/loss: 2.8586559295654297
val/loss_decoder_labels: 1.3369494676589966
val/loss_decoder_timestamps: 0.5939170718193054
val/loss_diffusion: 0.927744448184967
val/loss_embedder_regularizer: 4.5018576201982796e-05
val/mean-predicted-length: 13.888809204101562
val/mean-target-length: 15.263496398925781
val/next-item-accuracy: 0.3293064832687378
val/next-item-mae: 0.6857987642288208
val/next-item-map: 0.07916310429573059
val/next-item-map-weighted: 0.3220837116241455
val/next-item-max-f-score: 0.1261868178844452
val/next-item-max-f-score-weighted: 0.4165818393230438
val/next-item-mean-time-step: 0.9173716902732849
val/next-item-rmse: 1.0818259716033936
val/next-k-label-distribution-delta: 7.7268500328063965
val/optimal-transport-distance: 13.625343322753906
val/sequence-labels-entropy: 1.6346896886825562
