date: '2025-02-10 14:51:13'
test/T-mAP: 0.14937831461429596
test/T-mAP-weighted: 0.527547299861908
test/horizon-max-f-score: 0.20667318999767303
test/horizon-max-f-score-weighted: 0.5711544752120972
test/horizon-mean-time-step: 0.6488999128341675
test/loss: 2.8886520862579346
test/loss_decoder_labels: 1.3794407844543457
test/loss_decoder_timestamps: 0.5765674114227295
test/loss_diffusion: 0.9325992465019226
test/loss_embedder_regularizer: 4.481124778976664e-05
test/mean-predicted-length: 13.888128280639648
test/mean-target-length: 15.583646774291992
test/next-item-accuracy: 0.3775477707386017
test/next-item-mae: 0.6742584109306335
test/next-item-map: 0.07149665802717209
test/next-item-map-weighted: 0.3030660152435303
test/next-item-max-f-score: 0.1145026683807373
test/next-item-max-f-score-weighted: 0.3968610465526581
test/next-item-mean-time-step: 0.8882243633270264
test/next-item-rmse: 1.056965947151184
test/next-k-label-distribution-delta: 7.246664524078369
test/optimal-transport-distance: 13.067815780639648
test/sequence-labels-entropy: 1.1874275207519531
val/T-mAP: 0.16007833182811737
val/T-mAP-weighted: 0.5388624668121338
val/horizon-max-f-score: 0.2165268361568451
val/horizon-max-f-score-weighted: 0.58271324634552
val/horizon-mean-time-step: 0.6512673497200012
val/loss: 2.8586559295654297
val/loss_decoder_labels: 1.3369494676589966
val/loss_decoder_timestamps: 0.5939170718193054
val/loss_diffusion: 0.927744448184967
val/loss_embedder_regularizer: 4.5018576201982796e-05
val/mean-predicted-length: 13.888809204101562
val/mean-target-length: 15.263496398925781
val/next-item-accuracy: 0.3903599679470062
val/next-item-mae: 0.6857987642288208
val/next-item-map: 0.0758926197886467
val/next-item-map-weighted: 0.31696969270706177
val/next-item-max-f-score: 0.12311697751283646
val/next-item-max-f-score-weighted: 0.4110282063484192
val/next-item-mean-time-step: 0.9173716902732849
val/next-item-rmse: 1.0818259716033936
val/next-k-label-distribution-delta: 6.971755504608154
val/optimal-transport-distance: 12.917009353637695
val/sequence-labels-entropy: 1.1570751667022705
