date: '2025-02-10 14:51:25'
test/T-mAP: 0.14099644124507904
test/T-mAP-weighted: 0.4890998899936676
test/horizon-max-f-score: 0.20200686156749725
test/horizon-max-f-score-weighted: 0.5689100623130798
test/horizon-mean-time-step: 0.6488999128341675
test/loss: 2.8886520862579346
test/loss_decoder_labels: 1.3794407844543457
test/loss_decoder_timestamps: 0.5765674114227295
test/loss_diffusion: 0.9325992465019226
test/loss_embedder_regularizer: 4.481124778976664e-05
test/mean-predicted-length: 13.888128280639648
test/mean-target-length: 15.583646774291992
test/next-item-accuracy: 0.39554139971733093
test/next-item-mae: 0.6742584109306335
test/next-item-map: 0.06905639916658401
test/next-item-map-weighted: 0.29531821608543396
test/next-item-max-f-score: 0.11207015812397003
test/next-item-max-f-score-weighted: 0.3950923979282379
test/next-item-mean-time-step: 0.8882243633270264
test/next-item-rmse: 1.056965947151184
test/next-k-label-distribution-delta: 7.272665500640869
test/optimal-transport-distance: 12.951537132263184
test/sequence-labels-entropy: 0.9857320785522461
val/T-mAP: 0.15133729577064514
val/T-mAP-weighted: 0.5017016530036926
val/horizon-max-f-score: 0.2118483930826187
val/horizon-max-f-score-weighted: 0.5799777507781982
val/horizon-mean-time-step: 0.6512673497200012
val/loss: 2.8586559295654297
val/loss_decoder_labels: 1.3369494676589966
val/loss_decoder_timestamps: 0.5939170718193054
val/loss_diffusion: 0.927744448184967
val/loss_embedder_regularizer: 4.5018576201982796e-05
val/mean-predicted-length: 13.888809204101562
val/mean-target-length: 15.263496398925781
val/next-item-accuracy: 0.4094773232936859
val/next-item-mae: 0.6857987642288208
val/next-item-map: 0.07322145998477936
val/next-item-map-weighted: 0.30629947781562805
val/next-item-max-f-score: 0.12207193672657013
val/next-item-max-f-score-weighted: 0.40895575284957886
val/next-item-mean-time-step: 0.9173716902732849
val/next-item-rmse: 1.0818259716033936
val/next-k-label-distribution-delta: 6.93314266204834
val/optimal-transport-distance: 12.756805419921875
val/sequence-labels-entropy: 0.9638326168060303
