date: '2025-02-10 14:50:37'
test/T-mAP: 0.1466216742992401
test/T-mAP-weighted: 0.5315532088279724
test/horizon-max-f-score: 0.2010078877210617
test/horizon-max-f-score-weighted: 0.5703072547912598
test/horizon-mean-time-step: 0.6488999128341675
test/loss: 2.8886520862579346
test/loss_decoder_labels: 1.3794407844543457
test/loss_decoder_timestamps: 0.5765674114227295
test/loss_diffusion: 0.9325992465019226
test/loss_embedder_regularizer: 4.481124778976664e-05
test/mean-predicted-length: 13.888128280639648
test/mean-target-length: 15.583646774291992
test/next-item-accuracy: 0.06273885071277618
test/next-item-mae: 0.6742584109306335
test/next-item-map: 0.07524388283491135
test/next-item-map-weighted: 0.314043790102005
test/next-item-max-f-score: 0.11752255260944366
test/next-item-max-f-score-weighted: 0.40845629572868347
test/next-item-mean-time-step: 0.8882243633270264
test/next-item-rmse: 1.056965947151184
test/next-k-label-distribution-delta: 15.790626525878906
test/optimal-transport-distance: 18.306970596313477
test/sequence-labels-entropy: 2.8747363090515137
val/T-mAP: 0.15540586411952972
val/T-mAP-weighted: 0.5404737591743469
val/horizon-max-f-score: 0.20661324262619019
val/horizon-max-f-score-weighted: 0.5809745788574219
val/horizon-mean-time-step: 0.6512673497200012
val/loss: 2.8586559295654297
val/loss_decoder_labels: 1.3369494676589966
val/loss_decoder_timestamps: 0.5939170718193054
val/loss_diffusion: 0.927744448184967
val/loss_embedder_regularizer: 4.5018576201982796e-05
val/mean-predicted-length: 13.888809204101562
val/mean-target-length: 15.263496398925781
val/next-item-accuracy: 0.06646329164505005
val/next-item-mae: 0.6857987642288208
val/next-item-map: 0.07944223284721375
val/next-item-map-weighted: 0.32686904072761536
val/next-item-max-f-score: 0.12394345551729202
val/next-item-max-f-score-weighted: 0.42316734790802
val/next-item-mean-time-step: 0.9173716902732849
val/next-item-rmse: 1.0818259716033936
val/next-k-label-distribution-delta: 15.838397979736328
val/optimal-transport-distance: 18.249958038330078
val/sequence-labels-entropy: 2.8634307384490967
