date: '2025-02-10 14:50:49'
test/T-mAP: 0.15207475423812866
test/T-mAP-weighted: 0.5354107618331909
test/horizon-max-f-score: 0.20667433738708496
test/horizon-max-f-score-weighted: 0.5754621624946594
test/horizon-mean-time-step: 0.6488999128341675
test/loss: 2.8886520862579346
test/loss_decoder_labels: 1.3794407844543457
test/loss_decoder_timestamps: 0.5765674114227295
test/loss_diffusion: 0.9325992465019226
test/loss_embedder_regularizer: 4.481124778976664e-05
test/mean-predicted-length: 13.888128280639648
test/mean-target-length: 15.583646774291992
test/next-item-accuracy: 0.19104298949241638
test/next-item-mae: 0.6742584109306335
test/next-item-map: 0.0771317258477211
test/next-item-map-weighted: 0.3133985698223114
test/next-item-max-f-score: 0.12157028168439865
test/next-item-max-f-score-weighted: 0.4098360538482666
test/next-item-mean-time-step: 0.8882243633270264
test/next-item-rmse: 1.056965947151184
test/next-k-label-distribution-delta: 11.06397533416748
test/optimal-transport-distance: 15.734601020812988
test/sequence-labels-entropy: 2.4448137283325195
val/T-mAP: 0.160013347864151
val/T-mAP-weighted: 0.5453451871871948
val/horizon-max-f-score: 0.21418333053588867
val/horizon-max-f-score-weighted: 0.5883739590644836
val/horizon-mean-time-step: 0.6512673497200012
val/loss: 2.8586559295654297
val/loss_decoder_labels: 1.3369494676589966
val/loss_decoder_timestamps: 0.5939170718193054
val/loss_diffusion: 0.927744448184967
val/loss_embedder_regularizer: 4.5018576201982796e-05
val/mean-predicted-length: 13.888809204101562
val/mean-target-length: 15.263496398925781
val/next-item-accuracy: 0.19947122037410736
val/next-item-mae: 0.6857987642288208
val/next-item-map: 0.08149135857820511
val/next-item-map-weighted: 0.32681071758270264
val/next-item-max-f-score: 0.12657591700553894
val/next-item-max-f-score-weighted: 0.4231327474117279
val/next-item-mean-time-step: 0.9173716902732849
val/next-item-rmse: 1.0818259716033936
val/next-k-label-distribution-delta: 10.875938415527344
val/optimal-transport-distance: 15.588665008544922
val/sequence-labels-entropy: 2.4038264751434326
