date: '2024-09-25 19:59:44'
test/T-mAP: 0.08105939626693726
test/T-mAP-micro: 0.26110517978668213
test/horizon-mean-time-step: 0.37685295939445496
test/loss: 2.3095595836639404
test/loss_labels: 1.6635164022445679
test/loss_timestamps: 0.6460431814193726
test/mean-predicted-length: 23.517276763916016
test/mean-target-length: 15.583646774291992
test/next-item-accuracy: 0.45207005739212036
test/next-item-mae: 0.6451455950737
test/next-item-map: 0.10736699402332306
test/next-item-map-micro: 0.3293415307998657
test/next-item-mean-time-step: 0.8736175894737244
test/next-item-rmse: 1.0736398696899414
test/next-k-label-distribution-delta: 10.351009368896484
test/optimal-transport-distance: 13.588479042053223
test/sequence-labels-entropy: 0.16029922664165497
val/T-mAP: 0.09162289649248123
val/T-mAP-micro: 0.2683044672012329
val/horizon-mean-time-step: 0.3844420313835144
val/loss: 2.278564214706421
val/loss_labels: 1.6172332763671875
val/loss_timestamps: 0.6613308191299438
val/mean-predicted-length: 23.222023010253906
val/mean-target-length: 15.263496398925781
val/next-item-accuracy: 0.46654462814331055
val/next-item-mae: 0.6586949229240417
val/next-item-map: 0.11112558841705322
val/next-item-map-micro: 0.3430442214012146
val/next-item-mean-time-step: 0.9029093980789185
val/next-item-rmse: 1.0995076894760132
val/next-k-label-distribution-delta: 9.994279861450195
val/optimal-transport-distance: 13.453146934509277
val/sequence-labels-entropy: 0.13670292496681213
