date: '2025-02-10 14:36:45'
test/T-mAP: 0.08553557097911835
test/T-mAP-weighted: 0.2715364694595337
test/horizon-max-f-score: 0.14935055375099182
test/horizon-max-f-score-weighted: 0.36626389622688293
test/horizon-mean-time-step: 0.4016354978084564
test/loss: 2.259892702102661
test/loss_labels: 1.6192137002944946
test/loss_timestamps: 0.640678882598877
test/mean-predicted-length: 23.03968620300293
test/mean-target-length: 15.583646774291992
test/next-item-accuracy: 0.4533439576625824
test/next-item-mae: 0.6398295164108276
test/next-item-map: 0.11593315005302429
test/next-item-map-weighted: 0.33657386898994446
test/next-item-max-f-score: 0.17754340171813965
test/next-item-max-f-score-weighted: 0.43653959035873413
test/next-item-mean-time-step: 0.8751182556152344
test/next-item-rmse: 1.0703444480895996
test/next-k-label-distribution-delta: 10.290797233581543
test/optimal-transport-distance: 13.592523574829102
test/sequence-labels-entropy: 0.14760896563529968
val/T-mAP: 0.08700390160083771
val/T-mAP-weighted: 0.2793158292770386
val/horizon-max-f-score: 0.14652131497859955
val/horizon-max-f-score-weighted: 0.3690071702003479
val/horizon-mean-time-step: 0.4012565314769745
val/loss: 2.2319672107696533
val/loss_labels: 1.575661540031433
val/loss_timestamps: 0.6563057899475098
val/mean-predicted-length: 23.12334632873535
val/mean-target-length: 15.263496398925781
val/next-item-accuracy: 0.46857839822769165
val/next-item-mae: 0.6536749601364136
val/next-item-map: 0.11433392018079758
val/next-item-map-weighted: 0.3520413935184479
val/next-item-max-f-score: 0.17753371596336365
val/next-item-max-f-score-weighted: 0.450814813375473
val/next-item-mean-time-step: 0.9036771059036255
val/next-item-rmse: 1.094788670539856
val/next-k-label-distribution-delta: 9.962817192077637
val/optimal-transport-distance: 13.510035514831543
val/sequence-labels-entropy: 0.13530611991882324
