date: '2024-09-25 19:27:05'
test/T-mAP: 0.11764509975910187
test/T-mAP-micro: 0.4562969505786896
test/horizon-mean-time-step: 0.5354680418968201
test/loss: 2.3095595836639404
test/loss_labels: 1.6635164022445679
test/loss_timestamps: 0.6460431814193726
test/mean-predicted-length: 18.309955596923828
test/mean-target-length: 15.583646774291992
test/next-item-accuracy: 0.1675955355167389
test/next-item-mae: 0.6451455950737
test/next-item-map: 0.11281971633434296
test/next-item-map-micro: 0.3491378426551819
test/next-item-mean-time-step: 0.8736175894737244
test/next-item-rmse: 1.0736398696899414
test/next-k-label-distribution-delta: 11.937051773071289
test/optimal-transport-distance: 16.107881546020508
test/sequence-labels-entropy: 2.6041409969329834
val/T-mAP: 0.12372364848852158
val/T-mAP-micro: 0.4590965211391449
val/horizon-mean-time-step: 0.5435432195663452
val/loss: 2.278564214706421
val/loss_labels: 1.6172332763671875
val/loss_timestamps: 0.6613308191299438
val/mean-predicted-length: 17.95173454284668
val/mean-target-length: 15.263496398925781
val/next-item-accuracy: 0.17160870134830475
val/next-item-mae: 0.6586949229240417
val/next-item-map: 0.11679219454526901
val/next-item-map-micro: 0.3613550066947937
val/next-item-mean-time-step: 0.9029093980789185
val/next-item-rmse: 1.0995076894760132
val/next-k-label-distribution-delta: 11.892742156982422
val/optimal-transport-distance: 16.131956100463867
val/sequence-labels-entropy: 2.5814266204833984
