date: '2024-09-25 19:38:27'
test/T-mAP: 0.11071068793535233
test/T-mAP-micro: 0.40651360154151917
test/horizon-mean-time-step: 0.4759594798088074
test/loss: 2.3095595836639404
test/loss_labels: 1.6635164022445679
test/loss_timestamps: 0.6460431814193726
test/mean-predicted-length: 19.880260467529297
test/mean-target-length: 15.583646774291992
test/next-item-accuracy: 0.30055731534957886
test/next-item-mae: 0.6451455950737
test/next-item-map: 0.11421018093824387
test/next-item-map-micro: 0.3519284725189209
test/next-item-mean-time-step: 0.8736175894737244
test/next-item-rmse: 1.0736398696899414
test/next-k-label-distribution-delta: 8.044474601745605
test/optimal-transport-distance: 13.683539390563965
test/sequence-labels-entropy: 1.659643292427063
val/T-mAP: 0.12004873901605606
val/T-mAP-micro: 0.4168141484260559
val/horizon-mean-time-step: 0.48184826970100403
val/loss: 2.278564214706421
val/loss_labels: 1.6172332763671875
val/loss_timestamps: 0.6613308191299438
val/mean-predicted-length: 19.647836685180664
val/mean-target-length: 15.263496398925781
val/next-item-accuracy: 0.3048200011253357
val/next-item-mae: 0.6586949229240417
val/next-item-map: 0.11768197268247604
val/next-item-map-micro: 0.3643541634082794
val/next-item-mean-time-step: 0.9029093980789185
val/next-item-rmse: 1.0995076894760132
val/next-k-label-distribution-delta: 7.812656402587891
val/optimal-transport-distance: 13.624061584472656
val/sequence-labels-entropy: 1.6266556978225708
