date: '2025-02-10 14:36:10'
test/T-mAP: 0.10020273178815842
test/T-mAP-weighted: 0.31123238801956177
test/horizon-max-f-score: 0.16483236849308014
test/horizon-max-f-score-weighted: 0.3898669183254242
test/horizon-mean-time-step: 0.4133875072002411
test/loss: 2.259892702102661
test/loss_labels: 1.6192137002944946
test/loss_timestamps: 0.640678882598877
test/mean-predicted-length: 22.449880599975586
test/mean-target-length: 15.583646774291992
test/next-item-accuracy: 0.40035828948020935
test/next-item-mae: 0.6398295164108276
test/next-item-map: 0.12049823254346848
test/next-item-map-weighted: 0.34851524233818054
test/next-item-max-f-score: 0.17934560775756836
test/next-item-max-f-score-weighted: 0.44030293822288513
test/next-item-mean-time-step: 0.8751182556152344
test/next-item-rmse: 1.0703444480895996
test/next-k-label-distribution-delta: 7.634622097015381
test/optimal-transport-distance: 12.848967552185059
test/sequence-labels-entropy: 0.7148566246032715
val/T-mAP: 0.10699260979890823
val/T-mAP-weighted: 0.31949615478515625
val/horizon-max-f-score: 0.16678306460380554
val/horizon-max-f-score-weighted: 0.39802876114845276
val/horizon-mean-time-step: 0.41291266679763794
val/loss: 2.2319672107696533
val/loss_labels: 1.575661540031433
val/loss_timestamps: 0.6563057899475098
val/mean-predicted-length: 22.502323150634766
val/mean-target-length: 15.263496398925781
val/next-item-accuracy: 0.40980273485183716
val/next-item-mae: 0.6536749601364136
val/next-item-map: 0.11968810856342316
val/next-item-map-weighted: 0.36448267102241516
val/next-item-max-f-score: 0.18201099336147308
val/next-item-max-f-score-weighted: 0.4546748101711273
val/next-item-mean-time-step: 0.9036771059036255
val/next-item-rmse: 1.094788670539856
val/next-k-label-distribution-delta: 7.377189636230469
val/optimal-transport-distance: 12.794330596923828
val/sequence-labels-entropy: 0.6984739899635315
