date: '2025-02-10 14:34:59'
test/T-mAP: 0.12125571072101593
test/T-mAP-weighted: 0.4002249538898468
test/horizon-max-f-score: 0.17381364107131958
test/horizon-max-f-score-weighted: 0.44389259815216064
test/horizon-mean-time-step: 0.5347903966903687
test/loss: 2.259892702102661
test/loss_labels: 1.6192137002944946
test/loss_timestamps: 0.640678882598877
test/mean-predicted-length: 19.615463256835938
test/mean-target-length: 15.583646774291992
test/next-item-accuracy: 0.1847531795501709
test/next-item-mae: 0.6398295164108276
test/next-item-map: 0.12063512951135635
test/next-item-map-weighted: 0.3567991554737091
test/next-item-max-f-score: 0.17871063947677612
test/next-item-max-f-score-weighted: 0.44275763630867004
test/next-item-mean-time-step: 0.8751182556152344
test/next-item-rmse: 1.0703444480895996
test/next-k-label-distribution-delta: 11.193979263305664
test/optimal-transport-distance: 15.717700958251953
test/sequence-labels-entropy: 2.500793218612671
val/T-mAP: 0.12675747275352478
val/T-mAP-weighted: 0.4093569815158844
val/horizon-max-f-score: 0.1821301132440567
val/horizon-max-f-score-weighted: 0.4469381272792816
val/horizon-mean-time-step: 0.539092481136322
val/loss: 2.2319672107696533
val/loss_labels: 1.575661540031433
val/loss_timestamps: 0.6563057899475098
val/mean-predicted-length: 19.442617416381836
val/mean-target-length: 15.263496398925781
val/next-item-accuracy: 0.1878787875175476
val/next-item-mae: 0.6536749601364136
val/next-item-map: 0.12362512946128845
val/next-item-map-weighted: 0.3679550588130951
val/next-item-max-f-score: 0.18072612583637238
val/next-item-max-f-score-weighted: 0.4560455083847046
val/next-item-mean-time-step: 0.9036771059036255
val/next-item-rmse: 1.094788670539856
val/next-k-label-distribution-delta: 11.170539855957031
val/optimal-transport-distance: 15.687902450561523
val/sequence-labels-entropy: 2.498893976211548
