date: '2025-02-10 14:34:25'
test/T-mAP: 0.1239783987402916
test/T-mAP-weighted: 0.4344342350959778
test/horizon-max-f-score: 0.17333172261714935
test/horizon-max-f-score-weighted: 0.4613751173019409
test/horizon-mean-time-step: 0.5899009704589844
test/loss: 2.259892702102661
test/loss_labels: 1.6192137002944946
test/loss_timestamps: 0.640678882598877
test/mean-predicted-length: 18.472801208496094
test/mean-target-length: 15.583646774291992
test/next-item-accuracy: 0.06707802414894104
test/next-item-mae: 0.6398295164108276
test/next-item-map: 0.11476616561412811
test/next-item-map-weighted: 0.3486003577709198
test/next-item-max-f-score: 0.17371152341365814
test/next-item-max-f-score-weighted: 0.4378972351551056
test/next-item-mean-time-step: 0.8751182556152344
test/next-item-rmse: 1.0703444480895996
test/next-k-label-distribution-delta: 15.674991607666016
test/optimal-transport-distance: 18.178573608398438
test/sequence-labels-entropy: 2.9024739265441895
val/T-mAP: 0.12663596868515015
val/T-mAP-weighted: 0.43989381194114685
val/horizon-max-f-score: 0.17834077775478363
val/horizon-max-f-score-weighted: 0.4662141799926758
val/horizon-mean-time-step: 0.5951690077781677
val/loss: 2.2319672107696533
val/loss_labels: 1.575661540031433
val/loss_timestamps: 0.6563057899475098
val/mean-predicted-length: 18.22667121887207
val/mean-target-length: 15.263496398925781
val/next-item-accuracy: 0.06719544529914856
val/next-item-mae: 0.6536749601364136
val/next-item-map: 0.11791103333234787
val/next-item-map-weighted: 0.35888972878456116
val/next-item-max-f-score: 0.17671431601047516
val/next-item-max-f-score-weighted: 0.4511665105819702
val/next-item-mean-time-step: 0.9036771059036255
val/next-item-rmse: 1.094788670539856
val/next-k-label-distribution-delta: 15.759742736816406
val/optimal-transport-distance: 18.20838737487793
val/sequence-labels-entropy: 2.896512031555176
