date: '2024-09-25 19:15:44'
test/T-mAP: 0.11577907204627991
test/T-mAP-micro: 0.476582795381546
test/horizon-mean-time-step: 0.6059108376502991
test/loss: 2.3095595836639404
test/loss_labels: 1.6635164022445679
test/loss_timestamps: 0.6460431814193726
test/mean-predicted-length: 16.788230895996094
test/mean-target-length: 15.583646774291992
test/next-item-accuracy: 0.06389331072568893
test/next-item-mae: 0.6451455950737
test/next-item-map: 0.1095234602689743
test/next-item-map-micro: 0.3441809117794037
test/next-item-mean-time-step: 0.8736175894737244
test/next-item-rmse: 1.0736398696899414
test/next-k-label-distribution-delta: 15.794047355651855
test/optimal-transport-distance: 18.2438907623291
test/sequence-labels-entropy: 2.8973848819732666
val/T-mAP: 0.12072403728961945
val/T-mAP-micro: 0.4779403805732727
val/horizon-mean-time-step: 0.6113246083259583
val/loss: 2.278564214706421
val/loss_labels: 1.6172332763671875
val/loss_timestamps: 0.6613308191299438
val/mean-predicted-length: 16.51197624206543
val/mean-target-length: 15.263496398925781
val/next-item-accuracy: 0.06402277946472168
val/next-item-mae: 0.6586949229240417
val/next-item-map: 0.11315491795539856
val/next-item-map-micro: 0.3560520112514496
val/next-item-mean-time-step: 0.9029093980789185
val/next-item-rmse: 1.0995076894760132
val/next-k-label-distribution-delta: 15.944940567016602
val/optimal-transport-distance: 18.32422637939453
val/sequence-labels-entropy: 2.8882524967193604
