date: '2025-02-10 14:35:34'
test/T-mAP: 0.11488797515630722
test/T-mAP-weighted: 0.36029383540153503
test/horizon-max-f-score: 0.1725991815328598
test/horizon-max-f-score-weighted: 0.4168819189071655
test/horizon-mean-time-step: 0.45964905619621277
test/loss: 2.259892702102661
test/loss_labels: 1.6192137002944946
test/loss_timestamps: 0.640678882598877
test/mean-predicted-length: 21.1837158203125
test/mean-target-length: 15.583646774291992
test/next-item-accuracy: 0.30828025937080383
test/next-item-mae: 0.6398295164108276
test/next-item-map: 0.12301253527402878
test/next-item-map-weighted: 0.35959485173225403
test/next-item-max-f-score: 0.18264974653720856
test/next-item-max-f-score-weighted: 0.4444960057735443
test/next-item-mean-time-step: 0.8751182556152344
test/next-item-rmse: 1.0703444480895996
test/next-k-label-distribution-delta: 7.512145042419434
test/optimal-transport-distance: 13.467411994934082
test/sequence-labels-entropy: 1.5704082250595093
val/T-mAP: 0.12227394431829453
val/T-mAP-weighted: 0.3636239469051361
val/horizon-max-f-score: 0.17957037687301636
val/horizon-max-f-score-weighted: 0.42611271142959595
val/horizon-mean-time-step: 0.4602729380130768
val/loss: 2.2319672107696533
val/loss_labels: 1.575661540031433
val/loss_timestamps: 0.6563057899475098
val/mean-predicted-length: 21.158740997314453
val/mean-target-length: 15.263496398925781
val/next-item-accuracy: 0.314826101064682
val/next-item-mae: 0.6536749601364136
val/next-item-map: 0.12410835921764374
val/next-item-map-weighted: 0.37434548139572144
val/next-item-max-f-score: 0.18333886563777924
val/next-item-max-f-score-weighted: 0.45837610960006714
val/next-item-mean-time-step: 0.9036771059036255
val/next-item-rmse: 1.094788670539856
val/next-k-label-distribution-delta: 7.319270610809326
val/optimal-transport-distance: 13.410791397094727
val/sequence-labels-entropy: 1.5436538457870483
