date: '2024-09-26 10:21:38'
test/T-mAP: 0.08936002850532532
test/T-mAP-micro: 0.30183911323547363
test/horizon-mean-time-step: 0.37817293405532837
test/loss: 2.3095595836639404
test/loss_labels: 1.6635164022445679
test/loss_timestamps: 0.6460431814193726
test/mean-predicted-length: 23.48990821838379
test/mean-target-length: 15.583646774291992
test/next-item-accuracy: 0.45254775881767273
test/next-item-mae: 0.6451455950737
test/next-item-map: 0.11421018093824387
test/next-item-map-micro: 0.3519284725189209
test/next-item-mean-time-step: 0.8736175894737244
test/next-item-rmse: 1.0736398696899414
test/next-k-label-distribution-delta: 10.393431663513184
test/optimal-transport-distance: 13.597628593444824
test/sequence-labels-entropy: 0.1509447544813156
val/T-mAP: 0.10138361901044846
val/T-mAP-micro: 0.3084496259689331
val/horizon-mean-time-step: 0.3860810399055481
val/loss: 2.278564214706421
val/loss_labels: 1.6172332763671875
val/loss_timestamps: 0.6613308191299438
val/mean-predicted-length: 23.198427200317383
val/mean-target-length: 15.263496398925781
val/next-item-accuracy: 0.4694732427597046
val/next-item-mae: 0.6586949229240417
val/next-item-map: 0.11768197268247604
val/next-item-map-micro: 0.3643541634082794
val/next-item-mean-time-step: 0.9029093980789185
val/next-item-rmse: 1.0995076894760132
val/next-k-label-distribution-delta: 10.05219841003418
val/optimal-transport-distance: 13.470329284667969
val/sequence-labels-entropy: 0.13289444148540497
