date: '2024-09-25 19:49:10'
test/T-mAP: 0.09553401172161102
test/T-mAP-micro: 0.3228650391101837
test/horizon-mean-time-step: 0.4112377166748047
test/loss: 2.3095595836639404
test/loss_labels: 1.6635164022445679
test/loss_timestamps: 0.6460431814193726
test/mean-predicted-length: 22.179609298706055
test/mean-target-length: 15.583646774291992
test/next-item-accuracy: 0.3986465036869049
test/next-item-mae: 0.6451455950737
test/next-item-map: 0.11136415600776672
test/next-item-map-micro: 0.3398764133453369
test/next-item-mean-time-step: 0.8736175894737244
test/next-item-rmse: 1.0736398696899414
test/next-k-label-distribution-delta: 7.896681785583496
test/optimal-transport-distance: 12.906719207763672
test/sequence-labels-entropy: 0.6958614587783813
val/T-mAP: 0.10905299335718155
val/T-mAP-micro: 0.3372850716114044
val/horizon-mean-time-step: 0.41793686151504517
val/loss: 2.278564214706421
val/loss_labels: 1.6172332763671875
val/loss_timestamps: 0.6613308191299438
val/mean-predicted-length: 21.93242835998535
val/mean-target-length: 15.263496398925781
val/next-item-accuracy: 0.4062232971191406
val/next-item-mae: 0.6586949229240417
val/next-item-map: 0.1142970398068428
val/next-item-map-micro: 0.35419797897338867
val/next-item-mean-time-step: 0.9029093980789185
val/next-item-rmse: 1.0995076894760132
val/next-k-label-distribution-delta: 7.5838398933410645
val/optimal-transport-distance: 12.804495811462402
val/sequence-labels-entropy: 0.6774483919143677
