date: '2024-09-25 19:28:48'
test/T-mAP: 0.13264864683151245
test/T-mAP-micro: 0.47746485471725464
test/horizon-mean-time-step: 0.9995275139808655
test/loss: 2.3923161029815674
test/loss_nhp: 2.3923161029815674
test/mean-predicted-length: 11.253164291381836
test/mean-target-length: 15.583646774291992
test/next-item-accuracy: 0.17543789744377136
test/next-item-mae: 0.7214312553405762
test/next-item-map: 0.1064864844083786
test/next-item-map-micro: 0.3418366312980652
test/next-item-mean-time-step: 0.8795693516731262
test/next-item-rmse: 1.0397813320159912
test/next-k-label-distribution-delta: 11.03934383392334
test/optimal-transport-distance: 16.25183868408203
test/sequence-labels-entropy: 2.2731359004974365
test/thinning_accepted: 49.07127380371094
val/T-mAP: 0.13990594446659088
val/T-mAP-micro: 0.4828324615955353
val/horizon-mean-time-step: 1.0070182085037231
val/loss: 2.384714365005493
val/loss_nhp: 2.384714365005493
val/mean-predicted-length: 11.119413375854492
val/mean-target-length: 15.263496398925781
val/next-item-accuracy: 0.18568232655525208
val/next-item-mae: 0.730474054813385
val/next-item-map: 0.11084432899951935
val/next-item-map-micro: 0.35673788189888
val/next-item-mean-time-step: 0.9077871441841125
val/next-item-rmse: 1.0597646236419678
val/next-k-label-distribution-delta: 11.150518417358398
val/optimal-transport-distance: 16.251405715942383
val/sequence-labels-entropy: 2.262631893157959
val/thinning_accepted: 49.00344467163086
