date: '2024-09-25 19:40:03'
test/T-mAP: 0.13198937475681305
test/T-mAP-micro: 0.4450286328792572
test/horizon-mean-time-step: 0.9046897888183594
test/loss: 2.3923161029815674
test/loss_nhp: 2.3923161029815674
test/mean-predicted-length: 11.584672927856445
test/mean-target-length: 15.583646774291992
test/next-item-accuracy: 0.2920382022857666
test/next-item-mae: 0.7214312553405762
test/next-item-map: 0.10958994179964066
test/next-item-map-micro: 0.3455156683921814
test/next-item-mean-time-step: 0.8795693516731262
test/next-item-rmse: 1.0397813320159912
test/next-k-label-distribution-delta: 7.598358154296875
test/optimal-transport-distance: 14.125967979431152
test/sequence-labels-entropy: 1.4773151874542236
test/thinning_accepted: 49.07127380371094
val/T-mAP: 0.13561372458934784
val/T-mAP-micro: 0.4493381977081299
val/horizon-mean-time-step: 0.9073595404624939
val/loss: 2.384714365005493
val/loss_nhp: 2.384714365005493
val/mean-predicted-length: 11.465856552124023
val/mean-target-length: 15.263496398925781
val/next-item-accuracy: 0.3042098879814148
val/next-item-mae: 0.730474054813385
val/next-item-map: 0.11333397030830383
val/next-item-map-micro: 0.36286067962646484
val/next-item-mean-time-step: 0.9077871441841125
val/next-item-rmse: 1.0597646236419678
val/next-k-label-distribution-delta: 7.610296726226807
val/optimal-transport-distance: 14.023725509643555
val/sequence-labels-entropy: 1.4616689682006836
val/thinning_accepted: 49.00344467163086
