date: '2024-09-25 19:50:49'
test/T-mAP: 0.12258965522050858
test/T-mAP-micro: 0.4080103039741516
test/horizon-mean-time-step: 0.8313560485839844
test/loss: 2.3923161029815674
test/loss_nhp: 2.3923161029815674
test/mean-predicted-length: 11.827232360839844
test/mean-target-length: 15.583646774291992
test/next-item-accuracy: 0.38507166504859924
test/next-item-mae: 0.7214312553405762
test/next-item-map: 0.10550346225500107
test/next-item-map-micro: 0.3321029543876648
test/next-item-mean-time-step: 0.8795693516731262
test/next-item-rmse: 1.0397813320159912
test/next-k-label-distribution-delta: 7.6674652099609375
test/optimal-transport-distance: 13.038302421569824
test/sequence-labels-entropy: 0.6868246793746948
test/thinning_accepted: 49.07127380371094
val/T-mAP: 0.130252867937088
val/T-mAP-micro: 0.41847026348114014
val/horizon-mean-time-step: 0.8355523347854614
val/loss: 2.384714365005493
val/loss_nhp: 2.384714365005493
val/mean-predicted-length: 11.707186698913574
val/mean-target-length: 15.263496398925781
val/next-item-accuracy: 0.4019930958747864
val/next-item-mae: 0.730474054813385
val/next-item-map: 0.10932126641273499
val/next-item-map-micro: 0.3536011576652527
val/next-item-mean-time-step: 0.9077871441841125
val/next-item-rmse: 1.0597646236419678
val/next-k-label-distribution-delta: 7.450839996337891
val/optimal-transport-distance: 12.847243309020996
val/sequence-labels-entropy: 0.6623375415802002
val/thinning_accepted: 49.00344467163086
