date: '2024-09-25 19:17:28'
test/T-mAP: 0.13129748404026031
test/T-mAP-micro: 0.4984203279018402
test/horizon-mean-time-step: 1.1312693357467651
test/loss: 2.3923161029815674
test/loss_nhp: 2.3923161029815674
test/mean-predicted-length: 10.716045379638672
test/mean-target-length: 15.583646774291992
test/next-item-accuracy: 0.06365446001291275
test/next-item-mae: 0.7214312553405762
test/next-item-map: 0.09744685143232346
test/next-item-map-micro: 0.3337917625904083
test/next-item-mean-time-step: 0.8795693516731262
test/next-item-rmse: 1.0397813320159912
test/next-k-label-distribution-delta: 15.556620597839355
test/optimal-transport-distance: 18.465564727783203
test/sequence-labels-entropy: 2.7435426712036133
test/thinning_accepted: 49.07127380371094
val/T-mAP: 0.14105547964572906
val/T-mAP-micro: 0.5058177709579468
val/horizon-mean-time-step: 1.136263132095337
val/loss: 2.384714365005493
val/loss_nhp: 2.384714365005493
val/mean-predicted-length: 10.590632438659668
val/mean-target-length: 15.263496398925781
val/next-item-accuracy: 0.0661378875374794
val/next-item-mae: 0.730474054813385
val/next-item-map: 0.10093676298856735
val/next-item-map-micro: 0.34735968708992004
val/next-item-mean-time-step: 0.9077871441841125
val/next-item-rmse: 1.0597646236419678
val/next-k-label-distribution-delta: 15.774043083190918
val/optimal-transport-distance: 18.514432907104492
val/sequence-labels-entropy: 2.732213258743286
val/thinning_accepted: 49.00344467163086
