date: '2024-09-25 20:01:15'
test/T-mAP: 0.11184359341859818
test/T-mAP-micro: 0.38427478075027466
test/horizon-mean-time-step: 0.7877917885780334
test/loss: 2.3923161029815674
test/loss_nhp: 2.3923161029815674
test/mean-predicted-length: 12.037632942199707
test/mean-target-length: 15.583646774291992
test/next-item-accuracy: 0.44450637698173523
test/next-item-mae: 0.7214312553405762
test/next-item-map: 0.10146872699260712
test/next-item-map-micro: 0.31865063309669495
test/next-item-mean-time-step: 0.8795693516731262
test/next-item-rmse: 1.0397813320159912
test/next-k-label-distribution-delta: 10.526171684265137
test/optimal-transport-distance: 13.252376556396484
test/sequence-labels-entropy: 0.05665851756930351
test/thinning_accepted: 49.07127380371094
val/T-mAP: 0.11732984334230423
val/T-mAP-micro: 0.39407041668891907
val/horizon-mean-time-step: 0.7913941740989685
val/loss: 2.384714365005493
val/loss_nhp: 2.384714365005493
val/mean-predicted-length: 11.889524459838867
val/mean-target-length: 15.263496398925781
val/next-item-accuracy: 0.4636160135269165
val/next-item-mae: 0.730474054813385
val/next-item-map: 0.10437469184398651
val/next-item-map-micro: 0.34045499563217163
val/next-item-mean-time-step: 0.9077871441841125
val/next-item-rmse: 1.0597646236419678
val/next-k-label-distribution-delta: 10.262423515319824
val/optimal-transport-distance: 13.03433609008789
val/sequence-labels-entropy: 0.05158077925443649
val/thinning_accepted: 49.00344467163086
