date: '2024-09-26 10:22:56'
test/T-mAP: 0.12206197530031204
test/T-mAP-micro: 0.4198524057865143
test/horizon-mean-time-step: 0.7878568172454834
test/loss: 2.3918752670288086
test/loss_nhp: 2.3918752670288086
test/mean-predicted-length: 12.050291061401367
test/mean-target-length: 15.583646774291992
test/next-item-accuracy: 0.4455414116382599
test/next-item-mae: 0.7217223048210144
test/next-item-map: 0.10955090075731277
test/next-item-map-micro: 0.34570229053497314
test/next-item-mean-time-step: 0.8796159625053406
test/next-item-rmse: 1.0426476001739502
test/next-k-label-distribution-delta: 10.61785888671875
test/optimal-transport-distance: 13.274786949157715
test/sequence-labels-entropy: 0.0485185831785202
test/thinning_accepted: 49.083274841308594
val/T-mAP: 0.12680119276046753
val/T-mAP-micro: 0.42375999689102173
val/horizon-mean-time-step: 0.7910104393959045
val/loss: 2.3841209411621094
val/loss_nhp: 2.3841209411621094
val/mean-predicted-length: 11.893457412719727
val/mean-target-length: 15.263496398925781
val/next-item-accuracy: 0.4650803208351135
val/next-item-mae: 0.7300150394439697
val/next-item-map: 0.11380567401647568
val/next-item-map-micro: 0.36289700865745544
val/next-item-mean-time-step: 0.9078623652458191
val/next-item-rmse: 1.0610343217849731
val/next-k-label-distribution-delta: 10.312477111816406
val/optimal-transport-distance: 13.053926467895508
val/sequence-labels-entropy: 0.03545461595058441
val/thinning_accepted: 49.14152145385742
