date: '2024-09-25 19:31:43'
test/T-mAP: 0.11440224945545197
test/T-mAP-micro: 0.4352860152721405
test/horizon-mean-time-step: 0.9253515005111694
test/loss: 2.439561605453491
test/loss_nhp: 2.439561605453491
test/mean-predicted-length: 12.185768127441406
test/mean-target-length: 15.583646774291992
test/next-item-accuracy: 0.17997612059116364
test/next-item-mae: 0.7144342064857483
test/next-item-map: 0.09712477028369904
test/next-item-map-micro: 0.33550316095352173
test/next-item-mean-time-step: 0.8782627582550049
test/next-item-rmse: 1.0438971519470215
test/next-k-label-distribution-delta: 10.832706451416016
test/optimal-transport-distance: 16.064870834350586
test/sequence-labels-entropy: 2.2425832748413086
test/thinning_accepted: 45.10409164428711
val/T-mAP: 0.12388636916875839
val/T-mAP-micro: 0.4532203674316406
val/horizon-mean-time-step: 0.9292168021202087
val/loss: 2.424344539642334
val/loss_nhp: 2.424344539642334
val/mean-predicted-length: 12.072935104370117
val/mean-target-length: 15.263496398925781
val/next-item-accuracy: 0.19023795425891876
val/next-item-mae: 0.722210705280304
val/next-item-map: 0.10195846855640411
val/next-item-map-micro: 0.35384395718574524
val/next-item-mean-time-step: 0.9062060713768005
val/next-item-rmse: 1.0636448860168457
val/next-k-label-distribution-delta: 10.975330352783203
val/optimal-transport-distance: 16.053180694580078
val/sequence-labels-entropy: 2.231086492538452
val/thinning_accepted: 44.863155364990234
