date: '2024-09-25 19:42:31'
test/T-mAP: 0.11521105468273163
test/T-mAP-micro: 0.41746124625205994
test/horizon-mean-time-step: 0.8271125555038452
test/loss: 2.439561605453491
test/loss_nhp: 2.439561605453491
test/mean-predicted-length: 12.864180564880371
test/mean-target-length: 15.583646774291992
test/next-item-accuracy: 0.2942675054073334
test/next-item-mae: 0.7144342064857483
test/next-item-map: 0.09952955693006516
test/next-item-map-micro: 0.339175283908844
test/next-item-mean-time-step: 0.8782627582550049
test/next-item-rmse: 1.0438971519470215
test/next-k-label-distribution-delta: 7.6544647216796875
test/optimal-transport-distance: 13.947005271911621
test/sequence-labels-entropy: 1.4541332721710205
test/thinning_accepted: 45.10409164428711
val/T-mAP: 0.1262068897485733
val/T-mAP-micro: 0.43394601345062256
val/horizon-mean-time-step: 0.8317398428916931
val/loss: 2.424344539642334
val/loss_nhp: 2.424344539642334
val/mean-predicted-length: 12.746871948242188
val/mean-target-length: 15.263496398925781
val/next-item-accuracy: 0.30380314588546753
val/next-item-mae: 0.722210705280304
val/next-item-map: 0.10492300987243652
val/next-item-map-micro: 0.35937002301216125
val/next-item-mean-time-step: 0.9062060713768005
val/next-item-rmse: 1.0636448860168457
val/next-k-label-distribution-delta: 7.56882381439209
val/optimal-transport-distance: 13.812244415283203
val/sequence-labels-entropy: 1.4404478073120117
val/thinning_accepted: 44.863155364990234
