date: '2024-09-25 19:20:18'
test/T-mAP: 0.11112162470817566
test/T-mAP-micro: 0.45848745107650757
test/horizon-mean-time-step: 0.9909684658050537
test/loss: 2.439561605453491
test/loss_nhp: 2.439561605453491
test/mean-predicted-length: 11.65891170501709
test/mean-target-length: 15.583646774291992
test/next-item-accuracy: 0.06540605425834656
test/next-item-mae: 0.7144342064857483
test/next-item-map: 0.08927169442176819
test/next-item-map-micro: 0.32726147770881653
test/next-item-mean-time-step: 0.8782627582550049
test/next-item-rmse: 1.0438971519470215
test/next-k-label-distribution-delta: 15.4991455078125
test/optimal-transport-distance: 18.401363372802734
test/sequence-labels-entropy: 2.7519655227661133
test/thinning_accepted: 45.10409164428711
val/T-mAP: 0.11717310547828674
val/T-mAP-micro: 0.46971672773361206
val/horizon-mean-time-step: 0.9950931072235107
val/loss: 2.424344539642334
val/loss_nhp: 2.424344539642334
val/mean-predicted-length: 11.547371864318848
val/mean-target-length: 15.263496398925781
val/next-item-accuracy: 0.06918852776288986
val/next-item-mae: 0.722210705280304
val/next-item-map: 0.09347231686115265
val/next-item-map-micro: 0.34386497735977173
val/next-item-mean-time-step: 0.9062060713768005
val/next-item-rmse: 1.0636448860168457
val/next-k-label-distribution-delta: 15.694672584533691
val/optimal-transport-distance: 18.42686653137207
val/sequence-labels-entropy: 2.7368228435516357
val/thinning_accepted: 44.863155364990234
