date: '2024-09-26 10:24:56'
test/T-mAP: 0.10453736037015915
test/T-mAP-micro: 0.38740894198417664
test/horizon-mean-time-step: 0.7073392868041992
test/loss: 2.440129041671753
test/loss_nhp: 2.440129041671753
test/mean-predicted-length: 13.851180076599121
test/mean-target-length: 15.583646774291992
test/next-item-accuracy: 0.44406846165657043
test/next-item-mae: 0.7134225964546204
test/next-item-map: 0.10022031515836716
test/next-item-map-micro: 0.3392971158027649
test/next-item-mean-time-step: 0.8782045841217041
test/next-item-rmse: 1.0452847480773926
test/next-k-label-distribution-delta: 10.661649703979492
test/optimal-transport-distance: 13.309826850891113
test/sequence-labels-entropy: 0.04527986794710159
test/thinning_accepted: 45.12907409667969
val/T-mAP: 0.11974602192640305
val/T-mAP-micro: 0.402852863073349
val/horizon-mean-time-step: 0.7136769890785217
val/loss: 2.4250504970550537
val/loss_nhp: 2.4250504970550537
val/mean-predicted-length: 13.694672584533691
val/mean-target-length: 15.263496398925781
val/next-item-accuracy: 0.46320927143096924
val/next-item-mae: 0.721479058265686
val/next-item-map: 0.10504626482725143
val/next-item-map-micro: 0.3591236472129822
val/next-item-mean-time-step: 0.9061749577522278
val/next-item-rmse: 1.0653070211410522
val/next-k-label-distribution-delta: 10.32606315612793
val/optimal-transport-distance: 13.058821678161621
val/sequence-labels-entropy: 0.04199954494833946
val/thinning_accepted: 44.98991012573242
