date: '2024-09-25 19:53:23'
test/T-mAP: 0.10535323619842529
test/T-mAP-micro: 0.3854561150074005
test/horizon-mean-time-step: 0.7444577217102051
test/loss: 2.439561605453491
test/loss_nhp: 2.439561605453491
test/mean-predicted-length: 13.486144065856934
test/mean-target-length: 15.583646774291992
test/next-item-accuracy: 0.38626593351364136
test/next-item-mae: 0.7144342064857483
test/next-item-map: 0.09684682637453079
test/next-item-map-micro: 0.3285040557384491
test/next-item-mean-time-step: 0.8782627582550049
test/next-item-rmse: 1.0438971519470215
test/next-k-label-distribution-delta: 7.871365070343018
test/optimal-transport-distance: 12.954434394836426
test/sequence-labels-entropy: 0.6772839426994324
test/thinning_accepted: 45.10409164428711
val/T-mAP: 0.12074640393257141
val/T-mAP-micro: 0.39966052770614624
val/horizon-mean-time-step: 0.7504431009292603
val/loss: 2.424344539642334
val/loss_nhp: 2.424344539642334
val/mean-predicted-length: 13.358956336975098
val/mean-target-length: 15.263496398925781
val/next-item-accuracy: 0.40443360805511475
val/next-item-mae: 0.722210705280304
val/next-item-map: 0.10211711376905441
val/next-item-map-micro: 0.34952089190483093
val/next-item-mean-time-step: 0.9062060713768005
val/next-item-rmse: 1.0636448860168457
val/next-k-label-distribution-delta: 7.609581470489502
val/optimal-transport-distance: 12.728806495666504
val/sequence-labels-entropy: 0.655819833278656
val/thinning_accepted: 44.863155364990234
