date: '2024-09-25 20:03:39'
test/T-mAP: 0.09687762707471848
test/T-mAP-micro: 0.36320096254348755
test/horizon-mean-time-step: 0.7064850330352783
test/loss: 2.439561605453491
test/loss_nhp: 2.439561605453491
test/mean-predicted-length: 13.845022201538086
test/mean-target-length: 15.583646774291992
test/next-item-accuracy: 0.44215765595436096
test/next-item-mae: 0.7144342064857483
test/next-item-map: 0.09370061755180359
test/next-item-map-micro: 0.3160564601421356
test/next-item-mean-time-step: 0.8782627582550049
test/next-item-rmse: 1.0438971519470215
test/next-k-label-distribution-delta: 10.61785888671875
test/optimal-transport-distance: 13.293170928955078
test/sequence-labels-entropy: 0.05192282795906067
test/thinning_accepted: 45.10409164428711
val/T-mAP: 0.11079826951026917
val/T-mAP-micro: 0.37820515036582947
val/horizon-mean-time-step: 0.7126383781433105
val/loss: 2.424344539642334
val/loss_nhp: 2.424344539642334
val/mean-predicted-length: 13.720057487487793
val/mean-target-length: 15.263496398925781
val/next-item-accuracy: 0.46320927143096924
val/next-item-mae: 0.722210705280304
val/next-item-map: 0.09871479868888855
val/next-item-map-micro: 0.3378984332084656
val/next-item-mean-time-step: 0.9062060713768005
val/next-item-rmse: 1.0636448860168457
val/next-k-label-distribution-delta: 10.281015396118164
val/optimal-transport-distance: 13.036664962768555
val/sequence-labels-entropy: 0.048525746911764145
val/thinning_accepted: 44.863155364990234
