date: '2024-09-30 10:43:32'
test/T-mAP: 0.12836910784244537
test/T-mAP-micro: 0.4167819917201996
test/horizon-mean-time-step: 0.6555609703063965
test/loss: 2.3947746753692627
test/loss_labels: 1.6084941625595093
test/loss_timestamps: 0.7862803936004639
test/mean-predicted-length: 13.463907241821289
test/mean-target-length: 15.583646774291992
test/next-item-accuracy: 0.45175158977508545
test/next-item-mae: 0.7140802145004272
test/next-item-map: 0.12879514694213867
test/next-item-map-micro: 0.3637743890285492
test/next-item-mean-time-step: 0.8826960921287537
test/next-item-rmse: 1.035546898841858
test/next-k-label-distribution-delta: 10.400274276733398
test/optimal-transport-distance: 13.272062301635742
test/sequence-labels-entropy: 0.15562349557876587
test/timestamps-bias-mean: 0.19825270771980286
test/timestamps-current_influence: -0.07269307225942612
val/T-mAP: 0.1367252916097641
val/T-mAP-micro: 0.4280523359775543
val/horizon-mean-time-step: 0.6494559049606323
val/loss: 2.3856122493743896
val/loss_labels: 1.561154842376709
val/loss_timestamps: 0.8244574069976807
val/mean-predicted-length: 13.453700065612793
val/mean-target-length: 15.263496398925781
val/next-item-accuracy: 0.469554603099823
val/next-item-mae: 0.7188625931739807
val/next-item-map: 0.13286148011684418
val/next-item-map-micro: 0.37904447317123413
val/next-item-mean-time-step: 0.9099569320678711
val/next-item-rmse: 1.0499365329742432
val/next-k-label-distribution-delta: 10.083661079406738
val/optimal-transport-distance: 12.995891571044922
val/sequence-labels-entropy: 0.13972017168998718
val/timestamps-bias-mean: 0.184400737285614
val/timestamps-current_influence: -0.07269307225942612
