date: '2024-09-30 11:25:32'
test/T-mAP: 0.13756151497364044
test/T-mAP-micro: 0.44161978363990784
test/horizon-mean-time-step: 0.8087539672851562
test/loss: 2.3947746753692627
test/loss_labels: 1.6084941625595093
test/loss_timestamps: 0.7862803936004639
test/mean-predicted-length: 12.484091758728027
test/mean-target-length: 15.583646774291992
test/next-item-accuracy: 0.38550955057144165
test/next-item-mae: 0.7121419310569763
test/next-item-map: 0.12613648176193237
test/next-item-map-micro: 0.3515688180923462
test/next-item-mean-time-step: 0.8823880553245544
test/next-item-rmse: 1.0341696739196777
test/next-k-label-distribution-delta: 7.371194362640381
test/optimal-transport-distance: 13.051925659179688
test/sequence-labels-entropy: 0.8290519714355469
test/timestamps-bias-mean: 0.19825270771980286
test/timestamps-current_influence: -0.07269307225942612
val/T-mAP: 0.1505424827337265
val/T-mAP-micro: 0.46036890149116516
val/horizon-mean-time-step: 0.8045271039009094
val/loss: 2.3856122493743896
val/loss_labels: 1.561154842376709
val/loss_timestamps: 0.8244574069976807
val/mean-predicted-length: 12.416160583496094
val/mean-target-length: 15.263496398925781
val/next-item-accuracy: 0.4026032090187073
val/next-item-mae: 0.7181508541107178
val/next-item-map: 0.12940393388271332
val/next-item-map-micro: 0.36967116594314575
val/next-item-mean-time-step: 0.9096707105636597
val/next-item-rmse: 1.0474798679351807
val/next-k-label-distribution-delta: 7.0661420822143555
val/optimal-transport-distance: 12.829166412353516
val/sequence-labels-entropy: 0.8217729926109314
val/timestamps-bias-mean: 0.184400737285614
val/timestamps-current_influence: -0.07269307225942612
