date: '2024-09-30 11:25:15'
test/T-mAP: 0.14676393568515778
test/T-mAP-micro: 0.5022549033164978
test/horizon-mean-time-step: 1.0347110033035278
test/loss: 2.3947746753692627
test/loss_labels: 1.6084941625595093
test/loss_timestamps: 0.7862803936004639
test/mean-predicted-length: 11.397194862365723
test/mean-target-length: 15.583646774291992
test/next-item-accuracy: 0.18280254304409027
test/next-item-mae: 0.7121419310569763
test/next-item-map: 0.1266019195318222
test/next-item-map-micro: 0.3606634736061096
test/next-item-mean-time-step: 0.8823880553245544
test/next-item-rmse: 1.0341696739196777
test/next-k-label-distribution-delta: 10.990763664245605
test/optimal-transport-distance: 16.185684204101562
test/sequence-labels-entropy: 2.3398525714874268
test/timestamps-bias-mean: 0.19825270771980286
test/timestamps-current_influence: -0.07269307225942612
val/T-mAP: 0.15308953821659088
val/T-mAP-micro: 0.5107821822166443
val/horizon-mean-time-step: 1.0344679355621338
val/loss: 2.3856122493743896
val/loss_labels: 1.561154842376709
val/loss_timestamps: 0.8244574069976807
val/mean-predicted-length: 11.312478065490723
val/mean-target-length: 15.263496398925781
val/next-item-accuracy: 0.18991254270076752
val/next-item-mae: 0.7181508541107178
val/next-item-map: 0.13107915222644806
val/next-item-map-micro: 0.3739056885242462
val/next-item-mean-time-step: 0.9096707105636597
val/next-item-rmse: 1.0474798679351807
val/next-k-label-distribution-delta: 10.943868637084961
val/optimal-transport-distance: 16.072654724121094
val/sequence-labels-entropy: 2.3207523822784424
val/timestamps-bias-mean: 0.184400737285614
val/timestamps-current_influence: -0.07269307225942612
