date: '2024-09-30 10:43:24'
test/T-mAP: 0.10542728751897812
test/T-mAP-micro: 0.3302263021469116
test/horizon-mean-time-step: 0.6476615071296692
test/loss: 2.3947746753692627
test/loss_labels: 1.6084941625595093
test/loss_timestamps: 0.7862803936004639
test/mean-predicted-length: 14.484434127807617
test/mean-target-length: 15.583646774291992
test/next-item-accuracy: 0.4519904553890228
test/next-item-mae: 0.950778603553772
test/next-item-map: 0.11733809113502502
test/next-item-map-micro: 0.3141310513019562
test/next-item-mean-time-step: 1.1328555345535278
test/next-item-rmse: 1.4820637702941895
test/next-k-label-distribution-delta: 10.37974739074707
test/optimal-transport-distance: 14.33946418762207
test/sequence-labels-entropy: 0.1548989713191986
test/timestamps-bias-mean: 0.19825270771980286
test/timestamps-current_influence: -0.07269307225942612
val/T-mAP: 0.11173267662525177
val/T-mAP-micro: 0.3338385224342346
val/horizon-mean-time-step: 0.6397906541824341
val/loss: 2.3856122493743896
val/loss_labels: 1.561154842376709
val/loss_timestamps: 0.8244574069976807
val/mean-predicted-length: 14.636396408081055
val/mean-target-length: 15.263496398925781
val/next-item-accuracy: 0.469554603099823
val/next-item-mae: 0.9612569212913513
val/next-item-map: 0.11936263740062714
val/next-item-map-micro: 0.32821735739707947
val/next-item-mean-time-step: 1.1570476293563843
val/next-item-rmse: 1.49277925491333
val/next-k-label-distribution-delta: 10.067214965820312
val/optimal-transport-distance: 14.105060577392578
val/sequence-labels-entropy: 0.13978521525859833
val/timestamps-bias-mean: 0.184400737285614
val/timestamps-current_influence: -0.07269307225942612
