date: '2024-09-25 19:16:05'
test/T-mAP: 0.11604829132556915
test/T-mAP-micro: 0.42959699034690857
test/horizon-mean-time-step: 1.0806783437728882
test/loss: 2.3947746753692627
test/loss_labels: 1.6084941625595093
test/loss_timestamps: 0.7862803936004639
test/mean-predicted-length: 11.76223087310791
test/mean-target-length: 15.583646774291992
test/next-item-accuracy: 0.06401273608207703
test/next-item-mae: 0.950778603553772
test/next-item-map: 0.11998262256383896
test/next-item-map-micro: 0.3513098359107971
test/next-item-mean-time-step: 1.1328555345535278
test/next-item-rmse: 1.4820637702941895
test/next-k-label-distribution-delta: 15.658570289611816
test/optimal-transport-distance: 18.512048721313477
test/sequence-labels-entropy: 2.792541027069092
test/timestamps-bias-mean: 0.19825270771980286
test/timestamps-current_influence: -0.07269307225942612
val/T-mAP: 0.12399592995643616
val/T-mAP-micro: 0.44441115856170654
val/horizon-mean-time-step: 1.0797178745269775
val/loss: 2.3856122493743896
val/loss_labels: 1.561154842376709
val/loss_timestamps: 0.8244574069976807
val/mean-predicted-length: 11.770468711853027
val/mean-target-length: 15.263496398925781
val/next-item-accuracy: 0.0654870867729187
val/next-item-mae: 0.9612569212913513
val/next-item-map: 0.12404003739356995
val/next-item-map-micro: 0.3638167083263397
val/next-item-mean-time-step: 1.1570476293563843
val/next-item-rmse: 1.49277925491333
val/next-k-label-distribution-delta: 15.77833366394043
val/optimal-transport-distance: 18.518421173095703
val/sequence-labels-entropy: 2.7724149227142334
val/timestamps-bias-mean: 0.184400737285614
val/timestamps-current_influence: -0.07269307225942612
