date: '2024-09-30 11:25:40'
test/T-mAP: 0.12249639630317688
test/T-mAP-micro: 0.38268110156059265
test/horizon-mean-time-step: 0.663995087146759
test/loss: 2.3947746753692627
test/loss_labels: 1.6084941625595093
test/loss_timestamps: 0.7862803936004639
test/mean-predicted-length: 13.388299942016602
test/mean-target-length: 15.583646774291992
test/next-item-accuracy: 0.44900476932525635
test/next-item-mae: 0.7121419310569763
test/next-item-map: 0.12200899422168732
test/next-item-map-micro: 0.3382301330566406
test/next-item-mean-time-step: 0.8823880553245544
test/next-item-rmse: 1.0341696739196777
test/next-k-label-distribution-delta: 10.214847564697266
test/optimal-transport-distance: 13.217130661010742
test/sequence-labels-entropy: 0.19431832432746887
test/timestamps-bias-mean: 0.19825270771980286
test/timestamps-current_influence: -0.07269307225942612
val/T-mAP: 0.13088458776474
val/T-mAP-micro: 0.4001598358154297
val/horizon-mean-time-step: 0.6586666703224182
val/loss: 2.3856122493743896
val/loss_labels: 1.561154842376709
val/loss_timestamps: 0.8244574069976807
val/mean-predicted-length: 13.376117706298828
val/mean-target-length: 15.263496398925781
val/next-item-accuracy: 0.46597519516944885
val/next-item-mae: 0.7181508541107178
val/next-item-map: 0.12454428523778915
val/next-item-map-micro: 0.3569221496582031
val/next-item-mean-time-step: 0.9096707105636597
val/next-item-rmse: 1.0474798679351807
val/next-k-label-distribution-delta: 9.895602226257324
val/optimal-transport-distance: 12.985587120056152
val/sequence-labels-entropy: 0.1787530481815338
val/timestamps-bias-mean: 0.184400737285614
val/timestamps-current_influence: -0.07269307225942612
