date: '2024-09-30 11:25:07'
test/T-mAP: 0.13792185485363007
test/T-mAP-micro: 0.5028908848762512
test/horizon-mean-time-step: 1.1376703977584839
test/loss: 2.3947746753692627
test/loss_labels: 1.6084941625595093
test/loss_timestamps: 0.7862803936004639
test/mean-predicted-length: 10.850153923034668
test/mean-target-length: 15.583646774291992
test/next-item-accuracy: 0.06401273608207703
test/next-item-mae: 0.7121419310569763
test/next-item-map: 0.11998262256383896
test/next-item-map-micro: 0.3513098359107971
test/next-item-mean-time-step: 0.8823880553245544
test/next-item-rmse: 1.0341696739196777
test/next-k-label-distribution-delta: 15.663359642028809
test/optimal-transport-distance: 18.467802047729492
test/sequence-labels-entropy: 2.7791647911071777
test/timestamps-bias-mean: 0.19825270771980286
test/timestamps-current_influence: -0.07269307225942612
val/T-mAP: 0.14644624292850494
val/T-mAP-micro: 0.5160881876945496
val/horizon-mean-time-step: 1.1374715566635132
val/loss: 2.3856122493743896
val/loss_labels: 1.561154842376709
val/loss_timestamps: 0.8244574069976807
val/mean-predicted-length: 10.783339500427246
val/mean-target-length: 15.263496398925781
val/next-item-accuracy: 0.0654870867729187
val/next-item-mae: 0.7181508541107178
val/next-item-map: 0.12404003739356995
val/next-item-map-micro: 0.3638167083263397
val/next-item-mean-time-step: 0.9096707105636597
val/next-item-rmse: 1.0474798679351807
val/next-k-label-distribution-delta: 15.777618408203125
val/optimal-transport-distance: 18.49601936340332
val/sequence-labels-entropy: 2.757716655731201
val/timestamps-bias-mean: 0.184400737285614
val/timestamps-current_influence: -0.07269307225942612
