date: '2024-09-25 19:27:25'
test/T-mAP: 0.12377940863370895
test/T-mAP-micro: 0.4213532507419586
test/horizon-mean-time-step: 0.9840909242630005
test/loss: 2.3947746753692627
test/loss_labels: 1.6084941625595093
test/loss_timestamps: 0.7862803936004639
test/mean-predicted-length: 12.412247657775879
test/mean-target-length: 15.583646774291992
test/next-item-accuracy: 0.18280254304409027
test/next-item-mae: 0.950778603553772
test/next-item-map: 0.1266019195318222
test/next-item-map-micro: 0.3606634736061096
test/next-item-mean-time-step: 1.1328555345535278
test/next-item-rmse: 1.4820637702941895
test/next-k-label-distribution-delta: 10.991447448730469
test/optimal-transport-distance: 16.415708541870117
test/sequence-labels-entropy: 2.353360414505005
test/timestamps-bias-mean: 0.19825270771980286
test/timestamps-current_influence: -0.07269307225942612
val/T-mAP: 0.1304936558008194
val/T-mAP-micro: 0.43052688241004944
val/horizon-mean-time-step: 0.9828358888626099
val/loss: 2.3856122493743896
val/loss_labels: 1.561154842376709
val/loss_timestamps: 0.8244574069976807
val/mean-predicted-length: 12.417590141296387
val/mean-target-length: 15.263496398925781
val/next-item-accuracy: 0.18991254270076752
val/next-item-mae: 0.9612569212913513
val/next-item-map: 0.13107915222644806
val/next-item-map-micro: 0.3739056885242462
val/next-item-mean-time-step: 1.1570476293563843
val/next-item-rmse: 1.49277925491333
val/next-k-label-distribution-delta: 10.925276756286621
val/optimal-transport-distance: 16.323637008666992
val/sequence-labels-entropy: 2.337165594100952
val/timestamps-bias-mean: 0.184400737285614
val/timestamps-current_influence: -0.07269307225942612
