date: '2024-09-25 19:49:30'
test/T-mAP: 0.11818557232618332
test/T-mAP-micro: 0.37109431624412537
test/horizon-mean-time-step: 0.7873120307922363
test/loss: 2.3947746753692627
test/loss_labels: 1.6084941625595093
test/loss_timestamps: 0.7862803936004639
test/mean-predicted-length: 13.49811840057373
test/mean-target-length: 15.583646774291992
test/next-item-accuracy: 0.38550955057144165
test/next-item-mae: 0.950778603553772
test/next-item-map: 0.12613648176193237
test/next-item-map-micro: 0.3515688180923462
test/next-item-mean-time-step: 1.1328555345535278
test/next-item-rmse: 1.4820637702941895
test/next-k-label-distribution-delta: 7.398563385009766
test/optimal-transport-distance: 13.926338195800781
test/sequence-labels-entropy: 0.8123782277107239
test/timestamps-bias-mean: 0.19825270771980286
test/timestamps-current_influence: -0.07269307225942612
val/T-mAP: 0.1285059154033661
val/T-mAP-micro: 0.38489145040512085
val/horizon-mean-time-step: 0.7827273011207581
val/loss: 2.3856122493743896
val/loss_labels: 1.561154842376709
val/loss_timestamps: 0.8244574069976807
val/mean-predicted-length: 13.572399139404297
val/mean-target-length: 15.263496398925781
val/next-item-accuracy: 0.4026032090187073
val/next-item-mae: 0.9612569212913513
val/next-item-map: 0.12940393388271332
val/next-item-map-micro: 0.36967116594314575
val/next-item-mean-time-step: 1.1570476293563843
val/next-item-rmse: 1.49277925491333
val/next-k-label-distribution-delta: 7.080443382263184
val/optimal-transport-distance: 13.693866729736328
val/sequence-labels-entropy: 0.7977705597877502
val/timestamps-bias-mean: 0.184400737285614
val/timestamps-current_influence: -0.07269307225942612
