date: '2024-09-30 11:25:23'
test/T-mAP: 0.14730775356292725
test/T-mAP-micro: 0.48484912514686584
test/horizon-mean-time-step: 0.9390005469322205
test/loss: 2.3947746753692627
test/loss_labels: 1.6084941625595093
test/loss_timestamps: 0.7862803936004639
test/mean-predicted-length: 11.795073509216309
test/mean-target-length: 15.583646774291992
test/next-item-accuracy: 0.29781049489974976
test/next-item-mae: 0.7121419310569763
test/next-item-map: 0.12879514694213867
test/next-item-map-micro: 0.3637743890285492
test/next-item-mean-time-step: 0.8823880553245544
test/next-item-rmse: 1.0341696739196777
test/next-k-label-distribution-delta: 7.510092735290527
test/optimal-transport-distance: 14.0399751663208
test/sequence-labels-entropy: 1.5156304836273193
test/timestamps-bias-mean: 0.19825270771980286
test/timestamps-current_influence: -0.07269307225942612
val/T-mAP: 0.15541423857212067
val/T-mAP-micro: 0.49506860971450806
val/horizon-mean-time-step: 0.933944046497345
val/loss: 2.3856122493743896
val/loss_labels: 1.561154842376709
val/loss_timestamps: 0.8244574069976807
val/mean-predicted-length: 11.704683303833008
val/mean-target-length: 15.263496398925781
val/next-item-accuracy: 0.31193816661834717
val/next-item-mae: 0.7181508541107178
val/next-item-map: 0.13286148011684418
val/next-item-map-micro: 0.37904447317123413
val/next-item-mean-time-step: 0.9096707105636597
val/next-item-rmse: 1.0474798679351807
val/next-k-label-distribution-delta: 7.337146759033203
val/optimal-transport-distance: 13.86201286315918
val/sequence-labels-entropy: 1.4879984855651855
val/timestamps-bias-mean: 0.184400737285614
val/timestamps-current_influence: -0.07269307225942612
