date: '2024-09-25 19:38:49'
test/T-mAP: 0.124024398624897
test/T-mAP-micro: 0.40413898229599
test/horizon-mean-time-step: 0.9021349549293518
test/loss: 2.3947746753692627
test/loss_labels: 1.6084941625595093
test/loss_timestamps: 0.7862803936004639
test/mean-predicted-length: 12.80465316772461
test/mean-target-length: 15.583646774291992
test/next-item-accuracy: 0.29781049489974976
test/next-item-mae: 0.950778603553772
test/next-item-map: 0.12879514694213867
test/next-item-map-micro: 0.3637743890285492
test/next-item-mean-time-step: 1.1328555345535278
test/next-item-rmse: 1.4820637702941895
test/next-k-label-distribution-delta: 7.508039951324463
test/optimal-transport-distance: 14.640873908996582
test/sequence-labels-entropy: 1.507506251335144
test/timestamps-bias-mean: 0.19825270771980286
test/timestamps-current_influence: -0.07269307225942612
val/T-mAP: 0.13151724636554718
val/T-mAP-micro: 0.41152554750442505
val/horizon-mean-time-step: 0.8978191018104553
val/loss: 2.3856122493743896
val/loss_labels: 1.561154842376709
val/loss_timestamps: 0.8244574069976807
val/mean-predicted-length: 12.832320213317871
val/mean-target-length: 15.263496398925781
val/next-item-accuracy: 0.31193816661834717
val/next-item-mae: 0.9612569212913513
val/next-item-map: 0.13286148011684418
val/next-item-map-micro: 0.37904447317123413
val/next-item-mean-time-step: 1.1570476293563843
val/next-item-rmse: 1.49277925491333
val/next-k-label-distribution-delta: 7.342152118682861
val/optimal-transport-distance: 14.439544677734375
val/sequence-labels-entropy: 1.485349416732788
val/timestamps-bias-mean: 0.184400737285614
val/timestamps-current_influence: -0.07269307225942612
