date: '2024-09-25 20:00:03'
test/T-mAP: 0.10745563358068466
test/T-mAP-micro: 0.3295932412147522
test/horizon-mean-time-step: 0.6576319336891174
test/loss: 2.3947746753692627
test/loss_labels: 1.6084941625595093
test/loss_timestamps: 0.7862803936004639
test/mean-predicted-length: 14.42456340789795
test/mean-target-length: 15.583646774291992
test/next-item-accuracy: 0.44900476932525635
test/next-item-mae: 0.950778603553772
test/next-item-map: 0.12200899422168732
test/next-item-map-micro: 0.3382301330566406
test/next-item-mean-time-step: 1.1328555345535278
test/next-item-rmse: 1.4820637702941895
test/next-k-label-distribution-delta: 10.167635917663574
test/optimal-transport-distance: 14.302752494812012
test/sequence-labels-entropy: 0.19204623997211456
test/timestamps-bias-mean: 0.19825270771980286
test/timestamps-current_influence: -0.07269307225942612
val/T-mAP: 0.11438661068677902
val/T-mAP-micro: 0.34113243222236633
val/horizon-mean-time-step: 0.6501786112785339
val/loss: 2.3856122493743896
val/loss_labels: 1.561154842376709
val/loss_timestamps: 0.8244574069976807
val/mean-predicted-length: 14.578119277954102
val/mean-target-length: 15.263496398925781
val/next-item-accuracy: 0.46597519516944885
val/next-item-mae: 0.9612569212913513
val/next-item-map: 0.12454428523778915
val/next-item-map-micro: 0.3569221496582031
val/next-item-mean-time-step: 1.1570476293563843
val/next-item-rmse: 1.49277925491333
val/next-k-label-distribution-delta: 9.863425254821777
val/optimal-transport-distance: 14.060226440429688
val/sequence-labels-entropy: 0.17164023220539093
val/timestamps-bias-mean: 0.184400737285614
val/timestamps-current_influence: -0.07269307225942612
