date: '2025-02-24 09:35:17'
test/T-mAP: 0.21199321746826172
test/T-mAP-weighted: 0.24974767863750458
test/horizon-max-f-score: 0.6831082701683044
test/horizon-max-f-score-weighted: 0.8556672930717468
test/horizon-mean-time-step: 7.558367729187012
test/loss: 15.766829490661621
test/loss_decoder_labels: 0.7745811939239502
test/loss_decoder_timestamps: 14.432915687561035
test/loss_diffusion: 0.5592827200889587
test/loss_embedder_regularizer: 5.219083686824888e-05
test/mean-predicted-length: 4.0
test/mean-target-length: 21.358747482299805
test/next-item-accuracy: 0.5857582688331604
test/next-item-mae: 18.68745994567871
test/next-item-map: 0.4385310113430023
test/next-item-map-weighted: 0.5888727903366089
test/next-item-max-f-score: 0.4795176088809967
test/next-item-max-f-score-weighted: 0.6380267143249512
test/next-item-mean-time-step: 29.96531105041504
test/next-item-rmse: 33.969337463378906
test/sequence-labels-entropy: 0.20583046972751617
val/T-mAP: 0.21763481199741364
val/T-mAP-weighted: 0.2503312826156616
val/horizon-max-f-score: 0.686901330947876
val/horizon-max-f-score-weighted: 0.846217691898346
val/horizon-mean-time-step: 7.830669403076172
val/loss: 16.00708770751953
val/loss_decoder_labels: 0.7725691199302673
val/loss_decoder_timestamps: 14.66871452331543
val/loss_diffusion: 0.5657496452331543
val/loss_embedder_regularizer: 5.215660348767415e-05
val/mean-predicted-length: 4.0
val/mean-target-length: 20.682857513427734
val/next-item-accuracy: 0.5885948538780212
val/next-item-mae: 18.90247344970703
val/next-item-map: 0.4547969400882721
val/next-item-map-weighted: 0.5924694538116455
val/next-item-max-f-score: 0.4913857877254486
val/next-item-max-f-score-weighted: 0.6392214298248291
val/next-item-mean-time-step: 30.68519401550293
val/next-item-rmse: 34.1745719909668
val/sequence-labels-entropy: 0.2020668387413025
