date: '2024-08-09 13:59:16'
test/T-mAP: 0.3688609302043915
test/horizon-mean-time-step: 8.24268913269043
test/loss: 15.642682075500488
test/loss_labels: 0.7724213004112244
test/loss_timestamps: 14.870258331298828
test/mean-predicted-length: 11.564456939697266
test/mean-target-length: 21.358747482299805
test/next-item-accuracy: 0.5997077822685242
test/next-item-mae: 24.382076263427734
test/next-item-mean-time-step: 30.835315704345703
test/next-item-rmse: 65.14761352539062
test/optimal-transport-distance: 164.44888305664062
val/T-mAP: 0.38464096188545227
val/horizon-mean-time-step: 8.59744644165039
val/loss: 15.85004997253418
val/loss_labels: 0.7699310183525085
val/loss_timestamps: 15.080119132995605
val/mean-predicted-length: 11.546136856079102
val/mean-target-length: 20.682857513427734
val/next-item-accuracy: 0.6025891900062561
val/next-item-mae: 24.901851654052734
val/next-item-mean-time-step: 31.577030181884766
val/next-item-rmse: 66.53759765625
val/optimal-transport-distance: 165.62942504882812
