date: '2024-08-05 14:48:41'
test/detection-mAP: 0.4146960973739624
test/horizon-mean-time-step: 12.526521682739258
test/loss: 15.900593757629395
test/loss_labels: 0.7801634669303894
test/loss_timestamps: 15.120429992675781
test/mean-predicted-length: 19.454511642456055
test/mean-target-length: 21.358747482299805
test/next-item-accuracy: 0.5927190780639648
test/next-item-mae: 24.6328125
test/next-item-mean-time-step: 31.053279876708984
test/next-item-rmse: 64.53524780273438
test/optimal-transport-distance: 167.05421447753906
val/detection-mAP: 0.433944433927536
val/horizon-mean-time-step: 12.850056648254395
val/loss: 16.14720344543457
val/loss_labels: 0.7779124975204468
val/loss_timestamps: 15.369292259216309
val/mean-predicted-length: 19.09939956665039
val/mean-target-length: 20.682857513427734
val/next-item-accuracy: 0.5958868861198425
val/next-item-mae: 25.191959381103516
val/next-item-mean-time-step: 31.78922462463379
val/next-item-rmse: 65.98725891113281
val/optimal-transport-distance: 168.43141174316406
