date: '2025-02-24 09:34:38'
test/T-mAP: 0.078617624938488
test/T-mAP-weighted: 0.07752791792154312
test/horizon-max-f-score: 0.7389674186706543
test/horizon-max-f-score-weighted: 0.9176466464996338
test/loss: 15.67973804473877
test/loss_labels: 0.7756839990615845
test/loss_timestamps: 14.904050827026367
test/mean-predicted-length: 1.0
test/mean-target-length: 21.358747482299805
test/next-item-accuracy: 0.5979955196380615
test/next-item-mae: 18.39893341064453
test/next-item-map: 0.4586926996707916
test/next-item-map-weighted: 0.6097992658615112
test/next-item-max-f-score: 0.4962210953235626
test/next-item-max-f-score-weighted: 0.6455634832382202
test/next-item-mean-time-step: 31.011703491210938
test/next-item-rmse: 32.07710266113281
test/sequence-labels-entropy: 0.0936352014541626
val/T-mAP: 0.07956859469413757
val/T-mAP-weighted: 0.07888073474168777
val/horizon-max-f-score: 0.7362947463989258
val/horizon-max-f-score-weighted: 0.9086465239524841
val/loss: 15.885335922241211
val/loss_labels: 0.7733522057533264
val/loss_timestamps: 15.111985206604004
val/mean-predicted-length: 1.0
val/mean-target-length: 20.682857513427734
val/next-item-accuracy: 0.6010259389877319
val/next-item-mae: 18.631498336791992
val/next-item-map: 0.47639259696006775
val/next-item-map-weighted: 0.6131588816642761
val/next-item-max-f-score: 0.5088196396827698
val/next-item-max-f-score-weighted: 0.6471287608146667
val/next-item-mean-time-step: 31.751211166381836
val/next-item-rmse: 32.256568908691406
val/sequence-labels-entropy: 0.09945719689130783
