date: '2024-06-05 20:07:26'
test/detection-mAP: 0.12892375886440277
test/horizon-mean-time-step: 6.874532222747803
test/loss: 15.622655868530273
test/loss_labels: 0.7715758681297302
test/loss_timestamps: 14.85107707977295
test/mean-predicted-length: 1.999631643295288
test/mean-target-length: 21.358747482299805
test/next-item-accuracy: 0.6003684997558594
test/next-item-mae: 18.27884864807129
test/next-item-mean-time-step: 22.226654052734375
test/next-item-rmse: 32.06633377075195
val/detection-mAP: 0.13258220255374908
val/horizon-mean-time-step: 7.1580634117126465
val/loss: 15.821297645568848
val/loss_labels: 0.76852947473526
val/loss_timestamps: 15.052769660949707
val/mean-predicted-length: 1.9998124837875366
val/mean-target-length: 20.682857513427734
val/next-item-accuracy: 0.605079174041748
val/next-item-mae: 18.50215721130371
val/next-item-mean-time-step: 22.587688446044922
val/next-item-rmse: 32.23855209350586
