date: '2025-02-24 09:36:03'
test/T-mAP: 0.3533078730106354
test/T-mAP-weighted: 0.4699249863624573
test/horizon-max-f-score: 0.5612232089042664
test/horizon-max-f-score-weighted: 0.7398279309272766
test/horizon-mean-time-step: 8.306619644165039
test/loss: 15.67973804473877
test/loss_labels: 0.7756839990615845
test/loss_timestamps: 14.904050827026367
test/mean-predicted-length: 11.45138168334961
test/mean-target-length: 21.358747482299805
test/next-item-accuracy: 0.5979955196380615
test/next-item-mae: 18.39893341064453
test/next-item-map: 0.4586926996707916
test/next-item-map-weighted: 0.6097992658615112
test/next-item-max-f-score: 0.4962210953235626
test/next-item-max-f-score-weighted: 0.6455634832382202
test/next-item-mean-time-step: 31.011703491210938
test/next-item-rmse: 32.07710266113281
test/next-k-label-distribution-delta: 8.001473426818848
test/optimal-transport-distance: 164.97911071777344
test/sequence-labels-entropy: 0.09161235392093658
val/T-mAP: 0.37107741832733154
val/T-mAP-weighted: 0.47208651900291443
val/horizon-max-f-score: 0.5723066329956055
val/horizon-max-f-score-weighted: 0.7327659130096436
val/horizon-mean-time-step: 8.749540328979492
val/loss: 15.885335922241211
val/loss_labels: 0.7733522057533264
val/loss_timestamps: 15.111985206604004
val/mean-predicted-length: 11.405851364135742
val/mean-target-length: 20.682857513427734
val/next-item-accuracy: 0.6010259389877319
val/next-item-mae: 18.631498336791992
val/next-item-map: 0.47639259696006775
val/next-item-map-weighted: 0.6131588816642761
val/next-item-max-f-score: 0.5088196396827698
val/next-item-max-f-score-weighted: 0.6471287608146667
val/next-item-mean-time-step: 31.751211166381836
val/next-item-rmse: 32.256568908691406
val/next-k-label-distribution-delta: 8.04538631439209
val/optimal-transport-distance: 166.0963592529297
val/sequence-labels-entropy: 0.09687721729278564
