date: '2024-08-05 08:13:52'
test/detection-mAP: 0.12816743552684784
test/horizon-mean-time-step: 7.942878246307373
test/loss: 15.909830093383789
test/loss_labels: 0.7807254195213318
test/loss_timestamps: 15.129103660583496
test/mean-predicted-length: 2.0
test/mean-target-length: 21.358747482299805
test/next-item-accuracy: 0.5929889678955078
test/next-item-mae: 24.631938934326172
test/next-item-mean-time-step: 30.93807029724121
test/next-item-rmse: 65.11650085449219
val/detection-mAP: 0.13250099122524261
val/horizon-mean-time-step: 8.233152389526367
val/loss: 16.154932022094727
val/loss_labels: 0.7784873247146606
val/loss_timestamps: 15.376443862915039
val/mean-predicted-length: 2.0
val/mean-target-length: 20.682857513427734
val/next-item-accuracy: 0.597197413444519
val/next-item-mae: 25.186948776245117
val/next-item-mean-time-step: 31.67032814025879
val/next-item-rmse: 66.58082580566406
