date: '2024-08-09 13:56:27'
test/T-mAP: 0.13065069913864136
test/horizon-mean-time-step: 7.035739898681641
test/loss: 15.642682075500488
test/loss_labels: 0.7724213004112244
test/loss_timestamps: 14.870258331298828
test/mean-predicted-length: 2.0
test/mean-target-length: 21.358747482299805
test/next-item-accuracy: 0.5997077822685242
test/next-item-mae: 24.382076263427734
test/next-item-mean-time-step: 30.835315704345703
test/next-item-rmse: 65.14761352539062
val/T-mAP: 0.13499298691749573
val/horizon-mean-time-step: 7.336348533630371
val/loss: 15.85004997253418
val/loss_labels: 0.7699310183525085
val/loss_timestamps: 15.080119132995605
val/mean-predicted-length: 2.0
val/mean-target-length: 20.682857513427734
val/next-item-accuracy: 0.6025891900062561
val/next-item-mae: 24.901851654052734
val/next-item-mean-time-step: 31.577030181884766
val/next-item-rmse: 66.53759765625
