date: '2025-02-24 09:35:08'
test/T-mAP: 0.19264359772205353
test/T-mAP-weighted: 0.24070507287979126
test/horizon-max-f-score: 0.649574875831604
test/horizon-max-f-score-weighted: 0.844948410987854
test/horizon-mean-time-step: 7.26112699508667
test/loss: 15.67973804473877
test/loss_labels: 0.7756839990615845
test/loss_timestamps: 14.904050827026367
test/mean-predicted-length: 3.992633581161499
test/mean-target-length: 21.358747482299805
test/next-item-accuracy: 0.5979955196380615
test/next-item-mae: 18.39893341064453
test/next-item-map: 0.4586926996707916
test/next-item-map-weighted: 0.6097992658615112
test/next-item-max-f-score: 0.4962210953235626
test/next-item-max-f-score-weighted: 0.6455634832382202
test/next-item-mean-time-step: 31.011703491210938
test/next-item-rmse: 32.07710266113281
test/sequence-labels-entropy: 0.0932607427239418
val/T-mAP: 0.19834651052951813
val/T-mAP-weighted: 0.2409219741821289
val/horizon-max-f-score: 0.6510257124900818
val/horizon-max-f-score-weighted: 0.8351464867591858
val/horizon-mean-time-step: 7.647376537322998
val/loss: 15.885335922241211
val/loss_labels: 0.7733522057533264
val/loss_timestamps: 15.111985206604004
val/mean-predicted-length: 3.9923105239868164
val/mean-target-length: 20.682857513427734
val/next-item-accuracy: 0.6010259389877319
val/next-item-mae: 18.631498336791992
val/next-item-map: 0.47639259696006775
val/next-item-map-weighted: 0.6131588816642761
val/next-item-max-f-score: 0.5088196396827698
val/next-item-max-f-score-weighted: 0.6471287608146667
val/next-item-mean-time-step: 31.751211166381836
val/next-item-rmse: 32.256568908691406
val/sequence-labels-entropy: 0.09878496825695038
