date: '2024-07-31 00:39:07'
test/detection-mAP: 0.4484654664993286
test/horizon-mean-time-step: 12.546019554138184
test/loss: 4.173165798187256
test/loss_nhp: 4.173165798187256
test/mean-predicted-length: 10.927624702453613
test/mean-target-length: 21.358747482299805
test/next-item-accuracy: 0.6004336476325989
test/next-item-mae: 18.607067108154297
test/next-item-mean-time-step: 22.440397262573242
test/next-item-rmse: 32.02711486816406
test/optimal-transport-distance: 172.93927001953125
val/detection-mAP: 0.47288063168525696
val/horizon-mean-time-step: 13.1128511428833
val/loss: 4.228019714355469
val/loss_nhp: 4.228019714355469
val/mean-predicted-length: 10.825393676757812
val/mean-target-length: 20.682857513427734
val/next-item-accuracy: 0.6039745807647705
val/next-item-mae: 18.875404357910156
val/next-item-mean-time-step: 22.79861068725586
val/next-item-rmse: 32.23794937133789
val/optimal-transport-distance: 173.51266479492188
