date: '2024-07-31 00:26:27'
test/detection-mAP: 0.090779148042202
test/horizon-mean-time-step: .nan
test/loss: 4.180660247802734
test/loss_nhp: 4.180660247802734
test/mean-predicted-length: 1.0
test/mean-target-length: 21.358747482299805
test/next-item-accuracy: 0.600405752658844
test/next-item-mae: 18.626235961914062
test/next-item-mean-time-step: 22.433835983276367
test/next-item-rmse: 32.0446662902832
val/detection-mAP: 0.0903865173459053
val/horizon-mean-time-step: .nan
val/loss: 4.226077079772949
val/loss_nhp: 4.226077079772949
val/mean-predicted-length: 1.0
val/mean-target-length: 20.682857513427734
val/next-item-accuracy: 0.6039839386940002
val/next-item-mae: 18.862520217895508
val/next-item-mean-time-step: 22.80277442932129
val/next-item-rmse: 32.23722839355469
