date: '2024-07-31 00:34:56'
test/detection-mAP: 0.35827985405921936
test/horizon-mean-time-step: 11.277190208435059
test/loss: 4.175131797790527
test/loss_nhp: 4.175131797790527
test/mean-predicted-length: 7.828729152679443
test/mean-target-length: 21.358747482299805
test/next-item-accuracy: 0.6005639433860779
test/next-item-mae: 18.62580108642578
test/next-item-mean-time-step: 22.445629119873047
test/next-item-rmse: 32.04083251953125
val/detection-mAP: 0.37635207176208496
val/horizon-mean-time-step: 11.809950828552246
val/loss: 4.224562644958496
val/loss_nhp: 4.224562644958496
val/mean-predicted-length: 7.81901741027832
val/mean-target-length: 20.682857513427734
val/next-item-accuracy: 0.6038622260093689
val/next-item-mae: 18.88168716430664
val/next-item-mean-time-step: 22.797367095947266
val/next-item-rmse: 32.24627685546875
