date: '2024-07-31 00:31:58'
test/detection-mAP: 0.2632317543029785
test/horizon-mean-time-step: 10.37043285369873
test/loss: 4.174739837646484
test/loss_nhp: 4.174739837646484
test/mean-predicted-length: 4.995211601257324
test/mean-target-length: 21.358747482299805
test/next-item-accuracy: 0.6002103090286255
test/next-item-mae: 18.632312774658203
test/next-item-mean-time-step: 22.437206268310547
test/next-item-rmse: 32.04471969604492
val/detection-mAP: 0.27597612142562866
val/horizon-mean-time-step: 10.854822158813477
val/loss: 4.227658271789551
val/loss_nhp: 4.227658271789551
val/mean-predicted-length: 4.996436595916748
val/mean-target-length: 20.682857513427734
val/next-item-accuracy: 0.6040400862693787
val/next-item-mae: 18.859710693359375
val/next-item-mean-time-step: 22.81454849243164
val/next-item-rmse: 32.22465133666992
