date: '2024-07-31 00:52:19'
test/detection-mAP: 0.4514438211917877
test/horizon-mean-time-step: 16.733938217163086
test/loss: 4.1800384521484375
test/loss_nhp: 4.1800384521484375
test/mean-predicted-length: 15.333148956298828
test/mean-target-length: 21.358747482299805
test/next-item-accuracy: 0.6004243493080139
test/next-item-mae: 18.632665634155273
test/next-item-mean-time-step: 22.44151496887207
test/next-item-rmse: 32.04487609863281
test/optimal-transport-distance: 173.13729858398438
val/detection-mAP: 0.48772045969963074
val/horizon-mean-time-step: 17.358226776123047
val/loss: 4.227772235870361
val/loss_nhp: 4.227772235870361
val/mean-predicted-length: 14.848087310791016
val/mean-target-length: 20.682857513427734
val/next-item-accuracy: 0.6039652228355408
val/next-item-mae: 18.85356330871582
val/next-item-mean-time-step: 22.796255111694336
val/next-item-rmse: 32.21514129638672
val/optimal-transport-distance: 173.37518310546875
