date: '2024-07-31 00:27:46'
test/detection-mAP: 0.14181828498840332
test/horizon-mean-time-step: 9.552932739257812
test/loss: 4.172444820404053
test/loss_nhp: 4.172444820404053
test/mean-predicted-length: 2.0
test/mean-target-length: 21.358747482299805
test/next-item-accuracy: 0.6004709005355835
test/next-item-mae: 18.62436866760254
test/next-item-mean-time-step: 22.429014205932617
test/next-item-rmse: 32.053062438964844
val/detection-mAP: 0.14706139266490936
val/horizon-mean-time-step: 9.97928524017334
val/loss: 4.226014137268066
val/loss_nhp: 4.226014137268066
val/mean-predicted-length: 2.0
val/mean-target-length: 20.682857513427734
val/next-item-accuracy: 0.6038341522216797
val/next-item-mae: 18.865808486938477
val/next-item-mean-time-step: 22.79846954345703
val/next-item-rmse: 32.230072021484375
