date: '2024-06-05 20:16:50'
test/detection-mAP: 0.4572432339191437
test/horizon-mean-time-step: 17.833690643310547
test/loss: 4.319988250732422
test/loss_nhp: 4.319988250732422
test/mean-predicted-length: 9.935174942016602
test/mean-target-length: 21.358747482299805
test/next-item-accuracy: 0.596962571144104
test/next-item-mae: 20.254384994506836
test/next-item-mean-time-step: 22.877328872680664
test/next-item-rmse: 33.11582565307617
test/optimal-transport-distance: 179.6158447265625
val/detection-mAP: 0.475596159696579
val/horizon-mean-time-step: 18.708526611328125
val/loss: 4.349664688110352
val/loss_nhp: 4.349664688110352
val/mean-predicted-length: 9.73555850982666
val/mean-target-length: 20.682857513427734
val/next-item-accuracy: 0.5998932719230652
val/next-item-mae: 20.564149856567383
val/next-item-mean-time-step: 23.25833511352539
val/next-item-rmse: 33.32554626464844
val/optimal-transport-distance: 181.76675415039062
