date: '2024-08-05 14:54:39'
test/T-mAP: 0.2584502696990967
test/horizon-mean-time-step: 10.478564262390137
test/loss: 4.524411201477051
test/loss_nhp: 4.524411201477051
test/mean-predicted-length: 4.995396137237549
test/mean-target-length: 21.358747482299805
test/next-item-accuracy: 0.6011502146720886
test/next-item-mae: 25.693519592285156
test/next-item-mean-time-step: 30.45050048828125
test/next-item-rmse: 68.59266662597656
test/thinning_accepted: 46.87229919433594
val/T-mAP: 0.26980364322662354
val/horizon-mean-time-step: 11.0794095993042
val/loss: 4.558338165283203
val/loss_nhp: 4.558338165283203
val/mean-predicted-length: 4.995311260223389
val/mean-target-length: 20.682857513427734
val/next-item-accuracy: 0.6042740941047668
val/next-item-mae: 26.252225875854492
val/next-item-mean-time-step: 31.172624588012695
val/next-item-rmse: 70.095703125
val/thinning_accepted: 46.227230072021484
