date: '2024-07-31 00:29:33'
test/detection-mAP: 0.2261783331632614
test/horizon-mean-time-step: 10.11921501159668
test/loss: 4.17527961730957
test/loss_nhp: 4.17527961730957
test/mean-predicted-length: 4.0
test/mean-target-length: 21.358747482299805
test/next-item-accuracy: 0.6003684997558594
test/next-item-mae: 18.63395881652832
test/next-item-mean-time-step: 22.431459426879883
test/next-item-rmse: 32.04549026489258
val/detection-mAP: 0.23716966807842255
val/horizon-mean-time-step: 10.55669116973877
val/loss: 4.2253289222717285
val/loss_nhp: 4.2253289222717285
val/mean-predicted-length: 4.0
val/mean-target-length: 20.682857513427734
val/next-item-accuracy: 0.6039184331893921
val/next-item-mae: 18.870258331298828
val/next-item-mean-time-step: 22.80636215209961
val/next-item-rmse: 32.234432220458984
