date: '2024-08-05 15:08:50'
test/T-mAP: 0.4754011332988739
test/horizon-mean-time-step: 17.473466873168945
test/loss: 4.525630950927734
test/loss_nhp: 4.525630950927734
test/mean-predicted-length: 15.02596664428711
test/mean-target-length: 21.358747482299805
test/next-item-accuracy: 0.6012060642242432
test/next-item-mae: 25.696449279785156
test/next-item-mean-time-step: 30.45131492614746
test/next-item-rmse: 68.58470153808594
test/optimal-transport-distance: 168.64544677734375
test/thinning_accepted: 46.817604064941406
val/T-mAP: 0.50380939245224
val/horizon-mean-time-step: 18.223567962646484
val/loss: 4.56442403793335
val/loss_nhp: 4.56442403793335
val/mean-predicted-length: 14.484621047973633
val/mean-target-length: 20.682857513427734
val/next-item-accuracy: 0.6043115854263306
val/next-item-mae: 26.269222259521484
val/next-item-mean-time-step: 31.175785064697266
val/next-item-rmse: 70.09542846679688
val/optimal-transport-distance: 170.14166259765625
val/thinning_accepted: 46.294429779052734
