date: '2024-08-05 14:51:04'
test/T-mAP: 0.1388465017080307
test/horizon-mean-time-step: 9.542116165161133
test/loss: 4.526735305786133
test/loss_nhp: 4.526735305786133
test/mean-predicted-length: 2.0
test/mean-target-length: 21.358747482299805
test/next-item-accuracy: 0.6010943651199341
test/next-item-mae: 25.700878143310547
test/next-item-mean-time-step: 30.451343536376953
test/next-item-rmse: 68.6084213256836
test/thinning_accepted: 46.7512092590332
val/T-mAP: 0.14373673498630524
val/horizon-mean-time-step: 10.07266902923584
val/loss: 4.55853796005249
val/loss_nhp: 4.55853796005249
val/mean-predicted-length: 2.0
val/mean-target-length: 20.682857513427734
val/next-item-accuracy: 0.60433030128479
val/next-item-mae: 26.284997940063477
val/next-item-mean-time-step: 31.172632217407227
val/next-item-rmse: 70.11235046386719
val/thinning_accepted: 46.285587310791016
