date: '2024-07-31 01:02:49'
test/detection-mAP: 0.44115933775901794
test/horizon-mean-time-step: 19.384693145751953
test/loss: 4.172640323638916
test/loss_nhp: 4.172640323638916
test/mean-predicted-length: 15.560220718383789
test/mean-target-length: 21.358747482299805
test/next-item-accuracy: 0.6003220081329346
test/next-item-mae: 18.62582778930664
test/next-item-mean-time-step: 22.439233779907227
test/next-item-rmse: 32.04480743408203
test/optimal-transport-distance: 172.8612518310547
val/detection-mAP: 0.4704984724521637
val/horizon-mean-time-step: 19.920284271240234
val/loss: 4.228268623352051
val/loss_nhp: 4.228268623352051
val/mean-predicted-length: 15.11440372467041
val/mean-target-length: 20.682857513427734
val/next-item-accuracy: 0.6037031412124634
val/next-item-mae: 18.869144439697266
val/next-item-mean-time-step: 22.797456741333008
val/next-item-rmse: 32.24114227294922
val/optimal-transport-distance: 173.4200897216797
