date: '2024-08-05 14:52:35'
test/T-mAP: 0.22133128345012665
test/horizon-mean-time-step: 10.136064529418945
test/loss: 4.526430606842041
test/loss_nhp: 4.526430606842041
test/mean-predicted-length: 4.0
test/mean-target-length: 21.358747482299805
test/next-item-accuracy: 0.6010478138923645
test/next-item-mae: 25.721094131469727
test/next-item-mean-time-step: 30.451295852661133
test/next-item-rmse: 68.59739685058594
test/thinning_accepted: 46.632408142089844
val/T-mAP: 0.2310621291399002
val/horizon-mean-time-step: 10.76108455657959
val/loss: 4.560214042663574
val/loss_nhp: 4.560214042663574
val/mean-predicted-length: 4.0
val/mean-target-length: 20.682857513427734
val/next-item-accuracy: 0.6043115854263306
val/next-item-mae: 26.262065887451172
val/next-item-mean-time-step: 31.175273895263672
val/next-item-rmse: 70.07975769042969
val/thinning_accepted: 46.28617477416992
