date: '2024-08-05 15:19:27'
test/T-mAP: 0.44040215015411377
test/horizon-mean-time-step: 20.190448760986328
test/loss: 4.526630878448486
test/loss_nhp: 4.526630878448486
test/mean-predicted-length: 15.934069633483887
test/mean-target-length: 21.358747482299805
test/next-item-accuracy: 0.6010664701461792
test/next-item-mae: 25.701435089111328
test/next-item-mean-time-step: 30.44933319091797
test/next-item-rmse: 68.58863830566406
test/optimal-transport-distance: 168.95831298828125
test/thinning_accepted: 46.69829559326172
val/T-mAP: 0.4644663631916046
val/horizon-mean-time-step: 20.844148635864258
val/loss: 4.559966087341309
val/loss_nhp: 4.559966087341309
val/mean-predicted-length: 15.338896751403809
val/mean-target-length: 20.682857513427734
val/next-item-accuracy: 0.6042740941047668
val/next-item-mae: 26.260927200317383
val/next-item-mean-time-step: 31.178966522216797
val/next-item-rmse: 70.06388854980469
val/optimal-transport-distance: 170.12118530273438
val/thinning_accepted: 46.43000030517578
