date: '2024-06-05 20:13:51'
test/detection-mAP: 0.2678684890270233
test/horizon-mean-time-step: 13.245719909667969
test/loss: 4.323756694793701
test/loss_nhp: 4.323756694793701
test/mean-predicted-length: 4.949355602264404
test/mean-target-length: 21.358747482299805
test/next-item-accuracy: 0.5969067215919495
test/next-item-mae: 20.249614715576172
test/next-item-mean-time-step: 22.87091064453125
test/next-item-rmse: 33.072486877441406
val/detection-mAP: 0.2815903425216675
val/horizon-mean-time-step: 13.945374488830566
val/loss: 4.349167346954346
val/loss_nhp: 4.349167346954346
val/mean-predicted-length: 4.9487996101379395
val/mean-target-length: 20.682857513427734
val/next-item-accuracy: 0.6000617742538452
val/next-item-mae: 20.55299186706543
val/next-item-mean-time-step: 23.276365280151367
val/next-item-rmse: 33.3466911315918
