date: '2024-07-31 00:28:57'
test/detection-mAP: 0.13922081887722015
test/horizon-mean-time-step: 9.061991691589355
test/loss: 4.507717132568359
test/loss_nhp: 4.507717132568359
test/mean-predicted-length: 2.0
test/mean-target-length: 21.358747482299805
test/next-item-accuracy: 0.6006942391395569
test/next-item-mae: 18.469783782958984
test/next-item-mean-time-step: 22.44841766357422
test/next-item-rmse: 31.992063522338867
val/detection-mAP: 0.14388422667980194
val/horizon-mean-time-step: 9.566855430603027
val/loss: 4.539599418640137
val/loss_nhp: 4.539599418640137
val/mean-predicted-length: 2.0
val/mean-target-length: 20.682857513427734
val/next-item-accuracy: 0.6046485304832458
val/next-item-mae: 18.721233367919922
val/next-item-mean-time-step: 22.81678009033203
val/next-item-rmse: 32.18026351928711
