date: '2024-07-31 01:12:18'
test/detection-mAP: 0.4508039951324463
test/horizon-mean-time-step: 18.0317440032959
test/loss: 4.508333683013916
test/loss_nhp: 4.508333683013916
test/mean-predicted-length: 17.64051628112793
test/mean-target-length: 21.358747482299805
test/next-item-accuracy: 0.6007872819900513
test/next-item-mae: 18.467119216918945
test/next-item-mean-time-step: 22.456438064575195
test/next-item-rmse: 31.98649024963379
test/optimal-transport-distance: 166.09300231933594
val/detection-mAP: 0.4902207553386688
val/horizon-mean-time-step: 18.764598846435547
val/loss: 4.542387008666992
val/loss_nhp: 4.542387008666992
val/mean-predicted-length: 16.927043914794922
val/mean-target-length: 20.682857513427734
val/next-item-accuracy: 0.6046578884124756
val/next-item-mae: 18.71722984313965
val/next-item-mean-time-step: 22.812782287597656
val/next-item-rmse: 32.179176330566406
val/optimal-transport-distance: 167.2998809814453
