date: '2024-07-31 00:37:46'
test/detection-mAP: 0.34150251746177673
test/horizon-mean-time-step: 10.714692115783691
test/loss: 4.507443428039551
test/loss_nhp: 4.507443428039551
test/mean-predicted-length: 7.802393913269043
test/mean-target-length: 21.358747482299805
test/next-item-accuracy: 0.6008524298667908
test/next-item-mae: 18.471256256103516
test/next-item-mean-time-step: 22.464799880981445
test/next-item-rmse: 31.979610443115234
val/detection-mAP: 0.36063408851623535
val/horizon-mean-time-step: 11.345318794250488
val/loss: 4.539732933044434
val/loss_nhp: 4.539732933044434
val/mean-predicted-length: 7.792010307312012
val/mean-target-length: 20.682857513427734
val/next-item-accuracy: 0.6044332385063171
val/next-item-mae: 18.721412658691406
val/next-item-mean-time-step: 22.82054328918457
val/next-item-rmse: 32.17464828491211
