date: '2024-07-31 00:59:34'
test/detection-mAP: 0.4864219129085541
test/horizon-mean-time-step: 15.632062911987305
test/loss: 4.509729385375977
test/loss_nhp: 4.509729385375977
test/mean-predicted-length: 16.07311248779297
test/mean-target-length: 21.358747482299805
test/next-item-accuracy: 0.6008896231651306
test/next-item-mae: 18.47590446472168
test/next-item-mean-time-step: 22.457597732543945
test/next-item-rmse: 31.98339080810547
test/optimal-transport-distance: 166.39321899414062
val/detection-mAP: 0.5226821303367615
val/horizon-mean-time-step: 16.40981674194336
val/loss: 4.540234088897705
val/loss_nhp: 4.540234088897705
val/mean-predicted-length: 15.48668384552002
val/mean-target-length: 20.682857513427734
val/next-item-accuracy: 0.6044894456863403
val/next-item-mae: 18.70935821533203
val/next-item-mean-time-step: 22.81487274169922
val/next-item-rmse: 32.168209075927734
val/optimal-transport-distance: 167.19155883789062
