date: '2024-07-31 00:43:04'
test/detection-mAP: 0.4254325330257416
test/horizon-mean-time-step: 11.883231163024902
test/loss: 4.508295059204102
test/loss_nhp: 4.508295059204102
test/mean-predicted-length: 10.841620445251465
test/mean-target-length: 21.358747482299805
test/next-item-accuracy: 0.6004709005355835
test/next-item-mae: 18.4598445892334
test/next-item-mean-time-step: 22.46091079711914
test/next-item-rmse: 31.97442054748535
test/optimal-transport-distance: 166.1319580078125
val/detection-mAP: 0.4497987926006317
val/horizon-mean-time-step: 12.583318710327148
val/loss: 4.539355278015137
val/loss_nhp: 4.539355278015137
val/mean-predicted-length: 10.732370376586914
val/mean-target-length: 20.682857513427734
val/next-item-accuracy: 0.6046110987663269
val/next-item-mae: 18.708585739135742
val/next-item-mean-time-step: 22.813108444213867
val/next-item-rmse: 32.17369079589844
val/optimal-transport-distance: 167.2798309326172
