date: '2024-07-31 00:27:22'
test/detection-mAP: 0.08878936618566513
test/horizon-mean-time-step: .nan
test/loss: 4.507272243499756
test/loss_nhp: 4.507272243499756
test/mean-predicted-length: 1.0
test/mean-target-length: 21.358747482299805
test/next-item-accuracy: 0.6007221341133118
test/next-item-mae: 18.471630096435547
test/next-item-mean-time-step: 22.456884384155273
test/next-item-rmse: 31.98472023010254
val/detection-mAP: 0.08900097757577896
val/horizon-mean-time-step: .nan
val/loss: 4.541250705718994
val/loss_nhp: 4.541250705718994
val/mean-predicted-length: 1.0
val/mean-target-length: 20.682857513427734
val/next-item-accuracy: 0.6044613122940063
val/next-item-mae: 18.71017074584961
val/next-item-mean-time-step: 22.82109832763672
val/next-item-rmse: 32.176124572753906
