date: '2024-08-05 14:59:07'
test/T-mAP: 0.3395974636077881
test/horizon-mean-time-step: 9.934123039245605
test/loss: 4.519760608673096
test/loss_nhp: 4.519760608673096
test/mean-predicted-length: 7.877532005310059
test/mean-target-length: 21.358747482299805
test/next-item-accuracy: 0.599028468132019
test/next-item-mae: 25.498647689819336
test/next-item-mean-time-step: 30.440162658691406
test/next-item-rmse: 68.84813690185547
test/thinning_accepted: 47.61638259887695
val/T-mAP: 0.3567688763141632
val/horizon-mean-time-step: 10.443536758422852
val/loss: 4.552030563354492
val/loss_nhp: 4.552030563354492
val/mean-predicted-length: 7.88222074508667
val/mean-target-length: 20.682857513427734
val/next-item-accuracy: 0.6037124991416931
val/next-item-mae: 26.033000946044922
val/next-item-mean-time-step: 31.16542625427246
val/next-item-rmse: 70.2965316772461
val/thinning_accepted: 47.252281188964844
