date: '2024-08-05 15:02:43'
test/T-mAP: 0.42023125290870667
test/horizon-mean-time-step: 10.840405464172363
test/loss: 4.519986152648926
test/loss_nhp: 4.519986152648926
test/mean-predicted-length: 11.0845308303833
test/mean-target-length: 21.358747482299805
test/next-item-accuracy: 0.5990098714828491
test/next-item-mae: 25.47068214416504
test/next-item-mean-time-step: 30.435895919799805
test/next-item-rmse: 68.81219482421875
test/optimal-transport-distance: 165.69032287597656
test/thinning_accepted: 47.68379592895508
val/T-mAP: 0.44630399346351624
val/horizon-mean-time-step: 11.4257230758667
val/loss: 4.55281400680542
val/loss_nhp: 4.55281400680542
val/mean-predicted-length: 11.008626937866211
val/mean-target-length: 20.682857513427734
val/next-item-accuracy: 0.6039839386940002
val/next-item-mae: 26.027536392211914
val/next-item-mean-time-step: 31.159687042236328
val/next-item-rmse: 70.28243255615234
val/optimal-transport-distance: 166.8614044189453
val/thinning_accepted: 47.247859954833984
