date: '2024-08-05 14:49:01'
test/detection-mAP: 0.4423718750476837
test/horizon-mean-time-step: 17.033193588256836
test/loss: 4.5729498863220215
test/loss_labels: 0.7707992196083069
test/loss_timestamps: 3.802150011062622
test/mean-predicted-length: 15.66372013092041
test/mean-target-length: 21.358747482299805
test/next-item-accuracy: 0.60028475522995
test/next-item-mae: 25.947383880615234
test/next-item-mean-time-step: 30.387958526611328
test/next-item-rmse: 68.5843505859375
test/optimal-transport-distance: 172.9047393798828
test/timestamps-bias-mean: -2.789085865020752
test/timestamps-current_influence: -0.004107289016246796
val/detection-mAP: 0.4704078137874603
val/horizon-mean-time-step: 17.641202926635742
val/loss: 4.604184150695801
val/loss_labels: 0.7679210305213928
val/loss_timestamps: 3.836263656616211
val/mean-predicted-length: 15.186046600341797
val/mean-target-length: 20.682857513427734
val/next-item-accuracy: 0.6042085886001587
val/next-item-mae: 26.475025177001953
val/next-item-mean-time-step: 31.111867904663086
val/next-item-rmse: 70.0837631225586
val/optimal-transport-distance: 173.9712677001953
val/timestamps-bias-mean: -2.8154983520507812
val/timestamps-current_influence: -0.004107289016246796
