date: '2024-08-06 10:54:38'
test/detection-mAP: 0.14026321470737457
test/horizon-mean-time-step: 10.017550468444824
test/loss: 4.572902679443359
test/loss_labels: 0.7707992196083069
test/loss_timestamps: 3.802102565765381
test/mean-predicted-length: 2.0
test/mean-target-length: 21.358747482299805
test/next-item-accuracy: 0.60028475522995
test/next-item-mae: 25.936845779418945
test/next-item-mean-time-step: 30.3857421875
test/next-item-rmse: 68.59385681152344
test/timestamps-bias-mean: -2.789085865020752
test/timestamps-current_influence: -0.004107289016246796
val/detection-mAP: 0.14563120901584625
val/horizon-mean-time-step: 10.430034637451172
val/loss: 4.604213237762451
val/loss_labels: 0.7679210305213928
val/loss_timestamps: 3.836291790008545
val/mean-predicted-length: 2.0
val/mean-target-length: 20.682857513427734
val/next-item-accuracy: 0.6042085886001587
val/next-item-mae: 26.471004486083984
val/next-item-mean-time-step: 31.113025665283203
val/next-item-rmse: 70.07723236083984
val/timestamps-bias-mean: -2.8154983520507812
val/timestamps-current_influence: -0.004107289016246796
