date: '2024-08-09 13:58:53'
test/T-mAP: 0.36590811610221863
test/horizon-mean-time-step: 12.08443546295166
test/loss: 4.56732702255249
test/loss_labels: 0.7725257873535156
test/loss_timestamps: 3.7948012351989746
test/mean-predicted-length: 7.797053337097168
test/mean-target-length: 21.358747482299805
test/next-item-accuracy: 0.5987306833267212
test/next-item-mae: 25.8596248626709
test/next-item-mean-time-step: 30.3610782623291
test/next-item-rmse: 68.64112854003906
test/timestamps-bias-mean: -2.764326333999634
test/timestamps-current_influence: -0.0022612400352954865
val/T-mAP: 0.38718417286872864
val/horizon-mean-time-step: 12.675931930541992
val/loss: 4.599747657775879
val/loss_labels: 0.7696518898010254
val/loss_timestamps: 3.830095052719116
val/mean-predicted-length: 7.791072845458984
val/mean-target-length: 20.682857513427734
val/next-item-accuracy: 0.6021773219108582
val/next-item-mae: 26.42567253112793
val/next-item-mean-time-step: 31.089174270629883
val/next-item-rmse: 70.12225341796875
val/timestamps-bias-mean: -2.792708158493042
val/timestamps-current_influence: -0.002261239569634199
