date: '2024-08-09 13:56:12'
test/T-mAP: 0.08865348249673843
test/horizon-mean-time-step: .nan
test/loss: 4.567672252655029
test/loss_labels: 0.7725257873535156
test/loss_timestamps: 3.7951462268829346
test/mean-predicted-length: 1.0
test/mean-target-length: 21.358747482299805
test/next-item-accuracy: 0.5987306833267212
test/next-item-mae: 25.872058868408203
test/next-item-mean-time-step: 30.365680694580078
test/next-item-rmse: 68.62840270996094
test/timestamps-bias-mean: -2.764326333999634
test/timestamps-current_influence: -0.0022612400352954865
val/T-mAP: 0.08896436542272568
val/horizon-mean-time-step: .nan
val/loss: 4.5999860763549805
val/loss_labels: 0.7696518898010254
val/loss_timestamps: 3.830334424972534
val/mean-predicted-length: 1.0
val/mean-target-length: 20.682857513427734
val/next-item-accuracy: 0.6021773219108582
val/next-item-mae: 26.408498764038086
val/next-item-mean-time-step: 31.088958740234375
val/next-item-rmse: 70.12152099609375
val/timestamps-bias-mean: -2.792708158493042
val/timestamps-current_influence: -0.002261239569634199
