date: '2024-06-05 20:10:18'
test/detection-mAP: 0.4956611692905426
test/horizon-mean-time-step: 14.19823932647705
test/loss: 4.420381546020508
test/loss_labels: 0.7699863910675049
test/loss_timestamps: 3.650395631790161
test/mean-predicted-length: 12.937384605407715
test/mean-target-length: 21.358747482299805
test/next-item-accuracy: 0.6011781096458435
test/next-item-mae: 18.537160873413086
test/next-item-mean-time-step: 22.40159797668457
test/next-item-rmse: 32.17251968383789
test/optimal-transport-distance: 169.77346801757812
test/timestamps-bias-mean: -2.6642658710479736
test/timestamps-current_influence: -0.0002078885881928727
val/detection-mAP: 0.5197992920875549
val/horizon-mean-time-step: 14.822946548461914
val/loss: 4.447049617767334
val/loss_labels: 0.7665687203407288
val/loss_timestamps: 3.68048095703125
val/mean-predicted-length: 12.636533737182617
val/mean-target-length: 20.682857513427734
val/next-item-accuracy: 0.6047140955924988
val/next-item-mae: 18.79167366027832
val/next-item-mean-time-step: 22.764921188354492
val/next-item-rmse: 32.37774658203125
val/optimal-transport-distance: 170.51956176757812
val/timestamps-bias-mean: -2.692113161087036
val/timestamps-current_influence: -0.00020788857364095747
