date: '2024-08-09 13:58:05'
test/T-mAP: 0.266287237405777
test/horizon-mean-time-step: 11.029752731323242
test/loss: 4.567353248596191
test/loss_labels: 0.7725257873535156
test/loss_timestamps: 3.794827699661255
test/mean-predicted-length: 4.995027542114258
test/mean-target-length: 21.358747482299805
test/next-item-accuracy: 0.5987306833267212
test/next-item-mae: 25.860225677490234
test/next-item-mean-time-step: 30.36115074157715
test/next-item-rmse: 68.65383911132812
test/timestamps-bias-mean: -2.764326333999634
test/timestamps-current_influence: -0.0022612400352954865
val/T-mAP: 0.2815283238887787
val/horizon-mean-time-step: 11.586297035217285
val/loss: 4.599809169769287
val/loss_labels: 0.7696518898010254
val/loss_timestamps: 3.830157518386841
val/mean-predicted-length: 4.996249198913574
val/mean-target-length: 20.682857513427734
val/next-item-accuracy: 0.6021773219108582
val/next-item-mae: 26.418075561523438
val/next-item-mean-time-step: 31.08136558532715
val/next-item-rmse: 70.13697814941406
val/timestamps-bias-mean: -2.792708158493042
val/timestamps-current_influence: -0.002261239569634199
