date: '2024-08-09 13:59:50'
test/T-mAP: 0.4593288004398346
test/horizon-mean-time-step: 13.667704582214355
test/loss: 4.567460060119629
test/loss_labels: 0.7725257873535156
test/loss_timestamps: 3.7949347496032715
test/mean-predicted-length: 10.65727424621582
test/mean-target-length: 21.358747482299805
test/next-item-accuracy: 0.5987306833267212
test/next-item-mae: 25.866037368774414
test/next-item-mean-time-step: 30.354700088500977
test/next-item-rmse: 68.65640258789062
test/optimal-transport-distance: 173.4303436279297
test/timestamps-bias-mean: -2.764326333999634
test/timestamps-current_influence: -0.0022612400352954865
val/T-mAP: 0.48330196738243103
val/horizon-mean-time-step: 14.316315650939941
val/loss: 4.599628448486328
val/loss_labels: 0.7696518898010254
val/loss_timestamps: 3.829977035522461
val/mean-predicted-length: 10.515753746032715
val/mean-target-length: 20.682857513427734
val/next-item-accuracy: 0.6021773219108582
val/next-item-mae: 26.418685913085938
val/next-item-mean-time-step: 31.08358383178711
val/next-item-rmse: 70.10604095458984
val/optimal-transport-distance: 174.26544189453125
val/timestamps-bias-mean: -2.792708158493042
val/timestamps-current_influence: -0.002261239569634199
