date: '2024-06-05 20:07:34'
test/detection-mAP: 0.13956017792224884
test/horizon-mean-time-step: 9.474997520446777
test/loss: 4.420381546020508
test/loss_labels: 0.7699863910675049
test/loss_timestamps: 3.650395631790161
test/mean-predicted-length: 2.0
test/mean-target-length: 21.358747482299805
test/next-item-accuracy: 0.6011781096458435
test/next-item-mae: 18.550649642944336
test/next-item-mean-time-step: 22.410043716430664
test/next-item-rmse: 32.18488311767578
test/timestamps-bias-mean: -2.6642658710479736
test/timestamps-current_influence: -0.0002078885881928727
val/detection-mAP: 0.14527539908885956
val/horizon-mean-time-step: 9.94287395477295
val/loss: 4.447049617767334
val/loss_labels: 0.7665687203407288
val/loss_timestamps: 3.68048095703125
val/mean-predicted-length: 2.0
val/mean-target-length: 20.682857513427734
val/next-item-accuracy: 0.6047140955924988
val/next-item-mae: 18.782224655151367
val/next-item-mean-time-step: 22.771100997924805
val/next-item-rmse: 32.37196731567383
val/timestamps-bias-mean: -2.692113161087036
val/timestamps-current_influence: -0.00020788857364095747
