date: '2024-08-05 14:49:36'
test/detection-mAP: 0.4322282075881958
test/horizon-mean-time-step: 19.87546730041504
test/loss: 4.573225498199463
test/loss_labels: 0.7707992196083069
test/loss_timestamps: 3.8024258613586426
test/mean-predicted-length: 15.97826862335205
test/mean-target-length: 21.358747482299805
test/next-item-accuracy: 0.60028475522995
test/next-item-mae: 25.92743492126465
test/next-item-mean-time-step: 30.378416061401367
test/next-item-rmse: 68.59579467773438
test/optimal-transport-distance: 172.9403076171875
test/timestamps-bias-mean: -2.789085865020752
test/timestamps-current_influence: -0.004107289016246796
val/detection-mAP: 0.45629143714904785
val/horizon-mean-time-step: 20.44265365600586
val/loss: 4.604167938232422
val/loss_labels: 0.7679210305213928
val/loss_timestamps: 3.836247444152832
val/mean-predicted-length: 15.477306365966797
val/mean-target-length: 20.682857513427734
val/next-item-accuracy: 0.6042085886001587
val/next-item-mae: 26.488216400146484
val/next-item-mean-time-step: 31.1048583984375
val/next-item-rmse: 70.07569122314453
val/optimal-transport-distance: 174.1233673095703
val/timestamps-bias-mean: -2.8154983520507812
val/timestamps-current_influence: -0.004107289016246796
