date: '2024-08-05 14:47:52'
test/detection-mAP: 0.3532595634460449
test/horizon-mean-time-step: 11.721556663513184
test/loss: 4.5731964111328125
test/loss_labels: 0.7707992196083069
test/loss_timestamps: 3.802395820617676
test/mean-predicted-length: 7.738674163818359
test/mean-target-length: 21.358747482299805
test/next-item-accuracy: 0.60028475522995
test/next-item-mae: 25.929107666015625
test/next-item-mean-time-step: 30.385547637939453
test/next-item-rmse: 68.59600067138672
test/timestamps-bias-mean: -2.789085865020752
test/timestamps-current_influence: -0.004107289016246796
val/detection-mAP: 0.37276580929756165
val/horizon-mean-time-step: 12.22736644744873
val/loss: 4.603993892669678
val/loss_labels: 0.7679210305213928
val/loss_timestamps: 3.836073637008667
val/mean-predicted-length: 7.732370376586914
val/mean-target-length: 20.682857513427734
val/next-item-accuracy: 0.6042085886001587
val/next-item-mae: 26.46590805053711
val/next-item-mean-time-step: 31.105066299438477
val/next-item-rmse: 70.06736755371094
val/timestamps-bias-mean: -2.8154983520507812
val/timestamps-current_influence: -0.004107289016246796
