date: '2024-08-09 13:56:47'
test/T-mAP: 0.14179198443889618
test/horizon-mean-time-step: 10.05617618560791
test/loss: 4.567489147186279
test/loss_labels: 0.7725257873535156
test/loss_timestamps: 3.7949633598327637
test/mean-predicted-length: 2.0
test/mean-target-length: 21.358747482299805
test/next-item-accuracy: 0.5987306833267212
test/next-item-mae: 25.865421295166016
test/next-item-mean-time-step: 30.36630630493164
test/next-item-rmse: 68.6252670288086
test/timestamps-bias-mean: -2.764326333999634
test/timestamps-current_influence: -0.0022612400352954865
val/T-mAP: 0.1459035575389862
val/horizon-mean-time-step: 10.550362586975098
val/loss: 4.599709987640381
val/loss_labels: 0.7696518898010254
val/loss_timestamps: 3.8300583362579346
val/mean-predicted-length: 2.0
val/mean-target-length: 20.682857513427734
val/next-item-accuracy: 0.6021773219108582
val/next-item-mae: 26.414777755737305
val/next-item-mean-time-step: 31.095441818237305
val/next-item-rmse: 70.12189483642578
val/timestamps-bias-mean: -2.792708158493042
val/timestamps-current_influence: -0.002261239569634199
