date: '2024-06-05 20:10:52'
test/detection-mAP: 0.47207024693489075
test/horizon-mean-time-step: 17.099943161010742
test/loss: 4.420381546020508
test/loss_labels: 0.7699863910675049
test/loss_timestamps: 3.650395631790161
test/mean-predicted-length: 15.045856475830078
test/mean-target-length: 21.358747482299805
test/next-item-accuracy: 0.6011781096458435
test/next-item-mae: 18.540504455566406
test/next-item-mean-time-step: 22.406185150146484
test/next-item-rmse: 32.15792465209961
test/optimal-transport-distance: 169.7854766845703
test/timestamps-bias-mean: -2.6642658710479736
test/timestamps-current_influence: -0.0002078885881928727
val/detection-mAP: 0.5029872059822083
val/horizon-mean-time-step: 17.66722297668457
val/loss: 4.447049617767334
val/loss_labels: 0.7665687203407288
val/loss_timestamps: 3.68048095703125
val/mean-predicted-length: 14.56432819366455
val/mean-target-length: 20.682857513427734
val/next-item-accuracy: 0.6047140955924988
val/next-item-mae: 18.785125732421875
val/next-item-mean-time-step: 22.768953323364258
val/next-item-rmse: 32.37245559692383
val/optimal-transport-distance: 170.59194946289062
val/timestamps-bias-mean: -2.692113161087036
val/timestamps-current_influence: -0.00020788857364095747
