date: '2024-08-09 14:03:28'
test/T-mAP: 0.45297154784202576
test/horizon-mean-time-step: 21.49332618713379
test/loss: 4.567320346832275
test/loss_labels: 0.7725257873535156
test/loss_timestamps: 3.794794797897339
test/mean-predicted-length: 14.571270942687988
test/mean-target-length: 21.358747482299805
test/next-item-accuracy: 0.5987306833267212
test/next-item-mae: 25.871631622314453
test/next-item-mean-time-step: 30.367918014526367
test/next-item-rmse: 68.64495849609375
test/optimal-transport-distance: 173.35165405273438
test/timestamps-bias-mean: -2.764326333999634
test/timestamps-current_influence: -0.0022612400352954865
val/T-mAP: 0.4829249083995819
val/horizon-mean-time-step: 22.032987594604492
val/loss: 4.599911689758301
val/loss_labels: 0.7696518898010254
val/loss_timestamps: 3.830258846282959
val/mean-predicted-length: 14.109527587890625
val/mean-target-length: 20.682857513427734
val/next-item-accuracy: 0.6021773219108582
val/next-item-mae: 26.415023803710938
val/next-item-mean-time-step: 31.088590621948242
val/next-item-rmse: 70.1129150390625
val/optimal-transport-distance: 174.5115966796875
val/timestamps-bias-mean: -2.792708158493042
val/timestamps-current_influence: -0.002261239569634199
