date: '2024-06-05 20:09:50'
test/detection-mAP: 0.44807589054107666
test/horizon-mean-time-step: 12.744119644165039
test/loss: 4.420381546020508
test/loss_labels: 0.7699863910675049
test/loss_timestamps: 3.650395631790161
test/mean-predicted-length: 10.81491756439209
test/mean-target-length: 21.358747482299805
test/next-item-accuracy: 0.6011781096458435
test/next-item-mae: 18.55156898498535
test/next-item-mean-time-step: 22.41192626953125
test/next-item-rmse: 32.18582534790039
test/optimal-transport-distance: 169.74383544921875
test/timestamps-bias-mean: -2.6642658710479736
test/timestamps-current_influence: -0.0002078885881928727
val/detection-mAP: 0.4719284474849701
val/horizon-mean-time-step: 13.355018615722656
val/loss: 4.447049617767334
val/loss_labels: 0.7665687203407288
val/loss_timestamps: 3.68048095703125
val/mean-predicted-length: 10.694110870361328
val/mean-target-length: 20.682857513427734
val/next-item-accuracy: 0.6047140955924988
val/next-item-mae: 18.778457641601562
val/next-item-mean-time-step: 22.773548126220703
val/next-item-rmse: 32.35014724731445
val/optimal-transport-distance: 170.53016662597656
val/timestamps-bias-mean: -2.692113161087036
val/timestamps-current_influence: -0.00020788857364095747
