date: '2024-06-05 20:11:27'
test/detection-mAP: 0.4525219202041626
test/horizon-mean-time-step: 19.765636444091797
test/loss: 4.420381546020508
test/loss_labels: 0.7699863910675049
test/loss_timestamps: 3.650395631790161
test/mean-predicted-length: 15.494107246398926
test/mean-target-length: 21.358747482299805
test/next-item-accuracy: 0.6011781096458435
test/next-item-mae: 18.543807983398438
test/next-item-mean-time-step: 22.406497955322266
test/next-item-rmse: 32.178768157958984
test/optimal-transport-distance: 169.96047973632812
test/timestamps-bias-mean: -2.6642658710479736
test/timestamps-current_influence: -0.0002078885881928727
val/detection-mAP: 0.4883580505847931
val/horizon-mean-time-step: 20.228059768676758
val/loss: 4.447049617767334
val/loss_labels: 0.7665687203407288
val/loss_timestamps: 3.68048095703125
val/mean-predicted-length: 15.04651165008545
val/mean-target-length: 20.682857513427734
val/next-item-accuracy: 0.6047140955924988
val/next-item-mae: 18.780763626098633
val/next-item-mean-time-step: 22.761465072631836
val/next-item-rmse: 32.36859130859375
val/optimal-transport-distance: 170.58779907226562
val/timestamps-bias-mean: -2.692113161087036
val/timestamps-current_influence: -0.00020788857364095747
