date: '2024-08-05 08:38:06'
test/detection-mAP: 0.4561345875263214
test/horizon-mean-time-step: 15.117376327514648
test/loss: 4.533259391784668
test/loss_labels: 0.7760983109474182
test/loss_timestamps: 3.7571611404418945
test/mean-predicted-length: 10.396869659423828
test/mean-target-length: 21.358747482299805
test/next-item-accuracy: 0.5988516807556152
test/next-item-mae: 26.78349494934082
test/next-item-mean-time-step: 30.302213668823242
test/next-item-rmse: 69.71949768066406
test/optimal-transport-distance: 185.10165405273438
test/timestamps-bias-mean: -2.866436719894409
test/timestamps-current_influence: -0.00819322094321251
val/detection-mAP: 0.4773753583431244
val/horizon-mean-time-step: 15.727829933166504
val/loss: 4.566812992095947
val/loss_labels: 0.7727711796760559
val/loss_timestamps: 3.7940409183502197
val/mean-predicted-length: 10.246249198913574
val/mean-target-length: 20.682857513427734
val/next-item-accuracy: 0.6010259389877319
val/next-item-mae: 27.310670852661133
val/next-item-mean-time-step: 31.027143478393555
val/next-item-rmse: 71.19694519042969
val/optimal-transport-distance: 185.78497314453125
val/timestamps-bias-mean: -2.8934075832366943
val/timestamps-current_influence: -0.00819322094321251
