date: '2024-08-09 13:57:25'
test/T-mAP: 0.22713758051395416
test/horizon-mean-time-step: 10.699891090393066
test/loss: 4.567406177520752
test/loss_labels: 0.7725257873535156
test/loss_timestamps: 3.7948806285858154
test/mean-predicted-length: 4.0
test/mean-target-length: 21.358747482299805
test/next-item-accuracy: 0.5987306833267212
test/next-item-mae: 25.865568161010742
test/next-item-mean-time-step: 30.36221694946289
test/next-item-rmse: 68.63053894042969
test/timestamps-bias-mean: -2.764326333999634
test/timestamps-current_influence: -0.0022612400352954865
val/T-mAP: 0.23948001861572266
val/horizon-mean-time-step: 11.17892074584961
val/loss: 4.599606990814209
val/loss_labels: 0.7696518898010254
val/loss_timestamps: 3.829955577850342
val/mean-predicted-length: 3.999812364578247
val/mean-target-length: 20.682857513427734
val/next-item-accuracy: 0.6021773219108582
val/next-item-mae: 26.409317016601562
val/next-item-mean-time-step: 31.086231231689453
val/next-item-rmse: 70.12297821044922
val/timestamps-bias-mean: -2.792708158493042
val/timestamps-current_influence: -0.002261239569634199
