date: '2024-06-05 20:09:07'
test/detection-mAP: 0.259595662355423
test/horizon-mean-time-step: 10.365187644958496
test/loss: 4.420381546020508
test/loss_labels: 0.7699863910675049
test/loss_timestamps: 3.650395631790161
test/mean-predicted-length: 4.998710632324219
test/mean-target-length: 21.358747482299805
test/next-item-accuracy: 0.6011781096458435
test/next-item-mae: 18.541715621948242
test/next-item-mean-time-step: 22.404306411743164
test/next-item-rmse: 32.17040252685547
test/timestamps-bias-mean: -2.6642658710479736
test/timestamps-current_influence: -0.0002078885881928727
val/detection-mAP: 0.2744518220424652
val/horizon-mean-time-step: 10.873672485351562
val/loss: 4.447049617767334
val/loss_labels: 0.7665687203407288
val/loss_timestamps: 3.68048095703125
val/mean-predicted-length: 4.999624729156494
val/mean-target-length: 20.682857513427734
val/next-item-accuracy: 0.6047140955924988
val/next-item-mae: 18.77075958251953
val/next-item-mean-time-step: 22.77739143371582
val/next-item-rmse: 32.35447692871094
val/timestamps-bias-mean: -2.692113161087036
val/timestamps-current_influence: -0.00020788857364095747
