date: '2024-08-09 14:02:09'
test/T-mAP: 0.46615076065063477
test/horizon-mean-time-step: 18.56540298461914
test/loss: 4.567470073699951
test/loss_labels: 0.7725257873535156
test/loss_timestamps: 3.794945240020752
test/mean-predicted-length: 14.328545570373535
test/mean-target-length: 21.358747482299805
test/next-item-accuracy: 0.5987306833267212
test/next-item-mae: 25.861574172973633
test/next-item-mean-time-step: 30.36301612854004
test/next-item-rmse: 68.6333236694336
test/optimal-transport-distance: 173.2155303955078
test/timestamps-bias-mean: -2.764326333999634
test/timestamps-current_influence: -0.0022612400352954865
val/T-mAP: 0.49715742468833923
val/horizon-mean-time-step: 19.240779876708984
val/loss: 4.5997467041015625
val/loss_labels: 0.7696518898010254
val/loss_timestamps: 3.830094575881958
val/mean-predicted-length: 13.831208229064941
val/mean-target-length: 20.682857513427734
val/next-item-accuracy: 0.6021773219108582
val/next-item-mae: 26.42849349975586
val/next-item-mean-time-step: 31.093936920166016
val/next-item-rmse: 70.13228607177734
val/optimal-transport-distance: 174.51571655273438
val/timestamps-bias-mean: -2.792708158493042
val/timestamps-current_influence: -0.002261239569634199
