date: '2024-06-05 20:07:50'
test/detection-mAP: 0.22292928397655487
test/horizon-mean-time-step: 10.077621459960938
test/loss: 4.420381546020508
test/loss_labels: 0.7699863910675049
test/loss_timestamps: 3.650395631790161
test/mean-predicted-length: 4.0
test/mean-target-length: 21.358747482299805
test/next-item-accuracy: 0.6011781096458435
test/next-item-mae: 18.5480899810791
test/next-item-mean-time-step: 22.40938949584961
test/next-item-rmse: 32.18096923828125
test/timestamps-bias-mean: -2.6642658710479736
test/timestamps-current_influence: -0.0002078885881928727
val/detection-mAP: 0.2341393083333969
val/horizon-mean-time-step: 10.573131561279297
val/loss: 4.447049617767334
val/loss_labels: 0.7665687203407288
val/loss_timestamps: 3.68048095703125
val/mean-predicted-length: 4.0
val/mean-target-length: 20.682857513427734
val/next-item-accuracy: 0.6047140955924988
val/next-item-mae: 18.784564971923828
val/next-item-mean-time-step: 22.76595687866211
val/next-item-rmse: 32.36689758300781
val/timestamps-bias-mean: -2.692113161087036
val/timestamps-current_influence: -0.00020788857364095747
