date: '2024-08-05 14:48:11'
test/detection-mAP: 0.43823811411857605
test/horizon-mean-time-step: 12.960566520690918
test/loss: 4.572988986968994
test/loss_labels: 0.7707992196083069
test/loss_timestamps: 3.8021907806396484
test/mean-predicted-length: 10.7123384475708
test/mean-target-length: 21.358747482299805
test/next-item-accuracy: 0.60028475522995
test/next-item-mae: 25.93776512145996
test/next-item-mean-time-step: 30.37702751159668
test/next-item-rmse: 68.62433624267578
test/optimal-transport-distance: 173.04559326171875
test/timestamps-bias-mean: -2.789085865020752
test/timestamps-current_influence: -0.004107289016246796
val/detection-mAP: 0.46194732189178467
val/horizon-mean-time-step: 13.481497764587402
val/loss: 4.604182243347168
val/loss_labels: 0.7679210305213928
val/loss_timestamps: 3.836261034011841
val/mean-predicted-length: 10.615715980529785
val/mean-target-length: 20.682857513427734
val/next-item-accuracy: 0.6042085886001587
val/next-item-mae: 26.471073150634766
val/next-item-mean-time-step: 31.10578155517578
val/next-item-rmse: 70.0670394897461
val/optimal-transport-distance: 174.0237274169922
val/timestamps-bias-mean: -2.8154983520507812
val/timestamps-current_influence: -0.004107289016246796
