date: '2026-02-03 23:12:50'
test/T-mAP: 0.12627364695072174
test/T-mAP-weighted: 0.43161270022392273
test/horizon-max-f-score: 0.1834968626499176
test/horizon-max-f-score-weighted: 0.4789752662181854
test/horizon-mean-time-step: 0.5159292817115784
test/loss: 2.4794270992279053
test/loss_labels: 1.8062357902526855
test/loss_timestamps: 0.6731913089752197
test/mean-predicted-length: 19.145055770874023
test/mean-target-length: 15.583646774291992
test/next-item-accuracy: 0.4142515957355499
test/next-item-mae: 0.6715299487113953
test/next-item-map: 0.10440528392791748
test/next-item-map-weighted: 0.32309606671333313
test/next-item-max-f-score: 0.16039660573005676
test/next-item-max-f-score-weighted: 0.42248761653900146
test/next-item-mean-time-step: 0.8937554955482483
test/next-item-rmse: 1.0794060230255127
test/next-k-label-distribution-delta: 9.427301406860352
test/optimal-transport-distance: 13.386634826660156
test/sequence-labels-entropy: 0.45593518018722534
test/target-sequence-labels-entropy: 1.4227652549743652
val/T-mAP: 0.1316961795091629
val/T-mAP-weighted: 0.43577760457992554
val/horizon-max-f-score: 0.19277611374855042
val/horizon-max-f-score-weighted: 0.4827883243560791
val/horizon-mean-time-step: 0.5181432962417603
val/loss: 2.441419839859009
val/loss_labels: 1.7516837120056152
val/loss_timestamps: 0.6897362470626831
val/mean-predicted-length: 19.21523094177246
val/mean-target-length: 15.263496398925781
val/next-item-accuracy: 0.431319922208786
val/next-item-mae: 0.6859570145606995
val/next-item-map: 0.10402509570121765
val/next-item-map-weighted: 0.3382072448730469
val/next-item-max-f-score: 0.15840160846710205
val/next-item-max-f-score-weighted: 0.43770620226860046
val/next-item-mean-time-step: 0.9199746251106262
val/next-item-rmse: 1.1081925630569458
val/next-k-label-distribution-delta: 9.188416481018066
val/optimal-transport-distance: 13.188765525817871
val/sequence-labels-entropy: 0.4179934859275818
val/target-sequence-labels-entropy: 1.385812759399414
