date: '2026-02-21 16:44:43'
test/T-mAP: 0.11740627884864807
test/T-mAP-weighted: 0.4077581465244293
test/horizon-max-f-score: 0.1809302270412445
test/horizon-max-f-score-weighted: 0.46853819489479065
test/horizon-mean-time-step: 0.41361209750175476
test/loss: 2.74379563331604
test/loss_labels: 2.0481910705566406
test/loss_timestamps: 0.6956048607826233
test/mean-predicted-length: 22.502565383911133
test/mean-target-length: 15.583646774291992
test/next-item-accuracy: 0.3956608176231384
test/next-item-mae: 0.6937316656112671
test/next-item-map: 0.09407806396484375
test/next-item-map-weighted: 0.3092513382434845
test/next-item-max-f-score: 0.15028664469718933
test/next-item-max-f-score-weighted: 0.41605883836746216
test/next-item-mean-time-step: 0.9076950550079346
test/next-item-rmse: 1.1059787273406982
test/next-k-label-distribution-delta: 9.023606300354004
test/optimal-transport-distance: 13.602100372314453
test/sequence-labels-entropy: 0.5841041803359985
test/target-sequence-labels-entropy: 1.4227652549743652
val/T-mAP: 0.12737660109996796
val/T-mAP-weighted: 0.41454634070396423
val/horizon-max-f-score: 0.19009162485599518
val/horizon-max-f-score-weighted: 0.47857123613357544
val/horizon-mean-time-step: 0.41865959763526917
val/loss: 2.6866073608398438
val/loss_labels: 1.9779002666473389
val/loss_timestamps: 0.7087072730064392
val/mean-predicted-length: 22.352519989013672
val/mean-target-length: 15.263496398925781
val/next-item-accuracy: 0.4094773232936859
val/next-item-mae: 0.7049089074134827
val/next-item-map: 0.09725138545036316
val/next-item-map-weighted: 0.32500606775283813
val/next-item-max-f-score: 0.154535174369812
val/next-item-max-f-score-weighted: 0.43119609355926514
val/next-item-mean-time-step: 0.9341100454330444
val/next-item-rmse: 1.1298171281814575
val/next-k-label-distribution-delta: 8.726492881774902
val/optimal-transport-distance: 13.514639854431152
val/sequence-labels-entropy: 0.5652963519096375
val/target-sequence-labels-entropy: 1.385812759399414
