date: '2024-11-25 17:23:35'
test/T-mAP: 0.4106189012527466
test/T-mAP-micro: 0.4106189012527466
test/horizon-max-accuracy-micro: 0.5646206140518188
test/horizon-mean-time-step: 0.022900570183992386
test/loss: 0.0
test/mean-predicted-length: 32.0
test/mean-target-length: 30.32653045654297
test/next-item-accuracy: 1.0
test/next-item-mae: 0.07066880911588669
test/next-item-map: 1.0
test/next-item-map-micro: 1.0
test/next-item-max-accuracy: 1.0
test/next-item-mean-time-step: 0.04182785004377365
test/next-item-rmse: 0.19949355721473694
test/next-k-label-distribution-delta: 0.0
test/optimal-transport-distance: 0.3677237033843994
test/sequence-labels-entropy: 0.0
val/T-mAP: 0.4106189012527466
val/T-mAP-micro: 0.4106189012527466
val/horizon-max-accuracy-micro: 0.5646206140518188
val/horizon-mean-time-step: 0.022900570183992386
val/loss: 0.0
val/mean-predicted-length: 32.0
val/mean-target-length: 30.32653045654297
val/next-item-accuracy: 1.0
val/next-item-mae: 0.07066880911588669
val/next-item-map: 1.0
val/next-item-map-micro: 1.0
val/next-item-max-accuracy: 1.0
val/next-item-mean-time-step: 0.04182785004377365
val/next-item-rmse: 0.19949355721473694
val/next-k-label-distribution-delta: 0.0
val/optimal-transport-distance: 0.3677237033843994
val/sequence-labels-entropy: 0.0
