date: '2024-11-25 17:23:19'
test/T-mAP: 0.11023756861686707
test/T-mAP-micro: 0.11023756861686707
test/horizon-max-accuracy-micro: 0.40406152606010437
test/horizon-mean-time-step: 0.0
test/loss: 0.0
test/mean-predicted-length: 32.0
test/mean-target-length: 30.32653045654297
test/next-item-accuracy: 1.0
test/next-item-mae: 0.04040404036641121
test/next-item-map: 1.0
test/next-item-map-micro: 1.0
test/next-item-max-accuracy: 1.0
test/next-item-mean-time-step: 0.040816325694322586
test/next-item-rmse: 0.20100755989551544
test/next-k-label-distribution-delta: 0.0
test/optimal-transport-distance: 0.2448979616165161
test/sequence-labels-entropy: 0.0
val/T-mAP: 0.11023756861686707
val/T-mAP-micro: 0.11023756861686707
val/horizon-max-accuracy-micro: 0.40406152606010437
val/horizon-mean-time-step: 0.0
val/loss: 0.0
val/mean-predicted-length: 32.0
val/mean-target-length: 30.32653045654297
val/next-item-accuracy: 1.0
val/next-item-mae: 0.04040404036641121
val/next-item-map: 1.0
val/next-item-map-micro: 1.0
val/next-item-max-accuracy: 1.0
val/next-item-mean-time-step: 0.040816325694322586
val/next-item-rmse: 0.20100755989551544
val/next-k-label-distribution-delta: 0.0
val/optimal-transport-distance: 0.2448979616165161
val/sequence-labels-entropy: 0.0
