date: '2025-12-14 06:03:12'
test/T-mAP: 0.1207360029220581
test/T-mAP-weighted: 0.36685940623283386
test/horizon-max-f-score: 0.18407006561756134
test/horizon-max-f-score-weighted: 0.43033766746520996
test/horizon-mean-time-step: 0.4629424214363098
test/loss: 2.4734623432159424
test/loss_labels: 1.798471212387085
test/loss_timestamps: 0.6749911308288574
test/mean-predicted-length: 20.529592514038086
test/mean-target-length: 15.583646774291992
test/next-item-accuracy: 0.41464969515800476
test/next-item-mae: 0.6734547019004822
test/next-item-map: 0.10734183341264725
test/next-item-map-weighted: 0.3199465870857239
test/next-item-max-f-score: 0.1653781533241272
test/next-item-max-f-score-weighted: 0.4263409972190857
test/next-item-mean-time-step: 0.8978784084320068
test/next-item-rmse: 1.0771671533584595
test/next-k-label-distribution-delta: 9.42182731628418
test/optimal-transport-distance: 13.286338806152344
test/sequence-labels-entropy: 0.4417044222354889
test/target-sequence-labels-entropy: 1.4227653741836548
val/T-mAP: 0.13010825216770172
val/T-mAP-weighted: 0.3759596049785614
val/horizon-max-f-score: 0.1975111961364746
val/horizon-max-f-score-weighted: 0.4365527927875519
val/horizon-mean-time-step: 0.4638174772262573
val/loss: 2.4253153800964355
val/loss_labels: 1.7408852577209473
val/loss_timestamps: 0.6844301819801331
val/mean-predicted-length: 20.708974838256836
val/mean-target-length: 15.263496398925781
val/next-item-accuracy: 0.43672969937324524
val/next-item-mae: 0.6810262799263
val/next-item-map: 0.10967422276735306
val/next-item-map-weighted: 0.33836835622787476
val/next-item-max-f-score: 0.16859392821788788
val/next-item-max-f-score-weighted: 0.44096553325653076
val/next-item-mean-time-step: 0.9232649207115173
val/next-item-rmse: 1.09600031375885
val/next-k-label-distribution-delta: 9.135501861572266
val/optimal-transport-distance: 13.164588928222656
val/sequence-labels-entropy: 0.40079089999198914
val/target-sequence-labels-entropy: 1.3858129978179932
