date: '2026-02-21 15:52:31'
test/T-mAP: 0.12067205458879471
test/T-mAP-weighted: 0.3963566720485687
test/horizon-max-f-score: 0.18739797174930573
test/horizon-max-f-score-weighted: 0.46331411600112915
test/horizon-mean-time-step: 0.5526548027992249
test/loss: 3.5206775665283203
test/loss_labels: 2.7832658290863037
test/loss_timestamps: 0.7374117374420166
test/mean-predicted-length: 18.49298667907715
test/mean-target-length: 15.583646774291992
test/next-item-accuracy: 0.3456210196018219
test/next-item-mae: 0.7333692312240601
test/next-item-map: 0.08485175669193268
test/next-item-map-weighted: 0.28608688712120056
test/next-item-max-f-score: 0.14054805040359497
test/next-item-max-f-score-weighted: 0.39945006370544434
test/next-item-mean-time-step: 0.945746660232544
test/next-item-rmse: 1.1485521793365479
test/next-k-label-distribution-delta: 8.08963394165039
test/optimal-transport-distance: 13.495203018188477
test/sequence-labels-entropy: 0.9831564426422119
test/target-sequence-labels-entropy: 1.4227652549743652
val/T-mAP: 0.1290189027786255
val/T-mAP-weighted: 0.407927930355072
val/horizon-max-f-score: 0.1965855062007904
val/horizon-max-f-score-weighted: 0.47081196308135986
val/horizon-mean-time-step: 0.5474932193756104
val/loss: 3.410776376724243
val/loss_labels: 2.6638195514678955
val/loss_timestamps: 0.7469562292098999
val/mean-predicted-length: 18.571327209472656
val/mean-target-length: 15.263496398925781
val/next-item-accuracy: 0.36331096291542053
val/next-item-mae: 0.740975558757782
val/next-item-map: 0.08798720687627792
val/next-item-map-weighted: 0.3052090108394623
val/next-item-max-f-score: 0.15043120086193085
val/next-item-max-f-score-weighted: 0.4156929552555084
val/next-item-mean-time-step: 0.9697875380516052
val/next-item-rmse: 1.161765456199646
val/next-k-label-distribution-delta: 7.813371181488037
val/optimal-transport-distance: 13.386027336120605
val/sequence-labels-entropy: 0.9220309853553772
val/target-sequence-labels-entropy: 1.385812759399414
