date: '2025-12-13 18:24:44'
test/T-mAP: 0.12534435093402863
test/T-mAP-weighted: 0.3705443739891052
test/horizon-max-f-score: 0.1931285262107849
test/horizon-max-f-score-weighted: 0.4383326768875122
test/horizon-mean-time-step: 0.48036032915115356
test/loss: 2.464890956878662
test/loss_labels: 1.7907840013504028
test/loss_timestamps: 0.6741069555282593
test/mean-predicted-length: 20.087923049926758
test/mean-target-length: 15.583646774291992
test/next-item-accuracy: 0.4181528687477112
test/next-item-mae: 0.6725070476531982
test/next-item-map: 0.10706741362810135
test/next-item-map-weighted: 0.3214610517024994
test/next-item-max-f-score: 0.16540028154850006
test/next-item-max-f-score-weighted: 0.42589884996414185
test/next-item-mean-time-step: 0.8965603113174438
test/next-item-rmse: 1.0795931816101074
test/next-k-label-distribution-delta: 9.4471435546875
test/optimal-transport-distance: 13.264139175415039
test/sequence-labels-entropy: 0.39577212929725647
test/target-sequence-labels-entropy: 1.4227653741836548
val/T-mAP: 0.13378110527992249
val/T-mAP-weighted: 0.3799593150615692
val/horizon-max-f-score: 0.19655518233776093
val/horizon-max-f-score-weighted: 0.44226229190826416
val/horizon-mean-time-step: 0.485041081905365
val/loss: 2.424419403076172
val/loss_labels: 1.7385365962982178
val/loss_timestamps: 0.6858827471733093
val/mean-predicted-length: 19.990703582763672
val/mean-target-length: 15.263496398925781
val/next-item-accuracy: 0.4347366392612457
val/next-item-mae: 0.6824859976768494
val/next-item-map: 0.108328677713871
val/next-item-map-weighted: 0.33504360914230347
val/next-item-max-f-score: 0.1699097603559494
val/next-item-max-f-score-weighted: 0.4409259259700775
val/next-item-mean-time-step: 0.9225685596466064
val/next-item-rmse: 1.098706841468811
val/next-k-label-distribution-delta: 9.166964530944824
val/optimal-transport-distance: 13.13276481628418
val/sequence-labels-entropy: 0.35895535349845886
val/target-sequence-labels-entropy: 1.3858129978179932
