date: '2024-10-01 09:56:33'
test/T-mAP: 0.17752127349376678
test/T-mAP-micro: 0.4635751247406006
test/horizon-mean-time-step: 0.41129449009895325
test/loss: 2.676178216934204
test/loss__presence: 0.11096212267875671
test/loss_labels: 1.3409919738769531
test/loss_timestamps: 1.2242239713668823
test/match_cost_mean: -10.570788383483887
test/match_cost_std: 7.874007701873779
test/max_cost: 62.00709533691406
test/mean-predicted-length: 7.79575777053833
test/mean-target-length: 15.583646774291992
test/next-item-accuracy: 0.44789013266563416
test/next-item-mae: 0.6696000695228577
test/next-item-map: 0.12532535195350647
test/next-item-map-micro: 0.36373260617256165
test/next-item-mean-time-step: 0.8792466521263123
test/next-item-rmse: 1.0856752395629883
test/next-k-label-distribution-delta: 6.488539218902588
test/optimal-transport-distance: 12.327878952026367
test/prediction_match_rate: 0.453963965177536
test/sequence-labels-entropy: 0.8271806240081787
test/target_match_rate: 1.0
val/T-mAP: 0.18098822236061096
val/T-mAP-micro: 0.4653536379337311
val/horizon-mean-time-step: 0.41325414180755615
val/loss: 2.628994941711426
val/loss__presence: 0.11990692466497421
val/loss_labels: 1.2964658737182617
val/loss_timestamps: 1.2126219272613525
val/match_cost_mean: -10.25001049041748
val/match_cost_std: 7.762307643890381
val/max_cost: 62.96489334106445
val/mean-predicted-length: 7.823739528656006
val/mean-target-length: 15.263496398925781
val/next-item-accuracy: 0.4670734107494354
val/next-item-mae: 0.679578423500061
val/next-item-map: 0.12736693024635315
val/next-item-map-micro: 0.3783624470233917
val/next-item-mean-time-step: 0.9082308411598206
val/next-item-rmse: 1.1103540658950806
val/next-k-label-distribution-delta: 6.148730754852295
val/optimal-transport-distance: 12.188711166381836
val/prediction_match_rate: 0.44846996665000916
val/sequence-labels-entropy: 0.8191230893135071
val/target_match_rate: 1.0
