date: '2024-10-01 10:14:55'
test/T-mAP: 0.21871714293956757
test/T-mAP-micro: 0.6372041702270508
test/horizon-mean-time-step: 0.07686663419008255
test/loss: 2.00631046295166
test/loss__presence: 0.07866856455802917
test/loss_labels: 1.233443021774292
test/loss_timestamps: 0.6941989660263062
test/match_cost_mean: -5.130556106567383
test/match_cost_std: 9.132558822631836
test/max_cost: 70.7424087524414
test/mean-predicted-length: 18.653095245361328
test/mean-target-length: 15.583646774291992
test/next-item-accuracy: 0.44701433181762695
test/next-item-mae: 0.6625586748123169
test/next-item-map: 0.1209050714969635
test/next-item-map-micro: 0.36020922660827637
test/next-item-mean-time-step: 0.8795260787010193
test/next-item-rmse: 1.0663187503814697
test/next-k-label-distribution-delta: 6.536435127258301
test/optimal-transport-distance: 12.163469314575195
test/prediction_match_rate: 0.10025975853204727
test/sequence-labels-entropy: 0.7964708209037781
test/target_match_rate: 1.0
val/T-mAP: 0.24098071455955505
val/T-mAP-micro: 0.6645256280899048
val/horizon-mean-time-step: 0.07676486670970917
val/loss: 1.9900758266448975
val/loss__presence: 0.07408204674720764
val/loss_labels: 1.2044695615768433
val/loss_timestamps: 0.711524248123169
val/match_cost_mean: -5.236581802368164
val/match_cost_std: 8.808473587036133
val/max_cost: 69.74559020996094
val/mean-predicted-length: 17.430818557739258
val/mean-target-length: 15.263496398925781
val/next-item-accuracy: 0.46654462814331055
val/next-item-mae: 0.6728319525718689
val/next-item-map: 0.12523211538791656
val/next-item-map-micro: 0.375975638628006
val/next-item-mean-time-step: 0.9080172777175903
val/next-item-rmse: 1.0910327434539795
val/next-k-label-distribution-delta: 6.27386474609375
val/optimal-transport-distance: 12.066670417785645
val/prediction_match_rate: 0.09415233135223389
val/sequence-labels-entropy: 0.7922841310501099
val/target_match_rate: 1.0
