date: '2024-10-01 09:58:10'
test/T-mAP: 0.2254338413476944
test/T-mAP-micro: 0.6148909330368042
test/horizon-mean-time-step: 0.29437997937202454
test/loss: 2.36653995513916
test/loss__presence: 0.18237434327602386
test/loss_labels: 1.2686514854431152
test/loss_timestamps: 0.915514349937439
test/match_cost_mean: -7.588726997375488
test/match_cost_std: 8.96532154083252
test/max_cost: 66.63031768798828
test/mean-predicted-length: 12.124529838562012
test/mean-target-length: 15.583646774291992
test/next-item-accuracy: 0.448487251996994
test/next-item-mae: 0.6579499840736389
test/next-item-map: 0.12253689020872116
test/next-item-map-micro: 0.3605805039405823
test/next-item-mean-time-step: 0.8799020648002625
test/next-item-rmse: 1.07199227809906
test/next-k-label-distribution-delta: 6.594594955444336
test/optimal-transport-distance: 12.104255676269531
test/prediction_match_rate: 0.3381994664669037
test/sequence-labels-entropy: 0.775047779083252
test/target_match_rate: 1.0
val/T-mAP: 0.22776183485984802
val/T-mAP-micro: 0.618831217288971
val/horizon-mean-time-step: 0.2961101531982422
val/loss: 2.3269455432891846
val/loss__presence: 0.1841585487127304
val/loss_labels: 1.2272520065307617
val/loss_timestamps: 0.9155350923538208
val/match_cost_mean: -7.380117416381836
val/match_cost_std: 8.829056739807129
val/max_cost: 65.98381042480469
val/mean-predicted-length: 12.124419212341309
val/mean-target-length: 15.263496398925781
val/next-item-accuracy: 0.4664632976055145
val/next-item-mae: 0.6666573882102966
val/next-item-map: 0.1261376589536667
val/next-item-map-micro: 0.3757523000240326
val/next-item-mean-time-step: 0.9077610373497009
val/next-item-rmse: 1.089492678642273
val/next-k-label-distribution-delta: 6.388988018035889
val/optimal-transport-distance: 11.985066413879395
val/prediction_match_rate: 0.3289976418018341
val/sequence-labels-entropy: 0.7612373232841492
val/target_match_rate: 1.0
