date: '2024-10-01 10:03:15'
test/T-mAP: 0.22459746897220612
test/T-mAP-micro: 0.6558084487915039
test/horizon-mean-time-step: 0.1524687260389328
test/loss: 2.1220264434814453
test/loss__presence: 0.14063161611557007
test/loss_labels: 1.2366844415664673
test/loss_timestamps: 0.7447105050086975
test/match_cost_mean: -5.947378635406494
test/match_cost_std: 9.56466293334961
test/max_cost: 65.67989349365234
test/mean-predicted-length: 15.216558456420898
test/mean-target-length: 15.583646774291992
test/next-item-accuracy: 0.4479697346687317
test/next-item-mae: 0.6581020355224609
test/next-item-map: 0.12378881126642227
test/next-item-map-micro: 0.3598613739013672
test/next-item-mean-time-step: 0.8743540644645691
test/next-item-rmse: 1.0790225267410278
test/next-k-label-distribution-delta: 6.598015785217285
test/optimal-transport-distance: 12.091632843017578
test/prediction_match_rate: 0.19530466198921204
test/sequence-labels-entropy: 0.7618135809898376
test/target_match_rate: 1.0
val/T-mAP: 0.23711276054382324
val/T-mAP-micro: 0.6663019061088562
val/horizon-mean-time-step: 0.15264467895030975
val/loss: 2.0804548263549805
val/loss__presence: 0.13852088153362274
val/loss_labels: 1.1990952491760254
val/loss_timestamps: 0.7428385615348816
val/match_cost_mean: -5.849778175354004
val/match_cost_std: 9.400362968444824
val/max_cost: 65.5803451538086
val/mean-predicted-length: 14.988202095031738
val/mean-target-length: 15.263496398925781
val/next-item-accuracy: 0.4669514000415802
val/next-item-mae: 0.672309935092926
val/next-item-map: 0.12707985937595367
val/next-item-map-micro: 0.37634792923927307
val/next-item-mean-time-step: 0.9038957357406616
val/next-item-rmse: 1.1063593626022339
val/next-k-label-distribution-delta: 6.220235824584961
val/optimal-transport-distance: 11.897659301757812
val/prediction_match_rate: 0.18754538893699646
val/sequence-labels-entropy: 0.7669960260391235
val/target_match_rate: 1.0
