date: '2024-10-01 10:00:22'
test/T-mAP: 0.2309131771326065
test/T-mAP-micro: 0.6583284139633179
test/horizon-mean-time-step: 0.20141538977622986
test/loss: 2.2060697078704834
test/loss__presence: 0.16725070774555206
test/loss_labels: 1.2524067163467407
test/loss_timestamps: 0.7864121198654175
test/match_cost_mean: -6.481856346130371
test/match_cost_std: 9.584328651428223
test/max_cost: 67.45780181884766
test/mean-predicted-length: 13.903865814208984
test/mean-target-length: 15.583646774291992
test/next-item-accuracy: 0.448487251996994
test/next-item-mae: 0.6657344698905945
test/next-item-map: 0.12391919642686844
test/next-item-map-micro: 0.35955098271369934
test/next-item-mean-time-step: 0.8782763481140137
test/next-item-rmse: 1.0674433708190918
test/next-k-label-distribution-delta: 6.7177557945251465
test/optimal-transport-distance: 12.135552406311035
test/prediction_match_rate: 0.2505238354206085
test/sequence-labels-entropy: 0.7413067817687988
test/target_match_rate: 1.0
val/T-mAP: 0.24192170798778534
val/T-mAP-micro: 0.6638807058334351
val/horizon-mean-time-step: 0.20246122777462006
val/loss: 2.167581796646118
val/loss__presence: 0.16623277962207794
val/loss_labels: 1.2141423225402832
val/loss_timestamps: 0.7872066497802734
val/match_cost_mean: -6.308548927307129
val/match_cost_std: 9.425395011901855
val/max_cost: 66.94576263427734
val/mean-predicted-length: 13.865570068359375
val/mean-target-length: 15.263496398925781
val/next-item-accuracy: 0.46520236134529114
val/next-item-mae: 0.6733441352844238
val/next-item-map: 0.1279398798942566
val/next-item-map-micro: 0.37404802441596985
val/next-item-mean-time-step: 0.905890703201294
val/next-item-rmse: 1.0878950357437134
val/next-k-label-distribution-delta: 6.464783668518066
val/optimal-transport-distance: 12.029314041137695
val/prediction_match_rate: 0.24215885996818542
val/sequence-labels-entropy: 0.7292937636375427
val/target_match_rate: 1.0
