date: '2024-10-01 10:07:58'
test/T-mAP: 0.21980255842208862
test/T-mAP-micro: 0.6362298130989075
test/horizon-mean-time-step: 0.10254780948162079
test/loss: 2.040426015853882
test/loss__presence: 0.10281958431005478
test/loss_labels: 1.2302935123443604
test/loss_timestamps: 0.7073130011558533
test/match_cost_mean: -5.480684757232666
test/match_cost_std: 9.474020957946777
test/max_cost: 70.31143951416016
test/mean-predicted-length: 17.034212112426758
test/mean-target-length: 15.583646774291992
test/next-item-accuracy: 0.44880571961402893
test/next-item-mae: 0.65653395652771
test/next-item-map: 0.12511515617370605
test/next-item-map-micro: 0.3619678020477295
test/next-item-mean-time-step: 0.8762370347976685
test/next-item-rmse: 1.087504506111145
test/next-k-label-distribution-delta: 6.60006856918335
test/optimal-transport-distance: 12.176497459411621
test/prediction_match_rate: 0.13313508033752441
test/sequence-labels-entropy: 0.7671080231666565
test/target_match_rate: 1.0
val/T-mAP: 0.2446053922176361
val/T-mAP-micro: 0.6593712568283081
val/horizon-mean-time-step: 0.102566659450531
val/loss: 2.0218124389648438
val/loss__presence: 0.09777893871068954
val/loss_labels: 1.2071529626846313
val/loss_timestamps: 0.7168805599212646
val/match_cost_mean: -5.627049922943115
val/match_cost_std: 9.251246452331543
val/max_cost: 70.88887786865234
val/mean-predicted-length: 16.430461883544922
val/mean-target-length: 15.263496398925781
val/next-item-accuracy: 0.466910719871521
val/next-item-mae: 0.6689243912696838
val/next-item-map: 0.1276513934135437
val/next-item-map-micro: 0.3763344883918762
val/next-item-mean-time-step: 0.9058108329772949
val/next-item-rmse: 1.1136670112609863
val/next-k-label-distribution-delta: 6.250983238220215
val/optimal-transport-distance: 12.019535064697266
val/prediction_match_rate: 0.12554685771465302
val/sequence-labels-entropy: 0.760828971862793
val/target_match_rate: 1.0
