date: '2026-02-01 13:06:10'
test/T-mAP: 0.24201129376888275
test/T-mAP-weighted: 0.43118298053741455
test/horizon-max-f-score: 0.3022947311401367
test/horizon-max-f-score-weighted: 0.4631553590297699
test/horizon-mean-time-step: 0.7245826721191406
test/loss: 2.8256423473358154
test/loss_labels: 2.5783231258392334
test/loss_timestamps: 0.24731895327568054
test/mean-predicted-length: 13.804085731506348
test/mean-target-length: 19.20047378540039
test/next-item-accuracy: 0.2964668273925781
test/next-item-mae: 0.24670787155628204
test/next-item-map: 0.11342646926641464
test/next-item-map-weighted: 0.22364147007465363
test/next-item-max-f-score: 0.1775490641593933
test/next-item-max-f-score-weighted: 0.30315712094306946
test/next-item-mean-time-step: 0.5308206081390381
test/next-item-rmse: 0.37898457050323486
test/next-k-label-distribution-delta: 5.743524551391602
test/optimal-transport-distance: 6.639512062072754
test/sequence-labels-entropy: 0.5524185299873352
test/target-sequence-labels-entropy: 1.075952172279358
val/T-mAP: 0.24451130628585815
val/T-mAP-weighted: 0.42223086953163147
val/horizon-max-f-score: 0.30508866906166077
val/horizon-max-f-score-weighted: 0.45782995223999023
val/horizon-mean-time-step: 0.7263364195823669
val/loss: 2.880223035812378
val/loss_labels: 2.6307485103607178
val/loss_timestamps: 0.24947449564933777
val/mean-predicted-length: 13.742465019226074
val/mean-target-length: 19.335750579833984
val/next-item-accuracy: 0.28951066732406616
val/next-item-mae: 0.2487851083278656
val/next-item-map: 0.11364758014678955
val/next-item-map-weighted: 0.21779179573059082
val/next-item-max-f-score: 0.17999345064163208
val/next-item-max-f-score-weighted: 0.299031138420105
val/next-item-mean-time-step: 0.52609783411026
val/next-item-rmse: 0.37986671924591064
val/next-k-label-distribution-delta: 5.773368835449219
val/optimal-transport-distance: 6.664722442626953
val/sequence-labels-entropy: 0.5387467741966248
val/target-sequence-labels-entropy: 1.059090495109558
