date: '2025-02-24 09:52:06'
test/T-mAP: 0.18097540736198425
test/T-mAP-weighted: 0.29153111577033997
test/horizon-max-f-score: 0.3674655258655548
test/horizon-max-f-score-weighted: 0.547995924949646
test/horizon-mean-time-step: 0.7368229031562805
test/loss: 2.4705684185028076
test/loss_decoder_labels: 2.0304195880889893
test/loss_decoder_timestamps: 0.24306078255176544
test/loss_diffusion: 0.19708800315856934
test/loss_embedder_regularizer: 3.883795507420018e-09
test/mean-predicted-length: 5.0
test/mean-target-length: 19.20047378540039
test/next-item-accuracy: 0.3234911561012268
test/next-item-mae: 0.2465268075466156
test/next-item-map: 0.14231464266777039
test/next-item-map-weighted: 0.26051732897758484
test/next-item-max-f-score: 0.19838833808898926
test/next-item-max-f-score-weighted: 0.3190855383872986
test/next-item-mean-time-step: 0.5166496634483337
test/next-item-rmse: 0.3998566269874573
test/next-k-label-distribution-delta: 5.540314197540283
test/optimal-transport-distance: 6.447739601135254
test/sequence-labels-entropy: 0.46201860904693604
val/T-mAP: 0.18487538397312164
val/T-mAP-weighted: 0.286529004573822
val/horizon-max-f-score: 0.3731774091720581
val/horizon-max-f-score-weighted: 0.5437139272689819
val/horizon-mean-time-step: 0.7375580668449402
val/loss: 2.5012154579162598
val/loss_decoder_labels: 2.0569727420806885
val/loss_decoder_timestamps: 0.24682442843914032
val/loss_diffusion: 0.19741807878017426
val/loss_embedder_regularizer: 3.888284805242392e-09
val/mean-predicted-length: 5.0
val/mean-target-length: 19.335750579833984
val/next-item-accuracy: 0.3168008029460907
val/next-item-mae: 0.2515319585800171
val/next-item-map: 0.142469584941864
val/next-item-map-weighted: 0.25316885113716125
val/next-item-max-f-score: 0.20043012499809265
val/next-item-max-f-score-weighted: 0.3133586347103119
val/next-item-mean-time-step: 0.5111987590789795
val/next-item-rmse: 0.40372082591056824
val/next-k-label-distribution-delta: 5.650515079498291
val/optimal-transport-distance: 6.511053085327148
val/sequence-labels-entropy: 0.4324176609516144
