date: '2024-06-05 21:11:45'
test/detection-mAP: 0.16647806763648987
test/horizon-mean-time-step: 0.7251231074333191
test/loss: 2.25679087638855
test/loss_labels: 2.006514310836792
test/loss_timestamps: 0.2502763569355011
test/mean-predicted-length: 5.0
test/mean-target-length: 19.20047378540039
test/next-item-accuracy: 0.354406476020813
test/next-item-mae: 0.25003042817115784
test/next-item-mean-time-step: 0.5225309133529663
test/next-item-rmse: 0.3781622350215912
test/optimal-transport-distance: 6.710648059844971
val/detection-mAP: 0.16656312346458435
val/horizon-mean-time-step: 0.7261166572570801
val/loss: 2.2857601642608643
val/loss_labels: 2.0314152240753174
val/loss_timestamps: 0.2543452978134155
val/mean-predicted-length: 5.0
val/mean-target-length: 19.335750579833984
val/next-item-accuracy: 0.3436054587364197
val/next-item-mae: 0.2541170120239258
val/next-item-mean-time-step: 0.517462432384491
val/next-item-rmse: 0.380173921585083
val/optimal-transport-distance: 6.746816635131836
