date: '2024-08-05 13:16:23'
test/detection-mAP: 0.16135495901107788
test/horizon-mean-time-step: 0.7121262550354004
test/loss: 2.2568581104278564
test/loss_labels: 2.0093441009521484
test/loss_timestamps: 0.24751362204551697
test/mean-predicted-length: 5.0
test/mean-target-length: 19.20047378540039
test/next-item-accuracy: 0.3523420989513397
test/next-item-mae: 0.24556085467338562
test/next-item-mean-time-step: 0.5166515707969666
test/next-item-rmse: 0.3869677782058716
test/optimal-transport-distance: 6.71340274810791
val/detection-mAP: 0.16299550235271454
val/horizon-mean-time-step: 0.7124094367027283
val/loss: 2.2897768020629883
val/loss_labels: 2.037630796432495
val/loss_timestamps: 0.2521461248397827
val/mean-predicted-length: 5.0
val/mean-target-length: 19.335750579833984
val/next-item-accuracy: 0.34041139483451843
val/next-item-mae: 0.250405490398407
val/next-item-mean-time-step: 0.5112375020980835
val/next-item-rmse: 0.39029788970947266
val/optimal-transport-distance: 6.762853145599365
