date: '2024-08-05 13:11:24'
test/detection-mAP: 0.10604491084814072
test/horizon-mean-time-step: 0.7164482474327087
test/loss: 2.247765302658081
test/loss_labels: 2.001462697982788
test/loss_timestamps: 0.24630282819271088
test/mean-predicted-length: 2.0
test/mean-target-length: 19.20047378540039
test/next-item-accuracy: 0.35420629382133484
test/next-item-mae: 0.24528326094150543
test/next-item-mean-time-step: 0.5173808336257935
test/next-item-rmse: 0.3892011344432831
val/detection-mAP: 0.10956314206123352
val/horizon-mean-time-step: 0.7163990139961243
val/loss: 2.2787177562713623
val/loss_labels: 2.027808904647827
val/loss_timestamps: 0.25090888142585754
val/mean-predicted-length: 2.0
val/mean-target-length: 19.335750579833984
val/next-item-accuracy: 0.342430055141449
val/next-item-mae: 0.24986983835697174
val/next-item-mean-time-step: 0.512014627456665
val/next-item-rmse: 0.3922469913959503
