date: '2025-02-24 09:51:18'
test/T-mAP: 0.10643292963504791
test/T-mAP-weighted: 0.15469537675380707
test/horizon-max-f-score: 0.4052634835243225
test/horizon-max-f-score-weighted: 0.5921035408973694
test/horizon-mean-time-step: 0.7299044132232666
test/loss: 2.2501745223999023
test/loss_labels: 2.005448341369629
test/loss_timestamps: 0.24472616612911224
test/mean-predicted-length: 2.0
test/mean-target-length: 19.20047378540039
test/next-item-accuracy: 0.3532429039478302
test/next-item-mae: 0.24447417259216309
test/next-item-map: 0.16576683521270752
test/next-item-map-weighted: 0.2906181812286377
test/next-item-max-f-score: 0.22304481267929077
test/next-item-max-f-score-weighted: 0.3415507674217224
test/next-item-mean-time-step: 0.5231277942657471
test/next-item-rmse: 0.38521236181259155
test/sequence-labels-entropy: 0.23296263813972473
val/T-mAP: 0.1085912436246872
val/T-mAP-weighted: 0.1534023880958557
val/horizon-max-f-score: 0.4117291271686554
val/horizon-max-f-score-weighted: 0.588162362575531
val/horizon-mean-time-step: 0.7283493280410767
val/loss: 2.2805347442626953
val/loss_labels: 2.0322747230529785
val/loss_timestamps: 0.24826034903526306
val/mean-predicted-length: 2.0
val/mean-target-length: 19.335750579833984
val/next-item-accuracy: 0.3430432975292206
val/next-item-mae: 0.24802793562412262
val/next-item-map: 0.1627625823020935
val/next-item-map-weighted: 0.28019246459007263
val/next-item-max-f-score: 0.2262403517961502
val/next-item-max-f-score-weighted: 0.33520179986953735
val/next-item-mean-time-step: 0.518097460269928
val/next-item-rmse: 0.38675349950790405
val/sequence-labels-entropy: 0.22342152893543243
