date: '2025-02-24 09:52:13'
test/T-mAP: 0.21921378374099731
test/T-mAP-weighted: 0.37616318464279175
test/horizon-max-f-score: 0.32753944396972656
test/horizon-max-f-score-weighted: 0.4991069734096527
test/horizon-mean-time-step: 0.7405878305435181
test/loss: 2.2501745223999023
test/loss_labels: 2.005448341369629
test/loss_timestamps: 0.24472616612911224
test/mean-predicted-length: 8.0
test/mean-target-length: 19.20047378540039
test/next-item-accuracy: 0.3532429039478302
test/next-item-mae: 0.24447417259216309
test/next-item-map: 0.16576683521270752
test/next-item-map-weighted: 0.2906181812286377
test/next-item-max-f-score: 0.22304481267929077
test/next-item-max-f-score-weighted: 0.3415507674217224
test/next-item-mean-time-step: 0.5231277942657471
test/next-item-rmse: 0.38521236181259155
test/next-k-label-distribution-delta: 6.20831823348999
test/optimal-transport-distance: 6.566150665283203
test/sequence-labels-entropy: 0.22601856291294098
val/T-mAP: 0.2154788374900818
val/T-mAP-weighted: 0.36105164885520935
val/horizon-max-f-score: 0.3293066620826721
val/horizon-max-f-score-weighted: 0.4912467896938324
val/horizon-mean-time-step: 0.7390230894088745
val/loss: 2.2805347442626953
val/loss_labels: 2.0322747230529785
val/loss_timestamps: 0.24826034903526306
val/mean-predicted-length: 8.0
val/mean-target-length: 19.335750579833984
val/next-item-accuracy: 0.3430432975292206
val/next-item-mae: 0.24802793562412262
val/next-item-map: 0.1627625823020935
val/next-item-map-weighted: 0.28019246459007263
val/next-item-max-f-score: 0.2262403517961502
val/next-item-max-f-score-weighted: 0.33520179986953735
val/next-item-mean-time-step: 0.518097460269928
val/next-item-rmse: 0.38675349950790405
val/next-k-label-distribution-delta: 6.2869133949279785
val/optimal-transport-distance: 6.641068458557129
val/sequence-labels-entropy: 0.21551169455051422
