date: '2024-08-05 14:55:00'
test/T-mAP: 0.26647061109542847
test/horizon-mean-time-step: 0.993048906326294
test/loss: 2.794250965118408
test/loss_nhp: 2.794250965118408
test/mean-predicted-length: 9.6612548828125
test/mean-target-length: 19.20047378540039
test/next-item-accuracy: 0.22052347660064697
test/next-item-mae: 0.4517594277858734
test/next-item-mean-time-step: 0.5331501364707947
test/next-item-rmse: 0.571509063243866
test/optimal-transport-distance: 8.004752159118652
test/thinning_accepted: 12.57827091217041
val/T-mAP: 0.2570090889930725
val/horizon-mean-time-step: 0.9955605268478394
val/loss: 2.7786788940429688
val/loss_nhp: 2.7786788940429688
val/mean-predicted-length: 9.63677978515625
val/mean-target-length: 19.335750579833984
val/next-item-accuracy: 0.21760572493076324
val/next-item-mae: 0.4574330449104309
val/next-item-mean-time-step: 0.5280570983886719
val/next-item-rmse: 0.5770227313041687
val/optimal-transport-distance: 8.059954643249512
val/thinning_accepted: 12.638737678527832
