date: '2024-06-05 21:23:16'
test/detection-mAP: 0.22003675997257233
test/horizon-mean-time-step: 0.641219437122345
test/loss: 0.5075962543487549
test/loss_nhp: 0.5075962543487549
test/mean-predicted-length: 15.056365966796875
test/mean-target-length: 19.20047378540039
test/next-item-accuracy: 0.2991817593574524
test/next-item-mae: 0.31798040866851807
test/next-item-mean-time-step: 0.5689393877983093
test/next-item-rmse: 0.5637698769569397
test/optimal-transport-distance: 7.466901779174805
val/detection-mAP: 0.2294616401195526
val/horizon-mean-time-step: 0.6386651396751404
val/loss: 0.5304083228111267
val/loss_nhp: 0.5304083228111267
val/mean-predicted-length: 15.062952995300293
val/mean-target-length: 19.335750579833984
val/next-item-accuracy: 0.2900983691215515
val/next-item-mae: 0.3173620104789734
val/next-item-mean-time-step: 0.5633926391601562
val/next-item-rmse: 0.5678128600120544
val/optimal-transport-distance: 7.485667705535889
