date: '2024-08-05 14:46:54'
test/T-mAP: 0.0671960636973381
test/horizon-mean-time-step: .nan
test/loss: 2.7895913124084473
test/loss_nhp: 2.7895913124084473
test/mean-predicted-length: 1.0
test/mean-target-length: 19.20047378540039
test/next-item-accuracy: 0.21997298300266266
test/next-item-mae: 0.4518771469593048
test/next-item-mean-time-step: 0.5332840085029602
test/next-item-rmse: 0.571516215801239
test/thinning_accepted: 12.617990493774414
val/T-mAP: 0.06870316714048386
val/horizon-mean-time-step: .nan
val/loss: 2.780093193054199
val/loss_nhp: 2.780093193054199
val/mean-predicted-length: 1.0
val/mean-target-length: 19.335750579833984
val/next-item-accuracy: 0.2167113870382309
val/next-item-mae: 0.45772460103034973
val/next-item-mean-time-step: 0.5278564691543579
val/next-item-rmse: 0.5764992833137512
val/thinning_accepted: 12.645628929138184
