date: '2024-06-05 21:13:56'
test/detection-mAP: 0.06259561330080032
test/horizon-mean-time-step: 0.5998451709747314
test/loss: 0.5064093470573425
test/loss_nhp: 0.5064093470573425
test/mean-predicted-length: 1.9983582496643066
test/mean-target-length: 19.20047378540039
test/next-item-accuracy: 0.2991942763328552
test/next-item-mae: 0.3139772117137909
test/next-item-mean-time-step: 0.5655214786529541
test/next-item-rmse: 0.5335360169410706
val/detection-mAP: 0.06578516215085983
val/horizon-mean-time-step: 0.5974456667900085
val/loss: 0.5192342400550842
val/loss_nhp: 0.5192342400550842
val/mean-predicted-length: 1.9961847066879272
val/mean-target-length: 19.335750579833984
val/next-item-accuracy: 0.29012393951416016
val/next-item-mae: 0.319684237241745
val/next-item-mean-time-step: 0.5647881031036377
val/next-item-rmse: 0.5744896531105042
