date: '2024-06-05 21:14:56'
test/detection-mAP: 0.09723014384508133
test/horizon-mean-time-step: 0.6119107007980347
test/loss: 0.4952365756034851
test/loss_nhp: 0.4952365756034851
test/mean-predicted-length: 3.994345188140869
test/mean-target-length: 19.20047378540039
test/next-item-accuracy: 0.2991817593574524
test/next-item-mae: 0.32008904218673706
test/next-item-mean-time-step: 0.5700454115867615
test/next-item-rmse: 0.579272985458374
val/detection-mAP: 0.09869852662086487
val/horizon-mean-time-step: 0.6053996682167053
val/loss: 0.5178004503250122
val/loss_nhp: 0.5178004503250122
val/mean-predicted-length: 3.996947765350342
val/mean-target-length: 19.335750579833984
val/next-item-accuracy: 0.2900983691215515
val/next-item-mae: 0.3204626739025116
val/next-item-mean-time-step: 0.5646853446960449
val/next-item-rmse: 0.5718349814414978
