date: '2024-08-05 14:50:15'
test/T-mAP: 0.1936059296131134
test/horizon-mean-time-step: 0.9717603921890259
test/loss: 2.7897109985351562
test/loss_nhp: 2.7897109985351562
test/mean-predicted-length: 5.0
test/mean-target-length: 19.20047378540039
test/next-item-accuracy: 0.2212616354227066
test/next-item-mae: 0.4516473114490509
test/next-item-mean-time-step: 0.5330262184143066
test/next-item-rmse: 0.571166455745697
test/optimal-transport-distance: 8.001093864440918
test/thinning_accepted: 12.666666030883789
val/T-mAP: 0.19242063164710999
val/horizon-mean-time-step: 0.9712688326835632
val/loss: 2.7790958881378174
val/loss_nhp: 2.7790958881378174
val/mean-predicted-length: 5.0
val/mean-target-length: 19.335750579833984
val/next-item-accuracy: 0.21837230026721954
val/next-item-mae: 0.455963134765625
val/next-item-mean-time-step: 0.5277241468429565
val/next-item-rmse: 0.5754314064979553
val/optimal-transport-distance: 8.032814979553223
val/thinning_accepted: 12.643452644348145
