date: '2024-08-05 14:47:34'
test/T-mAP: 0.10878018289804459
test/horizon-mean-time-step: 0.9547688961029053
test/loss: 2.791461706161499
test/loss_nhp: 2.791461706161499
test/mean-predicted-length: 2.0
test/mean-target-length: 19.20047378540039
test/next-item-accuracy: 0.22068612277507782
test/next-item-mae: 0.45245587825775146
test/next-item-mean-time-step: 0.5331019759178162
test/next-item-rmse: 0.5722519159317017
test/thinning_accepted: 12.577491760253906
val/T-mAP: 0.11109139770269394
val/horizon-mean-time-step: 0.9563754796981812
val/loss: 2.7771048545837402
val/loss_nhp: 2.7771048545837402
val/mean-predicted-length: 2.0
val/mean-target-length: 19.335750579833984
val/next-item-accuracy: 0.21627698838710785
val/next-item-mae: 0.4572279453277588
val/next-item-mean-time-step: 0.5278357863426208
val/next-item-rmse: 0.5767925381660461
val/thinning_accepted: 12.693507194519043
