date: '2024-08-05 14:52:14'
test/T-mAP: 0.2677380442619324
test/horizon-mean-time-step: 0.9825838208198547
test/loss: 2.7901289463043213
test/loss_nhp: 2.7901289463043213
test/mean-predicted-length: 8.0
test/mean-target-length: 19.20047378540039
test/next-item-accuracy: 0.22101141512393951
test/next-item-mae: 0.4520673155784607
test/next-item-mean-time-step: 0.5331235527992249
test/next-item-rmse: 0.5717064142227173
test/optimal-transport-distance: 8.033247947692871
test/thinning_accepted: 12.635513305664062
val/T-mAP: 0.2617948353290558
val/horizon-mean-time-step: 0.9832973480224609
val/loss: 2.779496908187866
val/loss_nhp: 2.779496908187866
val/mean-predicted-length: 8.0
val/mean-target-length: 19.335750579833984
val/next-item-accuracy: 0.21586814522743225
val/next-item-mae: 0.4569816291332245
val/next-item-mean-time-step: 0.5279510617256165
val/next-item-rmse: 0.5764952898025513
val/optimal-transport-distance: 8.079009056091309
val/thinning_accepted: 12.646354675292969
