date: '2024-06-05 21:16:04'
test/detection-mAP: 0.11257103830575943
test/horizon-mean-time-step: 0.6168695688247681
test/loss: 0.4990854859352112
test/loss_nhp: 0.4990854859352112
test/mean-predicted-length: 4.987048625946045
test/mean-target-length: 19.20047378540039
test/next-item-accuracy: 0.2991442382335663
test/next-item-mae: 0.3173912763595581
test/next-item-mean-time-step: 0.5671243667602539
test/next-item-rmse: 0.5508164763450623
test/optimal-transport-distance: 7.4631757736206055
val/detection-mAP: 0.11567454785108566
val/horizon-mean-time-step: 0.6159001588821411
val/loss: 0.5362874269485474
val/loss_nhp: 0.5362874269485474
val/mean-predicted-length: 4.98969841003418
val/mean-target-length: 19.335750579833984
val/next-item-accuracy: 0.2900983691215515
val/next-item-mae: 0.3178788423538208
val/next-item-mean-time-step: 0.5620682835578918
val/next-item-rmse: 0.5503590703010559
val/optimal-transport-distance: 7.480210781097412
