date: '2024-08-05 14:53:45'
test/T-mAP: 0.2342197299003601
test/horizon-mean-time-step: 1.013638973236084
test/loss: 2.669156312942505
test/loss_nhp: 2.669156312942505
test/mean-predicted-length: 8.0
test/mean-target-length: 19.20047378540039
test/next-item-accuracy: 0.10017766058444977
test/next-item-mae: 0.4798314571380615
test/next-item-mean-time-step: 0.5342521667480469
test/next-item-rmse: 0.5945802330970764
test/optimal-transport-distance: 9.2564058303833
test/thinning_accepted: 12.246495246887207
val/T-mAP: 0.24146538972854614
val/horizon-mean-time-step: 1.0140339136123657
val/loss: 2.6578211784362793
val/loss_nhp: 2.6578211784362793
val/mean-predicted-length: 8.0
val/mean-target-length: 19.335750579833984
val/next-item-accuracy: 0.10060048848390579
val/next-item-mae: 0.4848804473876953
val/next-item-mean-time-step: 0.5291233658790588
val/next-item-rmse: 0.599753201007843
val/optimal-transport-distance: 9.230473518371582
val/thinning_accepted: 12.290170669555664
