date: '2024-08-05 14:57:04'
test/T-mAP: 0.21823711693286896
test/horizon-mean-time-step: 1.0207884311676025
test/loss: 2.673778533935547
test/loss_nhp: 2.673778533935547
test/mean-predicted-length: 9.365559577941895
test/mean-target-length: 19.20047378540039
test/next-item-accuracy: 0.10009007900953293
test/next-item-mae: 0.47990602254867554
test/next-item-mean-time-step: 0.5342889428138733
test/next-item-rmse: 0.5944810509681702
test/optimal-transport-distance: 9.217364311218262
test/thinning_accepted: 12.24221134185791
val/T-mAP: 0.2242385745048523
val/horizon-mean-time-step: 1.0220800638198853
val/loss: 2.656723976135254
val/loss_nhp: 2.656723976135254
val/mean-predicted-length: 9.360167503356934
val/mean-target-length: 19.335750579833984
val/next-item-accuracy: 0.0995783805847168
val/next-item-mae: 0.48482775688171387
val/next-item-mean-time-step: 0.529224157333374
val/next-item-rmse: 0.5994716286659241
val/optimal-transport-distance: 9.21461009979248
val/thinning_accepted: 12.259340286254883
