date: '2024-08-05 14:51:17'
test/T-mAP: 0.17684204876422882
test/horizon-mean-time-step: 1.011459469795227
test/loss: 2.669124126434326
test/loss_nhp: 2.669124126434326
test/mean-predicted-length: 5.0
test/mean-target-length: 19.20047378540039
test/next-item-accuracy: 0.099752277135849
test/next-item-mae: 0.4797503650188446
test/next-item-mean-time-step: 0.5341024994850159
test/next-item-rmse: 0.5944125652313232
test/optimal-transport-distance: 9.254525184631348
test/thinning_accepted: 12.280373573303223
val/T-mAP: 0.18498960137367249
val/horizon-mean-time-step: 1.0119739770889282
val/loss: 2.657166004180908
val/loss_nhp: 2.657166004180908
val/mean-predicted-length: 5.0
val/mean-target-length: 19.335750579833984
val/next-item-accuracy: 0.0987607017159462
val/next-item-mae: 0.4839453101158142
val/next-item-mean-time-step: 0.5288759469985962
val/next-item-rmse: 0.598503053188324
val/optimal-transport-distance: 9.208803176879883
val/thinning_accepted: 12.276387214660645
