date: '2024-08-05 14:48:10'
test/T-mAP: 0.10063975304365158
test/horizon-mean-time-step: 1.01613450050354
test/loss: 2.6719980239868164
test/loss_nhp: 2.6719980239868164
test/mean-predicted-length: 2.0
test/mean-target-length: 19.20047378540039
test/next-item-accuracy: 0.10064058005809784
test/next-item-mae: 0.4803759455680847
test/next-item-mean-time-step: 0.5341995358467102
test/next-item-rmse: 0.5954069495201111
test/thinning_accepted: 12.232087135314941
val/T-mAP: 0.10456698387861252
val/horizon-mean-time-step: 1.01778244972229
val/loss: 2.6544718742370605
val/loss_nhp: 2.6544718742370605
val/mean-predicted-length: 2.0
val/mean-target-length: 19.335750579833984
val/next-item-accuracy: 0.0991184338927269
val/next-item-mae: 0.4848062992095947
val/next-item-mean-time-step: 0.5292702317237854
val/next-item-rmse: 0.5994503498077393
val/thinning_accepted: 12.313021659851074
