date: '2024-08-05 14:47:17'
test/T-mAP: 0.06250312179327011
test/horizon-mean-time-step: .nan
test/loss: 2.6687052249908447
test/loss_nhp: 2.6687052249908447
test/mean-predicted-length: 1.0
test/mean-target-length: 19.20047378540039
test/next-item-accuracy: 0.1013912484049797
test/next-item-mae: 0.4801580309867859
test/next-item-mean-time-step: 0.534554123878479
test/next-item-rmse: 0.5950117707252502
test/thinning_accepted: 12.248831748962402
val/T-mAP: 0.06508103013038635
val/horizon-mean-time-step: .nan
val/loss: 2.6588473320007324
val/loss_nhp: 2.6588473320007324
val/mean-predicted-length: 1.0
val/mean-target-length: 19.335750579833984
val/next-item-accuracy: 0.10182701051235199
val/next-item-mae: 0.48561376333236694
val/next-item-mean-time-step: 0.5291456580162048
val/next-item-rmse: 0.5997608304023743
val/thinning_accepted: 12.272034645080566
