date: '2024-08-09 13:56:24'
test/T-mAP: 0.07293503731489182
test/horizon-mean-time-step: .nan
test/loss: 2.307645320892334
test/loss_labels: 1.989759922027588
test/loss_timestamps: 0.31788554787635803
test/mean-predicted-length: 1.0
test/mean-target-length: 19.20047378540039
test/next-item-accuracy: 0.35685867071151733
test/next-item-mae: 0.29530012607574463
test/next-item-mean-time-step: 0.5270017981529236
test/next-item-rmse: 0.33745089173316956
test/timestamps-bias-mean: 0.6750118136405945
test/timestamps-current_influence: -0.00019585898553486913
val/T-mAP: 0.0752485990524292
val/horizon-mean-time-step: .nan
val/loss: 2.3179659843444824
val/loss_labels: 2.013956308364868
val/loss_timestamps: 0.30400949716567993
val/mean-predicted-length: 1.0
val/mean-target-length: 19.335750579833984
val/next-item-accuracy: 0.3482304811477661
val/next-item-mae: 0.296710729598999
val/next-item-mean-time-step: 0.5218621492385864
val/next-item-rmse: 0.33856523036956787
val/timestamps-bias-mean: 0.682414710521698
val/timestamps-current_influence: -0.0001958589709829539
