date: '2024-08-09 14:00:00'
test/T-mAP: 0.16717278957366943
test/horizon-mean-time-step: 0.581581711769104
test/loss: 2.307645320892334
test/loss_labels: 1.989759922027588
test/loss_timestamps: 0.31788554787635803
test/mean-predicted-length: 8.0
test/mean-target-length: 19.20047378540039
test/next-item-accuracy: 0.35685867071151733
test/next-item-mae: 0.2954156994819641
test/next-item-mean-time-step: 0.5271337032318115
test/next-item-rmse: 0.33741819858551025
test/optimal-transport-distance: 6.648483753204346
test/timestamps-bias-mean: 0.6750118136405945
test/timestamps-current_influence: -0.00019585898553486913
val/T-mAP: 0.1671711802482605
val/horizon-mean-time-step: 0.5835220813751221
val/loss: 2.3179659843444824
val/loss_labels: 2.013956308364868
val/loss_timestamps: 0.30400949716567993
val/mean-predicted-length: 8.0
val/mean-target-length: 19.335750579833984
val/next-item-accuracy: 0.3482304811477661
val/next-item-mae: 0.2959054708480835
val/next-item-mean-time-step: 0.5218115448951721
val/next-item-rmse: 0.33775871992111206
val/optimal-transport-distance: 6.674037456512451
val/timestamps-bias-mean: 0.682414710521698
val/timestamps-current_influence: -0.0001958589709829539
