date: '2024-08-05 14:46:25'
test/detection-mAP: 0.20000672340393066
test/horizon-mean-time-step: 0.5871067643165588
test/loss: 2.3051979541778564
test/loss_labels: 1.9878928661346436
test/loss_timestamps: 0.3173050880432129
test/mean-predicted-length: 11.999817848205566
test/mean-target-length: 19.20047378540039
test/next-item-accuracy: 0.35755929350852966
test/next-item-mae: 0.29539233446121216
test/next-item-mean-time-step: 0.5275539755821228
test/next-item-rmse: 0.33647966384887695
test/optimal-transport-distance: 6.596180438995361
test/timestamps-bias-mean: 0.6878128051757812
test/timestamps-current_influence: -0.00012653836165554821
val/detection-mAP: 0.1977437287569046
val/horizon-mean-time-step: 0.589134931564331
val/loss: 2.3142290115356445
val/loss_labels: 2.011286497116089
val/loss_timestamps: 0.30294281244277954
val/mean-predicted-length: 11.999618530273438
val/mean-target-length: 19.335750579833984
val/next-item-accuracy: 0.34692731499671936
val/next-item-mae: 0.29657238721847534
val/next-item-mean-time-step: 0.5221419334411621
val/next-item-rmse: 0.33694830536842346
val/optimal-transport-distance: 6.63744592666626
val/timestamps-bias-mean: 0.695621132850647
val/timestamps-current_influence: -0.00012653836165554821
