date: '2024-08-05 14:45:38'
test/detection-mAP: 0.09435008466243744
test/horizon-mean-time-step: 0.566814124584198
test/loss: 2.3051979541778564
test/loss_labels: 1.9878928661346436
test/loss_timestamps: 0.3173050880432129
test/mean-predicted-length: 2.0
test/mean-target-length: 19.20047378540039
test/next-item-accuracy: 0.35755929350852966
test/next-item-mae: 0.29567191004753113
test/next-item-mean-time-step: 0.5276450514793396
test/next-item-rmse: 0.336450457572937
test/timestamps-bias-mean: 0.6878128051757812
test/timestamps-current_influence: -0.00012653836165554821
val/detection-mAP: 0.09851262718439102
val/horizon-mean-time-step: 0.568157434463501
val/loss: 2.3142290115356445
val/loss_labels: 2.011286497116089
val/loss_timestamps: 0.30294281244277954
val/mean-predicted-length: 2.0
val/mean-target-length: 19.335750579833984
val/next-item-accuracy: 0.34692731499671936
val/next-item-mae: 0.29661741852760315
val/next-item-mean-time-step: 0.5220304727554321
val/next-item-rmse: 0.3367654085159302
val/timestamps-bias-mean: 0.695621132850647
val/timestamps-current_influence: -0.00012653836165554821
