date: '2024-06-05 21:12:46'
test/detection-mAP: 0.205279141664505
test/horizon-mean-time-step: 0.6033504009246826
test/loss: 2.306971311569214
test/loss_labels: 1.989302635192871
test/loss_timestamps: 0.31766849756240845
test/mean-predicted-length: 15.224187850952148
test/mean-target-length: 19.20047378540039
test/next-item-accuracy: 0.3587353527545929
test/next-item-mae: 0.29283806681632996
test/next-item-mean-time-step: 0.5271985530853271
test/next-item-rmse: 0.33696693181991577
test/optimal-transport-distance: 6.638833045959473
test/timestamps-bias-mean: 0.6692088842391968
test/timestamps-current_influence: -6.328221206786111e-05
val/detection-mAP: 0.1996806263923645
val/horizon-mean-time-step: 0.6048528552055359
val/loss: 2.318040132522583
val/loss_labels: 2.014521360397339
val/loss_timestamps: 0.3035188615322113
val/mean-predicted-length: 15.194581985473633
val/mean-target-length: 19.335750579833984
val/next-item-accuracy: 0.3466973304748535
val/next-item-mae: 0.2948896288871765
val/next-item-mean-time-step: 0.522278368473053
val/next-item-rmse: 0.33876070380210876
val/optimal-transport-distance: 6.705096244812012
val/timestamps-bias-mean: 0.6764066815376282
val/timestamps-current_influence: -6.328221934381872e-05
