date: '2024-08-09 13:58:58'
test/T-mAP: 0.13479474186897278
test/horizon-mean-time-step: 0.5765638947486877
test/loss: 2.307645320892334
test/loss_labels: 1.989759922027588
test/loss_timestamps: 0.31788554787635803
test/mean-predicted-length: 5.0
test/mean-target-length: 19.20047378540039
test/next-item-accuracy: 0.35685867071151733
test/next-item-mae: 0.2951682209968567
test/next-item-mean-time-step: 0.5271646976470947
test/next-item-rmse: 0.3374806046485901
test/optimal-transport-distance: 6.640819549560547
test/timestamps-bias-mean: 0.6750118136405945
test/timestamps-current_influence: -0.00019585898553486913
val/T-mAP: 0.13523931801319122
val/horizon-mean-time-step: 0.5781334042549133
val/loss: 2.3179659843444824
val/loss_labels: 2.013956308364868
val/loss_timestamps: 0.30400949716567993
val/mean-predicted-length: 5.0
val/mean-target-length: 19.335750579833984
val/next-item-accuracy: 0.3482304811477661
val/next-item-mae: 0.2960430085659027
val/next-item-mean-time-step: 0.5219913721084595
val/next-item-rmse: 0.33775708079338074
val/optimal-transport-distance: 6.684507369995117
val/timestamps-bias-mean: 0.682414710521698
val/timestamps-current_influence: -0.0001958589709829539
