date: '2024-08-09 14:01:17'
test/T-mAP: 0.20256829261779785
test/horizon-mean-time-step: 0.5879809260368347
test/loss: 2.307645320892334
test/loss_labels: 1.989759922027588
test/loss_timestamps: 0.31788554787635803
test/mean-predicted-length: 11.998540878295898
test/mean-target-length: 19.20047378540039
test/next-item-accuracy: 0.35685867071151733
test/next-item-mae: 0.29488277435302734
test/next-item-mean-time-step: 0.5272986888885498
test/next-item-rmse: 0.337223619222641
test/optimal-transport-distance: 6.644626617431641
test/timestamps-bias-mean: 0.6750118136405945
test/timestamps-current_influence: -0.00019585898553486913
val/T-mAP: 0.2005075216293335
val/horizon-mean-time-step: 0.587810218334198
val/loss: 2.3179659843444824
val/loss_labels: 2.013956308364868
val/loss_timestamps: 0.30400949716567993
val/mean-predicted-length: 11.99847412109375
val/mean-target-length: 19.335750579833984
val/next-item-accuracy: 0.3482304811477661
val/next-item-mae: 0.2966980040073395
val/next-item-mean-time-step: 0.5217313170433044
val/next-item-rmse: 0.33832308650016785
val/optimal-transport-distance: 6.678805828094482
val/timestamps-bias-mean: 0.682414710521698
val/timestamps-current_influence: -0.0001958589709829539
