date: '2024-06-05 21:11:28'
test/detection-mAP: 0.09513463079929352
test/horizon-mean-time-step: 0.5689390897750854
test/loss: 2.306971311569214
test/loss_labels: 1.989302635192871
test/loss_timestamps: 0.31766849756240845
test/mean-predicted-length: 2.0
test/mean-target-length: 19.20047378540039
test/next-item-accuracy: 0.3587353527545929
test/next-item-mae: 0.293203741312027
test/next-item-mean-time-step: 0.5274515151977539
test/next-item-rmse: 0.3373585045337677
test/timestamps-bias-mean: 0.6692088842391968
test/timestamps-current_influence: -6.328221206786111e-05
val/detection-mAP: 0.09814535081386566
val/horizon-mean-time-step: 0.5760496258735657
val/loss: 2.318040132522583
val/loss_labels: 2.014521360397339
val/loss_timestamps: 0.3035188615322113
val/mean-predicted-length: 2.0
val/mean-target-length: 19.335750579833984
val/next-item-accuracy: 0.3466973304748535
val/next-item-mae: 0.2949613034725189
val/next-item-mean-time-step: 0.5217341184616089
val/next-item-rmse: 0.3384653925895691
val/timestamps-bias-mean: 0.6764066815376282
val/timestamps-current_influence: -6.328221934381872e-05
