date: '2024-08-05 14:45:59'
test/detection-mAP: 0.13240036368370056
test/horizon-mean-time-step: 0.5736185908317566
test/loss: 2.3051979541778564
test/loss_labels: 1.9878928661346436
test/loss_timestamps: 0.3173050880432129
test/mean-predicted-length: 5.0
test/mean-target-length: 19.20047378540039
test/next-item-accuracy: 0.35755929350852966
test/next-item-mae: 0.2957887053489685
test/next-item-mean-time-step: 0.5275951623916626
test/next-item-rmse: 0.336566299200058
test/optimal-transport-distance: 6.603559970855713
test/timestamps-bias-mean: 0.6878128051757812
test/timestamps-current_influence: -0.00012653836165554821
val/detection-mAP: 0.13462698459625244
val/horizon-mean-time-step: 0.5760602951049805
val/loss: 2.3142290115356445
val/loss_labels: 2.011286497116089
val/loss_timestamps: 0.30294281244277954
val/mean-predicted-length: 5.0
val/mean-target-length: 19.335750579833984
val/next-item-accuracy: 0.34692731499671936
val/next-item-mae: 0.2975076735019684
val/next-item-mean-time-step: 0.522302508354187
val/next-item-rmse: 0.33777573704719543
val/optimal-transport-distance: 6.6452555656433105
val/timestamps-bias-mean: 0.695621132850647
val/timestamps-current_influence: -0.00012653836165554821
