date: '2024-06-05 21:12:25'
test/detection-mAP: 0.2059069126844406
test/horizon-mean-time-step: 0.5962154269218445
test/loss: 2.306971311569214
test/loss_labels: 1.989302635192871
test/loss_timestamps: 0.31766849756240845
test/mean-predicted-length: 11.998358726501465
test/mean-target-length: 19.20047378540039
test/next-item-accuracy: 0.3587353527545929
test/next-item-mae: 0.29324111342430115
test/next-item-mean-time-step: 0.5275441408157349
test/next-item-rmse: 0.3374629318714142
test/optimal-transport-distance: 6.639169216156006
test/timestamps-bias-mean: 0.6692088842391968
test/timestamps-current_influence: -6.328221206786111e-05
val/detection-mAP: 0.20028646290302277
val/horizon-mean-time-step: 0.5984057188034058
val/loss: 2.318040132522583
val/loss_labels: 2.014521360397339
val/loss_timestamps: 0.3035188615322113
val/mean-predicted-length: 11.999237060546875
val/mean-target-length: 19.335750579833984
val/next-item-accuracy: 0.3466973304748535
val/next-item-mae: 0.29459667205810547
val/next-item-mean-time-step: 0.5220158696174622
val/next-item-rmse: 0.338486909866333
val/optimal-transport-distance: 6.683171272277832
val/timestamps-bias-mean: 0.6764066815376282
val/timestamps-current_influence: -6.328221934381872e-05
