date: '2024-08-09 13:58:04'
test/T-mAP: 0.12392207980155945
test/horizon-mean-time-step: 0.5738680958747864
test/loss: 2.307645320892334
test/loss_labels: 1.989759922027588
test/loss_timestamps: 0.31788554787635803
test/mean-predicted-length: 4.0
test/mean-target-length: 19.20047378540039
test/next-item-accuracy: 0.35685867071151733
test/next-item-mae: 0.29491060972213745
test/next-item-mean-time-step: 0.5271052718162537
test/next-item-rmse: 0.3372090756893158
test/timestamps-bias-mean: 0.6750118136405945
test/timestamps-current_influence: -0.00019585898553486913
val/T-mAP: 0.12622147798538208
val/horizon-mean-time-step: 0.5773987174034119
val/loss: 2.3179659843444824
val/loss_labels: 2.013956308364868
val/loss_timestamps: 0.30400949716567993
val/mean-predicted-length: 4.0
val/mean-target-length: 19.335750579833984
val/next-item-accuracy: 0.3482304811477661
val/next-item-mae: 0.2963203489780426
val/next-item-mean-time-step: 0.5217244029045105
val/next-item-rmse: 0.33766505122184753
val/timestamps-bias-mean: 0.682414710521698
val/timestamps-current_influence: -0.0001958589709829539
