date: '2024-08-05 14:45:48'
test/detection-mAP: 0.12097100913524628
test/horizon-mean-time-step: 0.5712059140205383
test/loss: 2.3051979541778564
test/loss_labels: 1.9878928661346436
test/loss_timestamps: 0.3173050880432129
test/mean-predicted-length: 4.0
test/mean-target-length: 19.20047378540039
test/next-item-accuracy: 0.35755929350852966
test/next-item-mae: 0.2957514524459839
test/next-item-mean-time-step: 0.5277103185653687
test/next-item-rmse: 0.3367665112018585
test/timestamps-bias-mean: 0.6878128051757812
test/timestamps-current_influence: -0.00012653836165554821
val/detection-mAP: 0.12406545132398605
val/horizon-mean-time-step: 0.5742303133010864
val/loss: 2.3142290115356445
val/loss_labels: 2.011286497116089
val/loss_timestamps: 0.30294281244277954
val/mean-predicted-length: 4.0
val/mean-target-length: 19.335750579833984
val/next-item-accuracy: 0.34692731499671936
val/next-item-mae: 0.2966506779193878
val/next-item-mean-time-step: 0.5224959850311279
val/next-item-rmse: 0.3373720347881317
val/timestamps-bias-mean: 0.695621132850647
val/timestamps-current_influence: -0.00012653836165554821
