date: '2024-08-05 14:46:11'
test/detection-mAP: 0.1641966700553894
test/horizon-mean-time-step: 0.5794616341590881
test/loss: 2.3051979541778564
test/loss_labels: 1.9878928661346436
test/loss_timestamps: 0.3173050880432129
test/mean-predicted-length: 8.0
test/mean-target-length: 19.20047378540039
test/next-item-accuracy: 0.35755929350852966
test/next-item-mae: 0.29544737935066223
test/next-item-mean-time-step: 0.5277373194694519
test/next-item-rmse: 0.3362473249435425
test/optimal-transport-distance: 6.5874104499816895
test/timestamps-bias-mean: 0.6878128051757812
test/timestamps-current_influence: -0.00012653836165554821
val/detection-mAP: 0.16352638602256775
val/horizon-mean-time-step: 0.5824320316314697
val/loss: 2.3142290115356445
val/loss_labels: 2.011286497116089
val/loss_timestamps: 0.30294281244277954
val/mean-predicted-length: 8.0
val/mean-target-length: 19.335750579833984
val/next-item-accuracy: 0.34692731499671936
val/next-item-mae: 0.29695606231689453
val/next-item-mean-time-step: 0.5224084258079529
val/next-item-rmse: 0.3374803960323334
val/optimal-transport-distance: 6.64847469329834
val/timestamps-bias-mean: 0.695621132850647
val/timestamps-current_influence: -0.00012653836165554821
