date: '2024-08-05 13:55:01'
test/detection-mAP: 0.07296761870384216
test/horizon-mean-time-step: .nan
test/loss: 2.332942485809326
test/loss_labels: 2.012643575668335
test/loss_timestamps: 0.3202991485595703
test/mean-predicted-length: 1.0
test/mean-target-length: 19.20047378540039
test/next-item-accuracy: 0.3507656753063202
test/next-item-mae: 0.29419925808906555
test/next-item-mean-time-step: 0.5289828777313232
test/next-item-rmse: 0.3386995494365692
test/timestamps-bias-mean: 0.6537752151489258
test/timestamps-current_influence: -0.0005411393358372152
val/detection-mAP: 0.07513809204101562
val/horizon-mean-time-step: .nan
val/loss: 2.344017505645752
val/loss_labels: 2.0376527309417725
val/loss_timestamps: 0.30636465549468994
val/mean-predicted-length: 1.0
val/mean-target-length: 19.335750579833984
val/next-item-accuracy: 0.339874804019928
val/next-item-mae: 0.2947246730327606
val/next-item-mean-time-step: 0.5236278772354126
val/next-item-rmse: 0.33927592635154724
val/timestamps-bias-mean: 0.6584794521331787
val/timestamps-current_influence: -0.0005411393358372152
