date: '2024-08-05 15:48:10'
test/detection-mAP: 0.029833918437361717
test/horizon-mean-time-step: 0.7430247068405151
test/loss: 2.262228488922119
test/loss_labels: 2.014918327331543
test/loss_timestamps: 0.24731026589870453
test/mean-predicted-length: 13.060744285583496
test/mean-target-length: 19.20047378540039
test/next-item-accuracy: 0.34991493821144104
test/next-item-mae: 0.2470199465751648
test/next-item-mean-time-step: 0.5186249613761902
test/next-item-rmse: 0.3907787799835205
test/optimal-transport-distance: 0.4347035586833954
val/detection-mAP: 0.028356017544865608
val/horizon-mean-time-step: 0.7432487607002258
val/loss: 2.2916316986083984
val/loss_labels: 2.039304256439209
val/loss_timestamps: 0.2523275315761566
val/mean-predicted-length: 13.065241813659668
val/mean-target-length: 19.335750579833984
val/next-item-accuracy: 0.33857160806655884
val/next-item-mae: 0.25207120180130005
val/next-item-mean-time-step: 0.5132440328598022
val/next-item-rmse: 0.3945268392562866
val/optimal-transport-distance: 0.4360658526420593
