date: '2024-08-09 15:01:08'
test/T-mAP: 0.2339332401752472
test/horizon-mean-time-step: 0.7239579558372498
test/loss: 2.282614231109619
test/loss_labels: 2.0385141372680664
test/loss_timestamps: 0.24410055577754974
test/mean-predicted-length: 13.31284236907959
test/mean-target-length: 19.20047378540039
test/next-item-accuracy: 0.35046541690826416
test/next-item-mae: 0.24621964991092682
test/next-item-mean-time-step: 0.5166482329368591
test/next-item-rmse: 0.39513495564460754
test/optimal-transport-distance: 25.950542449951172
val/T-mAP: 0.22970493137836456
val/horizon-mean-time-step: 0.7244035601615906
val/loss: 2.31498646736145
val/loss_labels: 2.0671441555023193
val/loss_timestamps: 0.24784281849861145
val/mean-predicted-length: 13.299885749816895
val/mean-target-length: 19.335750579833984
val/next-item-accuracy: 0.34020698070526123
val/next-item-mae: 0.25108447670936584
val/next-item-mean-time-step: 0.5112645030021667
val/next-item-rmse: 0.3988887667655945
val/optimal-transport-distance: 26.06785011291504
