date: '2024-08-05 17:05:28'
test/detection-mAP: 0.19809527695178986
test/horizon-mean-time-step: 0.7219511270523071
test/loss: 2.278067111968994
test/loss_labels: 2.0348005294799805
test/loss_timestamps: 0.24326619505882263
test/mean-predicted-length: 13.304815292358398
test/mean-target-length: 19.20047378540039
test/next-item-accuracy: 0.3483259975910187
test/next-item-mae: 0.24548770487308502
test/next-item-mean-time-step: 0.5158010721206665
test/next-item-rmse: 0.39400553703308105
test/optimal-transport-distance: 1.7952815294265747
val/detection-mAP: 0.19298605620861053
val/horizon-mean-time-step: 0.7217363119125366
val/loss: 2.3110544681549072
val/loss_labels: 2.0639004707336426
val/loss_timestamps: 0.2471538782119751
val/mean-predicted-length: 13.309041976928711
val/mean-target-length: 19.335750579833984
val/next-item-accuracy: 0.33877602219581604
val/next-item-mae: 0.2505232095718384
val/next-item-mean-time-step: 0.5103827714920044
val/next-item-rmse: 0.3978433907032013
val/optimal-transport-distance: 1.8088780641555786
