date: '2024-08-05 16:00:47'
test/T-mAP: 0.2648659944534302
test/horizon-mean-time-step: 1.0034815073013306
test/loss: 2.7908220291137695
test/loss_nhp: 2.7908220291137695
test/mean-predicted-length: 9.654687881469727
test/mean-target-length: 19.20047378540039
test/next-item-accuracy: 0.221186563372612
test/next-item-mae: 0.4517951011657715
test/next-item-mean-time-step: 0.533292829990387
test/next-item-rmse: 0.5717226266860962
test/optimal-transport-distance: 8.017850875854492
test/thinning_accepted: 12.549843788146973
val/T-mAP: 0.2583038806915283
val/horizon-mean-time-step: 1.0041412115097046
val/loss: 2.7791452407836914
val/loss_nhp: 2.7791452407836914
val/mean-predicted-length: 9.6520414352417
val/mean-target-length: 19.335750579833984
val/next-item-accuracy: 0.21525488793849945
val/next-item-mae: 0.45701247453689575
val/next-item-mean-time-step: 0.5285097360610962
val/next-item-rmse: 0.5769152641296387
val/optimal-transport-distance: 8.066084861755371
val/thinning_accepted: 12.65433406829834
