date: '2024-08-05 16:16:50'
test/T-mAP: 0.12615779042243958
test/horizon-mean-time-step: 1.030145287513733
test/loss: 2.670631170272827
test/loss_nhp: 2.670631170272827
test/mean-predicted-length: 9.36811351776123
test/mean-target-length: 19.20047378540039
test/next-item-accuracy: 0.10125362873077393
test/next-item-mae: 0.4800923764705658
test/next-item-mean-time-step: 0.5343456268310547
test/next-item-rmse: 0.5950536131858826
test/optimal-transport-distance: 2.4051530361175537
test/thinning_accepted: 12.223909378051758
val/T-mAP: 0.13111244142055511
val/horizon-mean-time-step: 1.030045747756958
val/loss: 2.65700101852417
val/loss_nhp: 2.65700101852417
val/mean-predicted-length: 9.369324684143066
val/mean-target-length: 19.335750579833984
val/next-item-accuracy: 0.10006388276815414
val/next-item-mae: 0.4847313463687897
val/next-item-mean-time-step: 0.5297232270240784
val/next-item-rmse: 0.5999047160148621
val/optimal-transport-distance: 2.4063339233398438
val/thinning_accepted: 12.286906242370605
