date: '2024-08-05 17:06:27'
test/detection-mAP: 0.017061764374375343
test/horizon-mean-time-step: 0.5437813401222229
test/loss: 2.368112802505493
test/loss_labels: 2.0352885723114014
test/loss_timestamps: 0.3328244686126709
test/mean-predicted-length: 15.650127410888672
test/mean-target-length: 19.20047378540039
test/next-item-accuracy: 0.34987738728523254
test/next-item-mae: 0.2980993986129761
test/next-item-mean-time-step: 0.5296037793159485
test/next-item-rmse: 0.3386012613773346
test/optimal-transport-distance: 0.4759472906589508
test/timestamps-bias-mean: 0.6469910740852356
test/timestamps-current_influence: -0.000623629312030971
val/detection-mAP: 0.01685691624879837
val/horizon-mean-time-step: 0.5473345518112183
val/loss: 2.3874001502990723
val/loss_labels: 2.064668893814087
val/loss_timestamps: 0.32273149490356445
val/mean-predicted-length: 15.625715255737305
val/mean-target-length: 19.335750579833984
val/next-item-accuracy: 0.338341623544693
val/next-item-mae: 0.2986915409564972
val/next-item-mean-time-step: 0.5244839787483215
val/next-item-rmse: 0.33912354707717896
val/optimal-transport-distance: 0.4773302376270294
val/timestamps-bias-mean: 0.6464534401893616
val/timestamps-current_influence: -0.000623629312030971
