date: '2024-08-09 15:03:41'
test/T-mAP: 0.20181839168071747
test/horizon-mean-time-step: 0.5225246548652649
test/loss: 2.383974075317383
test/loss_labels: 2.048887252807617
test/loss_timestamps: 0.3350866734981537
test/mean-predicted-length: 15.8378324508667
test/mean-target-length: 19.20047378540039
test/next-item-accuracy: 0.3484511077404022
test/next-item-mae: 0.308960884809494
test/next-item-mean-time-step: 0.529259204864502
test/next-item-rmse: 0.34063372015953064
test/optimal-transport-distance: 10.125353813171387
test/timestamps-bias-mean: 0.6832310557365417
test/timestamps-current_influence: -0.000497383123729378
val/T-mAP: 0.19734671711921692
val/horizon-mean-time-step: 0.5239018201828003
val/loss: 2.4023447036743164
val/loss_labels: 2.077011823654175
val/loss_timestamps: 0.3253331184387207
val/mean-predicted-length: 15.829835891723633
val/mean-target-length: 19.335750579833984
val/next-item-accuracy: 0.33984923362731934
val/next-item-mae: 0.31004229187965393
val/next-item-mean-time-step: 0.5238446593284607
val/next-item-rmse: 0.34105733036994934
val/optimal-transport-distance: 10.137849807739258
val/timestamps-bias-mean: 0.6835842728614807
val/timestamps-current_influence: -0.000497383123729378
