date: '2024-05-31 17:33:00'
test/detection-mAP: 0.24053660035133362
test/horizon-mean-time-step: 0.6092638373374939
test/loss: 2.3124356269836426
test/loss_labels: 1.991300106048584
test/loss_timestamps: 0.32113581895828247
test/mean-predicted-length: 14.980116844177246
test/mean-target-length: 19.20047378540039
test/next-item-accuracy: 0.357746958732605
test/next-item-mae: 0.29328614473342896
test/next-item-mean-time-step: 0.5300883054733276
test/next-item-rmse: 0.3397805690765381
test/optimal-transport-distance: 12.623017311096191
test/timestamps-bias-mean: 0.6591932773590088
test/timestamps-current_influence: -0.001959342509508133
val/detection-mAP: 0.23093390464782715
val/horizon-mean-time-step: 0.6113417744636536
val/loss: 2.323601722717285
val/loss_labels: 2.0158400535583496
val/loss_timestamps: 0.3077613413333893
val/mean-predicted-length: 14.977108001708984
val/mean-target-length: 19.335750579833984
val/next-item-accuracy: 0.3471061587333679
val/next-item-mae: 0.2954857349395752
val/next-item-mean-time-step: 0.5252325534820557
val/next-item-rmse: 0.3417696952819824
val/optimal-transport-distance: 12.823625564575195
val/timestamps-bias-mean: 0.6639582514762878
val/timestamps-current_influence: -0.001959342509508133
