date: '2024-05-31 17:34:46'
test/detection-mAP: 0.06693077087402344
test/horizon-mean-time-step: 0.5290554165840149
test/loss: 2.386890172958374
test/loss_labels: 2.0473239421844482
test/loss_timestamps: 0.3395664393901825
test/mean-predicted-length: 15.83236026763916
test/mean-target-length: 19.20047378540039
test/next-item-accuracy: 0.3486638069152832
test/next-item-mae: 0.3054901659488678
test/next-item-mean-time-step: 0.5324877500534058
test/next-item-rmse: 0.3464338183403015
test/optimal-transport-distance: 0.9028253555297852
test/timestamps-bias-mean: 0.6640200018882751
test/timestamps-current_influence: -0.005547863896936178
val/detection-mAP: 0.066403828561306
val/horizon-mean-time-step: 0.5321036577224731
val/loss: 2.4047632217407227
val/loss_labels: 2.075255870819092
val/loss_timestamps: 0.3295072615146637
val/mean-predicted-length: 15.831743240356445
val/mean-target-length: 19.335750579833984
val/next-item-accuracy: 0.33882713317871094
val/next-item-mae: 0.30504754185676575
val/next-item-mean-time-step: 0.5272538661956787
val/next-item-rmse: 0.34668925404548645
val/optimal-transport-distance: 0.905844509601593
val/timestamps-bias-mean: 0.6610963940620422
val/timestamps-current_influence: -0.005547863431274891
