date: '2024-08-09 14:57:17'
test/T-mAP: 0.26634860038757324
test/horizon-mean-time-step: 0.5915222764015198
test/loss: 2.307645320892334
test/loss_labels: 1.989759922027588
test/loss_timestamps: 0.31788554787635803
test/mean-predicted-length: 15.393834114074707
test/mean-target-length: 19.20047378540039
test/next-item-accuracy: 0.35685867071151733
test/next-item-mae: 0.2947627902030945
test/next-item-mean-time-step: 0.5270746350288391
test/next-item-rmse: 0.3369404673576355
test/optimal-transport-distance: 24.944942474365234
test/timestamps-bias-mean: 0.6750118136405945
test/timestamps-current_influence: -0.00019585898553486913
val/T-mAP: 0.2611572742462158
val/horizon-mean-time-step: 0.5921817421913147
val/loss: 2.3179659843444824
val/loss_labels: 2.013956308364868
val/loss_timestamps: 0.30400949716567993
val/mean-predicted-length: 15.374284744262695
val/mean-target-length: 19.335750579833984
val/next-item-accuracy: 0.3482304811477661
val/next-item-mae: 0.2973140478134155
val/next-item-mean-time-step: 0.5216032266616821
val/next-item-rmse: 0.3387177884578705
val/optimal-transport-distance: 25.050756454467773
val/timestamps-bias-mean: 0.682414710521698
val/timestamps-current_influence: -0.0001958589709829539
