date: '2024-08-05 15:50:13'
test/detection-mAP: 0.17164847254753113
test/horizon-mean-time-step: 0.593692421913147
test/loss: 2.3051979541778564
test/loss_labels: 1.9878928661346436
test/loss_timestamps: 0.3173050880432129
test/mean-predicted-length: 15.326888084411621
test/mean-target-length: 19.20047378540039
test/next-item-accuracy: 0.35755929350852966
test/next-item-mae: 0.29573050141334534
test/next-item-mean-time-step: 0.5277560949325562
test/next-item-rmse: 0.33689624071121216
test/optimal-transport-distance: 3.5390424728393555
test/timestamps-bias-mean: 0.6878128051757812
test/timestamps-current_influence: -0.00012653836165554821
val/detection-mAP: 0.17042739689350128
val/horizon-mean-time-step: 0.5962961912155151
val/loss: 2.3142290115356445
val/loss_labels: 2.011286497116089
val/loss_timestamps: 0.30294281244277954
val/mean-predicted-length: 15.296451568603516
val/mean-target-length: 19.335750579833984
val/next-item-accuracy: 0.34692731499671936
val/next-item-mae: 0.2966271638870239
val/next-item-mean-time-step: 0.5221253633499146
val/next-item-rmse: 0.3369031548500061
val/optimal-transport-distance: 3.5641417503356934
val/timestamps-bias-mean: 0.695621132850647
val/timestamps-current_influence: -0.00012653836165554821
