date: '2024-05-28 15:59:35'
test/detection-mAP: 0.0025425907224416733
test/horizon-mean-time-step: 0.8479611873626709
test/loss: 3.1727800369262695
test/loss_labels: 2.4459149837493896
test/loss_timestamps: 0.7268663048744202
test/mean-predicted-length: 8.139678001403809
test/mean-target-length: 9.136935234069824
test/next-item-accuracy: 0.3749508857727051
test/next-item-mae: 0.6950746774673462
test/next-item-mean-time-step: 0.8238661885261536
test/optimal-transport-distance: 0.4836316704750061
test/timestamps-bias-mean: 0.4931630492210388
test/timestamps-current_influence: -0.26898694038391113
val/detection-mAP: 0.003085790667682886
val/horizon-mean-time-step: 0.8467282652854919
val/loss: 3.152446746826172
val/loss_labels: 2.426676034927368
val/loss_timestamps: 0.7257716059684753
val/mean-predicted-length: 8.162703514099121
val/mean-target-length: 9.149765014648438
val/next-item-accuracy: 0.37762147188186646
val/next-item-mae: 0.693985104560852
val/next-item-mean-time-step: 0.8242483139038086
val/optimal-transport-distance: 0.48355013132095337
val/timestamps-bias-mean: 0.49429869651794434
val/timestamps-current_influence: -0.2689872980117798
