date: '2024-05-28 15:03:45'
test/detection-mAP: 0.07976631075143814
test/horizon-mean-time-step: 0.7188291549682617
test/loss: 2.902738571166992
test/loss_labels: 2.2571487426757812
test/loss_timestamps: 0.6455903649330139
test/mean-predicted-length: 10.305948257446289
test/mean-target-length: 9.136935234069824
test/next-item-accuracy: 0.38251549005508423
test/next-item-mae: 0.6858377456665039
test/next-item-mean-time-step: 0.8237385153770447
test/optimal-transport-distance: 23.292587280273438
test/timestamps-bias-mean: 0.5024418830871582
test/timestamps-current_influence: -0.21806375682353973
val/detection-mAP: 0.07880910485982895
val/horizon-mean-time-step: 0.721808135509491
val/loss: 2.88280987739563
val/loss_labels: 2.239022731781006
val/loss_timestamps: 0.643787682056427
val/mean-predicted-length: 10.301397323608398
val/mean-target-length: 9.149765014648438
val/next-item-accuracy: 0.3851332366466522
val/next-item-mae: 0.6850132346153259
val/next-item-mean-time-step: 0.8241122961044312
val/optimal-transport-distance: 23.21523094177246
val/timestamps-bias-mean: 0.5031506419181824
val/timestamps-current_influence: -0.2180638313293457
