date: '2026-02-21 17:37:04'
test/T-mAP: 0.12273311614990234
test/T-mAP-weighted: 0.4038415551185608
test/horizon-max-f-score: 0.19059371948242188
test/horizon-max-f-score-weighted: 0.47006648778915405
test/horizon-mean-time-step: 0.5740529894828796
test/loss: 3.5348706245422363
test/loss_labels: 2.7941324710845947
test/loss_timestamps: 0.7407383918762207
test/mean-predicted-length: 18.13479232788086
test/mean-target-length: 15.583646774291992
test/next-item-accuracy: 0.342237263917923
test/next-item-mae: 0.7370303869247437
test/next-item-map: 0.08449574559926987
test/next-item-map-weighted: 0.2864413261413574
test/next-item-max-f-score: 0.13841921091079712
test/next-item-max-f-score-weighted: 0.4001855254173279
test/next-item-mean-time-step: 0.9499892592430115
test/next-item-rmse: 1.1484674215316772
test/next-k-label-distribution-delta: 8.058843612670898
test/optimal-transport-distance: 13.448508262634277
test/sequence-labels-entropy: 0.9562627077102661
test/target-sequence-labels-entropy: 1.4227652549743652
val/T-mAP: 0.12742853164672852
val/T-mAP-weighted: 0.41538238525390625
val/horizon-max-f-score: 0.1927681863307953
val/horizon-max-f-score-weighted: 0.4808866083621979
val/horizon-mean-time-step: 0.574462354183197
val/loss: 3.4317729473114014
val/loss_labels: 2.6825578212738037
val/loss_timestamps: 0.749215304851532
val/mean-predicted-length: 18.083660125732422
val/mean-target-length: 15.263496398925781
val/next-item-accuracy: 0.3552165925502777
val/next-item-mae: 0.7436642050743103
val/next-item-map: 0.08635551482439041
val/next-item-map-weighted: 0.3011173903942108
val/next-item-max-f-score: 0.14622706174850464
val/next-item-max-f-score-weighted: 0.4134826958179474
val/next-item-mean-time-step: 0.969456672668457
val/next-item-rmse: 1.1673121452331543
val/next-k-label-distribution-delta: 7.781908988952637
val/optimal-transport-distance: 13.299978256225586
val/sequence-labels-entropy: 0.8910403847694397
val/target-sequence-labels-entropy: 1.385812759399414
