date: '2025-12-14 06:05:06'
test/T-mAP: 0.11292170733213425
test/T-mAP-weighted: 0.3496135473251343
test/horizon-max-f-score: 0.17905321717262268
test/horizon-max-f-score-weighted: 0.42204052209854126
test/horizon-mean-time-step: 0.4333511292934418
test/loss: 2.480518341064453
test/loss_labels: 1.8040722608566284
test/loss_timestamps: 0.676446259021759
test/mean-predicted-length: 21.54840850830078
test/mean-target-length: 15.583646774291992
test/next-item-accuracy: 0.4153662323951721
test/next-item-mae: 0.674830436706543
test/next-item-map: 0.10686996579170227
test/next-item-map-weighted: 0.3188924193382263
test/next-item-max-f-score: 0.16272307932376862
test/next-item-max-f-score-weighted: 0.42447227239608765
test/next-item-mean-time-step: 0.8975623250007629
test/next-item-rmse: 1.079787015914917
test/next-k-label-distribution-delta: 9.41772174835205
test/optimal-transport-distance: 13.363348960876465
test/sequence-labels-entropy: 0.42388176918029785
test/target-sequence-labels-entropy: 1.4227653741836548
val/T-mAP: 0.12095978111028671
val/T-mAP-weighted: 0.3555561900138855
val/horizon-max-f-score: 0.18401789665222168
val/horizon-max-f-score-weighted: 0.4239215850830078
val/horizon-mean-time-step: 0.435255765914917
val/loss: 2.4240190982818604
val/loss_labels: 1.7371530532836914
val/loss_timestamps: 0.6868661046028137
val/mean-predicted-length: 21.77833366394043
val/mean-target-length: 15.263496398925781
val/next-item-accuracy: 0.43416717648506165
val/next-item-mae: 0.6833570003509521
val/next-item-map: 0.11003468185663223
val/next-item-map-weighted: 0.339205801486969
val/next-item-max-f-score: 0.16754090785980225
val/next-item-max-f-score-weighted: 0.44095760583877563
val/next-item-mean-time-step: 0.9238743782043457
val/next-item-rmse: 1.100055456161499
val/next-k-label-distribution-delta: 9.17697525024414
val/optimal-transport-distance: 13.286235809326172
val/sequence-labels-entropy: 0.39179643988609314
val/target-sequence-labels-entropy: 1.3858129978179932
