date: '2025-02-24 09:21:28'
test/T-mAP: 0.2494577169418335
test/T-mAP-weighted: 0.334134966135025
test/horizon-max-f-score: 0.3502122163772583
test/horizon-max-f-score-weighted: 0.4371156692504883
test/horizon-mean-time-step: 0.7178595066070557
test/loss: 7.56868839263916
test/loss__presence: 0.28432998061180115
test/loss_labels: 1.1974687576293945
test/loss_next_item_labels: 1.1366617679595947
test/loss_next_item_timestamps: 2.2158966064453125
test/loss_timestamps: 2.73432993888855
test/match_cost_mean: -2.930809736251831
test/match_cost_std: 10.490564346313477
test/max_cost: 60.67872619628906
test/mean-predicted-length: 8.472970008850098
test/mean-target-length: 8.919472694396973
test/next-item-accuracy: 0.5863623023033142
test/next-item-mae: 3.0157470703125
test/next-item-map: 0.4641113877296448
test/next-item-map-weighted: 0.5915960073471069
test/next-item-max-f-score: 0.4905540347099304
test/next-item-max-f-score-weighted: 0.5987290740013123
test/next-item-mean-time-step: 27.831016540527344
test/next-item-rmse: 8.923283576965332
test/next-k-label-distribution-delta: 5.443242073059082
test/optimal-transport-distance: 6.586029529571533
test/prediction_match_rate: 0.24737361073493958
test/sequence-labels-entropy: 1.3803610801696777
test/target_match_rate: 1.0
val/T-mAP: 0.2527812421321869
val/T-mAP-weighted: 0.33637362718582153
val/horizon-max-f-score: 0.3531923294067383
val/horizon-max-f-score-weighted: 0.4383057951927185
val/horizon-mean-time-step: 0.7181755304336548
val/loss: 7.525673866271973
val/loss__presence: 0.2891598641872406
val/loss_labels: 1.1948301792144775
val/loss_next_item_labels: 1.1325215101242065
val/loss_next_item_timestamps: 2.1768667697906494
val/loss_timestamps: 2.7323012351989746
val/match_cost_mean: -2.8442039489746094
val/match_cost_std: 10.504253387451172
val/max_cost: 60.61207580566406
val/mean-predicted-length: 8.571389198303223
val/mean-target-length: 9.000659942626953
val/next-item-accuracy: 0.5882719159126282
val/next-item-mae: 2.961217164993286
val/next-item-map: 0.46372222900390625
val/next-item-map-weighted: 0.5925071239471436
val/next-item-max-f-score: 0.4910164475440979
val/next-item-max-f-score-weighted: 0.6006454229354858
val/next-item-mean-time-step: 27.108800888061523
val/next-item-rmse: 8.832188606262207
val/next-k-label-distribution-delta: 5.436645030975342
val/optimal-transport-distance: 6.565250873565674
val/prediction_match_rate: 0.2512611746788025
val/sequence-labels-entropy: 1.388708472251892
val/target_match_rate: 1.0
