date: '2025-02-24 09:20:24'
test/T-mAP: 0.41394248604774475
test/T-mAP-weighted: 0.5515633821487427
test/horizon-max-f-score: 0.45384812355041504
test/horizon-max-f-score-weighted: 0.5812240242958069
test/horizon-mean-time-step: 0.6959715485572815
test/loss: 4.182711601257324
test/loss__presence: 0.2661740481853485
test/loss_labels: 1.1810390949249268
test/loss_timestamps: 2.735499858856201
test/match_cost_mean: -4.598881721496582
test/match_cost_std: 12.032051086425781
test/max_cost: 118.39153289794922
test/mean-predicted-length: 9.653806686401367
test/mean-target-length: 8.919472694396973
test/next-item-accuracy: 0.3033082187175751
test/next-item-mae: 2.7419967651367188
test/next-item-map: 0.242057666182518
test/next-item-map-weighted: 0.30266377329826355
test/next-item-max-f-score: 0.316724568605423
test/next-item-max-f-score-weighted: 0.38596203923225403
test/next-item-mean-time-step: 27.41415786743164
test/next-item-rmse: 8.595416069030762
test/next-k-label-distribution-delta: 5.319615364074707
test/optimal-transport-distance: 65.56966400146484
test/prediction_match_rate: 0.24737361073493958
test/sequence-labels-entropy: 1.3656247854232788
test/target_match_rate: 1.0
val/T-mAP: 0.4185026288032532
val/T-mAP-weighted: 0.5539928674697876
val/horizon-max-f-score: 0.45685702562332153
val/horizon-max-f-score-weighted: 0.5822130441665649
val/horizon-mean-time-step: 0.696022629737854
val/loss: 4.175187587738037
val/loss__presence: 0.2706427574157715
val/loss_labels: 1.178191065788269
val/loss_timestamps: 2.7263543605804443
val/match_cost_mean: -4.549178123474121
val/match_cost_std: 12.058958053588867
val/max_cost: 118.5348129272461
val/mean-predicted-length: 9.76653003692627
val/mean-target-length: 9.000659942626953
val/next-item-accuracy: 0.30319085717201233
val/next-item-mae: 2.695859432220459
val/next-item-map: 0.2413032203912735
val/next-item-map-weighted: 0.3031854033470154
val/next-item-max-f-score: 0.31576696038246155
val/next-item-max-f-score-weighted: 0.3855380415916443
val/next-item-mean-time-step: 26.70256996154785
val/next-item-rmse: 8.516501426696777
val/next-k-label-distribution-delta: 5.318548202514648
val/optimal-transport-distance: 65.5306396484375
val/prediction_match_rate: 0.2512611746788025
val/sequence-labels-entropy: 1.3733899593353271
val/target_match_rate: 1.0
