date: '2025-02-24 09:23:47'
test/T-mAP: 0.20043982565402985
test/T-mAP-weighted: 0.24924640357494354
test/horizon-max-f-score: 0.37466445565223694
test/horizon-max-f-score-weighted: 0.43239539861679077
test/horizon-mean-time-step: 0.22811263799667358
test/loss: 8.179354667663574
test/loss_decoder_labels: 2.621656656265259
test/loss_decoder_timestamps: 2.843315839767456
test/loss_diffusion: 2.7143826484680176
test/loss_embedder_regularizer: 8.66913296704297e-07
test/mean-predicted-length: 15.382579803466797
test/mean-target-length: 8.919472694396973
test/next-item-accuracy: 0.5341118574142456
test/next-item-mae: 2.9921529293060303
test/next-item-map: 0.3845023810863495
test/next-item-map-weighted: 0.5287553668022156
test/next-item-max-f-score: 0.4292910695075989
test/next-item-max-f-score-weighted: 0.5571460723876953
test/next-item-mean-time-step: 27.6728572845459
test/next-item-rmse: 8.757187843322754
test/next-k-label-distribution-delta: 4.602077007293701
test/optimal-transport-distance: 6.83799934387207
test/sequence-labels-entropy: 1.1438124179840088
val/T-mAP: 0.20190386474132538
val/T-mAP-weighted: 0.24966365098953247
val/horizon-max-f-score: 0.3795298933982849
val/horizon-max-f-score-weighted: 0.43540680408477783
val/horizon-mean-time-step: 0.23287411034107208
val/loss: 8.124584197998047
val/loss_decoder_labels: 2.611504554748535
val/loss_decoder_timestamps: 2.800898551940918
val/loss_diffusion: 2.712179183959961
val/loss_embedder_regularizer: 8.664276833769691e-07
val/mean-predicted-length: 15.416420936584473
val/mean-target-length: 9.000659942626953
val/next-item-accuracy: 0.5359662175178528
val/next-item-mae: 2.9383351802825928
val/next-item-map: 0.3862553834915161
val/next-item-map-weighted: 0.5301361083984375
val/next-item-max-f-score: 0.43107932806015015
val/next-item-max-f-score-weighted: 0.5580530762672424
val/next-item-mean-time-step: 26.951330184936523
val/next-item-rmse: 8.667153358459473
val/next-k-label-distribution-delta: 4.576507091522217
val/optimal-transport-distance: 6.816745758056641
val/sequence-labels-entropy: 1.150144338607788
