date: '2024-08-05 18:03:57'
test/detection-mAP: 0.20886044204235077
test/horizon-mean-time-step: 0.20434844493865967
test/loss: 5.525882720947266
test/loss_labels: 2.6414473056793213
test/loss_timestamps: 2.8844375610351562
test/mean-predicted-length: 15.216777801513672
test/mean-target-length: 8.905867576599121
test/next-item-accuracy: 0.5689360499382019
test/next-item-mae: 26.986486434936523
test/next-item-mean-time-step: 28.28317642211914
test/next-item-rmse: 183.5751495361328
test/optimal-transport-distance: 14.276862144470215
val/detection-mAP: 0.21123594045639038
val/horizon-mean-time-step: 0.2081628441810608
val/loss: 5.4882941246032715
val/loss_labels: 2.631930351257324
val/loss_timestamps: 2.856363534927368
val/mean-predicted-length: 15.199840545654297
val/mean-target-length: 8.920743942260742
val/next-item-accuracy: 0.5707152485847473
val/next-item-mae: 26.48309326171875
val/next-item-mean-time-step: 27.738630294799805
val/next-item-rmse: 180.0948944091797
val/optimal-transport-distance: 14.31148624420166
