date: '2024-08-09 15:33:15'
test/T-mAP: 0.3033123016357422
test/horizon-mean-time-step: 0.18243123590946198
test/loss: 5.5449090003967285
test/loss_labels: 2.6507139205932617
test/loss_timestamps: 2.8941962718963623
test/mean-predicted-length: 15.42467212677002
test/mean-target-length: 8.905867576599121
test/next-item-accuracy: 0.5629575848579407
test/next-item-mae: 27.049747467041016
test/next-item-mean-time-step: 28.301464080810547
test/next-item-rmse: 183.76927185058594
test/optimal-transport-distance: 70.62566375732422
val/T-mAP: 0.3054417073726654
val/horizon-mean-time-step: 0.18381750583648682
val/loss: 5.507322311401367
val/loss_labels: 2.642090320587158
val/loss_timestamps: 2.8652307987213135
val/mean-predicted-length: 15.377750396728516
val/mean-target-length: 8.920743942260742
val/next-item-accuracy: 0.5650337338447571
val/next-item-mae: 26.540159225463867
val/next-item-mean-time-step: 27.75210952758789
val/next-item-rmse: 180.286376953125
val/optimal-transport-distance: 70.59809875488281
