date: '2024-06-06 02:16:51'
test/detection-mAP: 0.18436554074287415
test/horizon-mean-time-step: 0.18603423237800598
test/loss: 5.544503211975098
test/loss_labels: 2.65104341506958
test/loss_timestamps: 2.8934595584869385
test/mean-predicted-length: 15.469231605529785
test/mean-target-length: 8.905867576599121
test/next-item-accuracy: 0.5660855174064636
test/next-item-mae: 2.932438373565674
test/next-item-mean-time-step: 3.3304035663604736
test/next-item-rmse: 8.589235305786133
test/optimal-transport-distance: 7.360896110534668
val/detection-mAP: 0.18311096727848053
val/horizon-mean-time-step: 0.18856212496757507
val/loss: 5.507413864135742
val/loss_labels: 2.6418564319610596
val/loss_timestamps: 2.8655576705932617
val/mean-predicted-length: 15.431021690368652
val/mean-target-length: 8.920743942260742
val/next-item-accuracy: 0.5681800842285156
val/next-item-mae: 2.901132106781006
val/next-item-mean-time-step: 3.278308153152466
val/next-item-rmse: 8.539855003356934
val/optimal-transport-distance: 7.406264781951904
