date: '2024-06-06 02:19:04'
test/detection-mAP: 0.2289111614227295
test/horizon-mean-time-step: 0.9011098146438599
test/loss: 3.441131591796875
test/loss_labels: 2.6418728828430176
test/loss_timestamps: 0.7992587089538574
test/mean-predicted-length: 15.999713897705078
test/mean-target-length: 8.905867576599121
test/next-item-accuracy: 0.5653695464134216
test/next-item-mae: 2.7970168590545654
test/next-item-mean-time-step: 2.774357318878174
test/next-item-rmse: 8.259268760681152
test/optimal-transport-distance: 13.905162811279297
test/timestamps-bias-mean: 0.7074369192123413
test/timestamps-current_influence: -0.21667596697807312
val/detection-mAP: 0.23054225742816925
val/horizon-mean-time-step: 0.8995966911315918
val/loss: 3.4023208618164062
val/loss_labels: 2.6309969425201416
val/loss_timestamps: 0.7713228464126587
val/mean-predicted-length: 16.0
val/mean-target-length: 8.920743942260742
val/next-item-accuracy: 0.5675824880599976
val/next-item-mae: 2.7627272605895996
val/next-item-mean-time-step: 2.7457375526428223
val/next-item-rmse: 8.202492713928223
val/optimal-transport-distance: 13.93282699584961
val/timestamps-bias-mean: 0.7122148871421814
val/timestamps-current_influence: -0.2166759967803955
