date: '2024-08-05 17:59:21'
test/detection-mAP: 0.22263985872268677
test/horizon-mean-time-step: 2.7807905673980713
test/loss: 2.2457833290100098
test/loss_labels: 1.2115724086761475
test/loss_timestamps: 1.0342100858688354
test/mean-predicted-length: 9.026290893554688
test/mean-target-length: 8.905867576599121
test/next-item-accuracy: 0.5704888105392456
test/next-item-mae: 27.79292106628418
test/next-item-mean-time-step: 28.18439292907715
test/next-item-rmse: 183.93853759765625
test/optimal-transport-distance: 13.75217342376709
test/timestamps-bias-mean: 2.8376059532165527
test/timestamps-current_influence: -0.007677673362195492
val/detection-mAP: 0.22030876576900482
val/horizon-mean-time-step: 2.784440755844116
val/loss: 3.226579189300537
val/loss_labels: 1.2076857089996338
val/loss_timestamps: 2.0188944339752197
val/mean-predicted-length: 8.927982330322266
val/mean-target-length: 8.920743942260742
val/next-item-accuracy: 0.5711407661437988
val/next-item-mae: 27.27695083618164
val/next-item-mean-time-step: 27.652421951293945
val/next-item-rmse: 180.44984436035156
val/optimal-transport-distance: 13.754650115966797
val/timestamps-bias-mean: 2.8655943870544434
val/timestamps-current_influence: -0.007677674759179354
