date: '2024-08-09 15:37:32'
test/T-mAP: 0.156051367521286
test/horizon-mean-time-step: 3.0502853393554688
test/loss: 5.450927734375
test/loss_labels: 2.6549644470214844
test/loss_timestamps: 2.795966148376465
test/mean-predicted-length: 8.644315719604492
test/mean-target-length: 8.905867576599121
test/next-item-accuracy: 0.5626219511032104
test/next-item-mae: 27.534677505493164
test/next-item-mean-time-step: 28.080734252929688
test/next-item-rmse: 184.342041015625
test/optimal-transport-distance: 7.738948822021484
test/timestamps-bias-mean: -0.012561758048832417
test/timestamps-current_influence: -0.02548118308186531
val/T-mAP: 0.15669478476047516
val/horizon-mean-time-step: 3.0548274517059326
val/loss: 5.522463798522949
val/loss_labels: 2.6415610313415527
val/loss_timestamps: 2.880903959274292
val/mean-predicted-length: 8.590547561645508
val/mean-target-length: 8.920743942260742
val/next-item-accuracy: 0.5649703741073608
val/next-item-mae: 27.02138328552246
val/next-item-mean-time-step: 27.554492950439453
val/next-item-rmse: 180.8617401123047
val/optimal-transport-distance: 7.749863147735596
val/timestamps-bias-mean: -0.012149655260145664
val/timestamps-current_influence: -0.02548118121922016
