date: '2024-06-06 02:15:03'
test/detection-mAP: 0.34226635098457336
test/horizon-mean-time-step: 1.0137264728546143
test/loss: 0.9183513522148132
test/loss_labels: 1.1958911418914795
test/loss_timestamps: -0.2775406241416931
test/mean-predicted-length: 15.96683120727539
test/mean-target-length: 8.905867576599121
test/next-item-accuracy: 0.5718223452568054
test/next-item-mae: 2.833087921142578
test/next-item-mean-time-step: 2.8291068077087402
test/next-item-rmse: 8.228050231933594
test/optimal-transport-distance: 58.626644134521484
test/timestamps-bias-mean: 1.1894817352294922
test/timestamps-current_influence: -0.12812361121177673
val/detection-mAP: 0.338239848613739
val/horizon-mean-time-step: 1.0165680646896362
val/loss: 0.9109404683113098
val/loss_labels: 1.1929360628128052
val/loss_timestamps: -0.2819957435131073
val/mean-predicted-length: 15.964388847351074
val/mean-target-length: 8.920743942260742
val/next-item-accuracy: 0.5726799964904785
val/next-item-mae: 2.8001251220703125
val/next-item-mean-time-step: 2.7989132404327393
val/next-item-rmse: 8.171819686889648
val/optimal-transport-distance: 58.39421081542969
val/timestamps-bias-mean: 1.1962486505508423
val/timestamps-current_influence: -0.12812362611293793
