date: '2024-08-05 18:06:43'
test/detection-mAP: 0.30927419662475586
test/horizon-mean-time-step: 2.8318002223968506
test/loss: 5.204946994781494
test/loss_labels: 2.657397985458374
test/loss_timestamps: 2.5475502014160156
test/mean-predicted-length: 9.022852897644043
test/mean-target-length: 8.905867576599121
test/next-item-accuracy: 0.5582185983657837
test/next-item-mae: 27.589683532714844
test/next-item-mean-time-step: 28.08499526977539
test/next-item-rmse: 184.3246612548828
test/optimal-transport-distance: 85.73072052001953
test/timestamps-bias-mean: 0.04310419782996178
test/timestamps-current_influence: -0.02683120407164097
val/detection-mAP: 0.30955883860588074
val/horizon-mean-time-step: 2.8307461738586426
val/loss: 5.9084625244140625
val/loss_labels: 2.644102096557617
val/loss_timestamps: 3.2643589973449707
val/mean-predicted-length: 8.997394561767578
val/mean-target-length: 8.920743942260742
val/next-item-accuracy: 0.560244083404541
val/next-item-mae: 27.078128814697266
val/next-item-mean-time-step: 27.554975509643555
val/next-item-rmse: 180.84451293945312
val/optimal-transport-distance: 85.92040252685547
val/timestamps-bias-mean: 0.04714983329176903
val/timestamps-current_influence: -0.02683120034635067
