date: '2024-08-09 15:19:21'
test/T-mAP: 0.3439374566078186
test/horizon-mean-time-step: 2.7165651321411133
test/loss: 0.6796543002128601
test/loss_labels: 1.2186540365219116
test/loss_timestamps: -0.5390005111694336
test/mean-predicted-length: 9.000716209411621
test/mean-target-length: 8.905867576599121
test/next-item-accuracy: 0.5691373944282532
test/next-item-mae: 27.939096450805664
test/next-item-mean-time-step: 28.214988708496094
test/next-item-rmse: 183.97056579589844
test/optimal-transport-distance: 48.361915588378906
test/timestamps-bias-mean: 2.4770700931549072
test/timestamps-current_influence: -0.013001197949051857
val/T-mAP: 0.34282201528549194
val/horizon-mean-time-step: 2.723961114883423
val/loss: 1.1171334981918335
val/loss_labels: 1.2137134075164795
val/loss_timestamps: -0.09658057242631912
val/mean-predicted-length: 8.937753677368164
val/mean-target-length: 8.920743942260742
val/next-item-accuracy: 0.570511519908905
val/next-item-mae: 27.42188835144043
val/next-item-mean-time-step: 27.682226181030273
val/next-item-rmse: 180.4834747314453
val/optimal-transport-distance: 48.40716552734375
val/timestamps-bias-mean: 2.5037920475006104
val/timestamps-current_influence: -0.013001195155084133
