date: '2026-02-22 13:25:52'
test/T-mAP: 0.1138031929731369
test/T-mAP-weighted: 0.3870295584201813
test/horizon-max-f-score: 0.17603270709514618
test/horizon-max-f-score-weighted: 0.4344489574432373
test/horizon-mean-time-step: 0.3922847509384155
test/loss: 2.478847026824951
test/loss_labels: 1.807868480682373
test/loss_timestamps: 0.6709782481193542
test/mean-predicted-length: 23.321929931640625
test/mean-target-length: 15.583646774291992
test/next-item-accuracy: 0.4106289744377136
test/next-item-mae: 0.6693395376205444
test/next-item-map: 0.10656074434518814
test/next-item-map-weighted: 0.3201327919960022
test/next-item-max-f-score: 0.16341285407543182
test/next-item-max-f-score-weighted: 0.42437344789505005
test/next-item-mean-time-step: 0.894193708896637
test/next-item-rmse: 1.0839481353759766
test/next-k-label-distribution-delta: 9.229558944702148
test/optimal-transport-distance: 13.604879379272461
test/sequence-labels-entropy: 0.4699723422527313
test/target-sequence-labels-entropy: 1.4227652549743652
val/T-mAP: 0.12573623657226562
val/T-mAP-weighted: 0.40171903371810913
val/horizon-max-f-score: 0.19582825899124146
val/horizon-max-f-score-weighted: 0.4429352581501007
val/horizon-mean-time-step: 0.40620332956314087
val/loss: 2.4365506172180176
val/loss_labels: 1.7527660131454468
val/loss_timestamps: 0.6837847828865051
val/mean-predicted-length: 22.931354522705078
val/mean-target-length: 15.263496398925781
val/next-item-accuracy: 0.4277811646461487
val/next-item-mae: 0.6804295182228088
val/next-item-map: 0.11073128134012222
val/next-item-map-weighted: 0.33712026476860046
val/next-item-max-f-score: 0.17471997439861298
val/next-item-max-f-score-weighted: 0.43969443440437317
val/next-item-mean-time-step: 0.9216095209121704
val/next-item-rmse: 1.1050989627838135
val/next-k-label-distribution-delta: 8.998211860656738
val/optimal-transport-distance: 13.461308479309082
val/sequence-labels-entropy: 0.46045762300491333
val/target-sequence-labels-entropy: 1.385812759399414
