date: '2025-02-24 08:30:54'
test/T-mAP: 0.20496706664562225
test/T-mAP-weighted: 0.2519843280315399
test/horizon-max-f-score: 0.35870257019996643
test/horizon-max-f-score-weighted: 0.4115063548088074
test/horizon-mean-time-step: 0.8824102878570557
test/loss: 8.179354667663574
test/loss_decoder_labels: 2.621656656265259
test/loss_decoder_timestamps: 2.843315839767456
test/loss_diffusion: 2.7143826484680176
test/loss_embedder_regularizer: 8.66913296704297e-07
test/mean-predicted-length: 3.8686740398406982
test/mean-target-length: 8.919472694396973
test/next-item-accuracy: 0.5341118574142456
test/next-item-mae: 2.9921529293060303
test/next-item-map: 0.3845023810863495
test/next-item-map-weighted: 0.5287553668022156
test/next-item-max-f-score: 0.4292910695075989
test/next-item-max-f-score-weighted: 0.5571460723876953
test/next-item-mean-time-step: 27.6728572845459
test/next-item-rmse: 8.757187843322754
test/sequence-labels-entropy: 1.110910177230835
val/T-mAP: 0.20593632757663727
val/T-mAP-weighted: 0.2518138587474823
val/horizon-max-f-score: 0.362573504447937
val/horizon-max-f-score-weighted: 0.41449880599975586
val/horizon-mean-time-step: 0.9060479402542114
val/loss: 8.124584197998047
val/loss_decoder_labels: 2.611504554748535
val/loss_decoder_timestamps: 2.800898551940918
val/loss_diffusion: 2.712179183959961
val/loss_embedder_regularizer: 8.664276833769691e-07
val/mean-predicted-length: 3.876042127609253
val/mean-target-length: 9.000659942626953
val/next-item-accuracy: 0.5359662175178528
val/next-item-mae: 2.9383351802825928
val/next-item-map: 0.3862553834915161
val/next-item-map-weighted: 0.5301361083984375
val/next-item-max-f-score: 0.43107932806015015
val/next-item-max-f-score-weighted: 0.5580530762672424
val/next-item-mean-time-step: 26.951330184936523
val/next-item-rmse: 8.667153358459473
val/sequence-labels-entropy: 1.1191633939743042
