date: '2024-08-05 15:43:40'
test/detection-mAP: 0.22726979851722717
test/horizon-mean-time-step: 2.0500869750976562
test/loss: 3.3142380714416504
test/loss_labels: 1.196794867515564
test/loss_timestamps: 2.1174428462982178
test/mean-predicted-length: 6.668170928955078
test/mean-target-length: 8.905867576599121
test/next-item-accuracy: 0.5723996162414551
test/next-item-mae: 26.94028663635254
test/next-item-mean-time-step: 28.329206466674805
test/next-item-rmse: 183.57757568359375
val/detection-mAP: 0.22849881649017334
val/horizon-mean-time-step: 2.0549404621124268
val/loss: 3.2967586517333984
val/loss_labels: 1.1931777000427246
val/loss_timestamps: 2.103581666946411
val/mean-predicted-length: 6.640417098999023
val/mean-target-length: 8.920743942260742
val/next-item-accuracy: 0.573186993598938
val/next-item-mae: 26.439773559570312
val/next-item-mean-time-step: 27.78314971923828
val/next-item-rmse: 180.1024169921875
