date: '2024-08-09 14:08:25'
test/T-mAP: 0.19955675303936005
test/horizon-mean-time-step: 1.791223406791687
test/loss: 3.3075857162475586
test/loss_labels: 1.1902480125427246
test/loss_timestamps: 2.1173360347747803
test/mean-predicted-length: 3.7091481685638428
test/mean-target-length: 8.905867576599121
test/next-item-accuracy: 0.5729634761810303
test/next-item-mae: 26.940143585205078
test/next-item-mean-time-step: 28.32124900817871
test/next-item-rmse: 183.59063720703125
val/T-mAP: 0.20331445336341858
val/horizon-mean-time-step: 1.8072189092636108
val/loss: 3.2871456146240234
val/loss_labels: 1.187531590461731
val/loss_timestamps: 2.0996146202087402
val/mean-predicted-length: 3.6970179080963135
val/mean-target-length: 8.920743942260742
val/next-item-accuracy: 0.5746175646781921
val/next-item-mae: 26.435903549194336
val/next-item-mean-time-step: 27.776744842529297
val/next-item-rmse: 180.1009063720703
