date: '2024-06-05 13:54:34'
test/detection-mAP: 0.18844817578792572
test/horizon-mean-time-step: 1.5833909511566162
test/loss: 3.2975528240203857
test/loss_labels: 1.1870715618133545
test/loss_timestamps: 2.1104817390441895
test/mean-predicted-length: 1.9108102321624756
test/mean-target-length: 8.905867576599121
test/next-item-accuracy: 0.5732722282409668
test/next-item-mae: 2.8592581748962402
test/next-item-mean-time-step: 3.4064013957977295
test/next-item-rmse: 8.603056907653809
val/detection-mAP: 0.19075734913349152
val/horizon-mean-time-step: 1.639729619026184
val/loss: 3.2763307094573975
val/loss_labels: 1.183724045753479
val/loss_timestamps: 2.092606782913208
val/mean-predicted-length: 1.9059785604476929
val/mean-target-length: 8.920743942260742
val/next-item-accuracy: 0.5747307538986206
val/next-item-mae: 2.8222758769989014
val/next-item-mean-time-step: 3.3560502529144287
val/next-item-rmse: 8.546004295349121
