date: '2024-08-04 20:26:10'
test/detection-mAP: 0.2109197974205017
test/horizon-mean-time-step: .nan
test/loss: 3.3144431114196777
test/loss_labels: 1.1933666467666626
test/loss_timestamps: 2.121077060699463
test/mean-predicted-length: 0.968837320804596
test/mean-target-length: 8.905867576599121
test/next-item-accuracy: 0.5724309682846069
test/next-item-mae: 26.943254470825195
test/next-item-mean-time-step: 28.279497146606445
test/next-item-rmse: 183.7232208251953
val/detection-mAP: 0.2148803323507309
val/horizon-mean-time-step: .nan
val/loss: 3.2957913875579834
val/loss_labels: 1.189963936805725
val/loss_timestamps: 2.1058266162872314
val/mean-predicted-length: 0.9682976007461548
val/mean-target-length: 8.920743942260742
val/next-item-accuracy: 0.573553740978241
val/next-item-mae: 26.441797256469727
val/next-item-mean-time-step: 27.737104415893555
val/next-item-rmse: 180.24415588378906
