date: '2025-02-24 08:29:49'
test/T-mAP: 0.19631727039813995
test/T-mAP-weighted: 0.25015777349472046
test/horizon-max-f-score: 0.36331069469451904
test/horizon-max-f-score-weighted: 0.43537411093711853
test/horizon-mean-time-step: 1.556343674659729
test/loss: 3.3731534481048584
test/loss_labels: 1.142775535583496
test/loss_timestamps: 2.2303781509399414
test/mean-predicted-length: 1.8816889524459839
test/mean-target-length: 8.919472694396973
test/next-item-accuracy: 0.5851001143455505
test/next-item-mae: 3.041997194290161
test/next-item-map: 0.46063533425331116
test/next-item-map-weighted: 0.5895780324935913
test/next-item-max-f-score: 0.48798680305480957
test/next-item-max-f-score-weighted: 0.597784161567688
test/next-item-mean-time-step: 27.876733779907227
test/next-item-rmse: 8.97658634185791
test/sequence-labels-entropy: 0.9792398810386658
val/T-mAP: 0.19694240391254425
val/T-mAP-weighted: 0.2498476207256317
val/horizon-max-f-score: 0.3670608401298523
val/horizon-max-f-score-weighted: 0.43853068351745605
val/horizon-mean-time-step: 1.5900115966796875
val/loss: 3.330212116241455
val/loss_labels: 1.138554334640503
val/loss_timestamps: 2.191657304763794
val/mean-predicted-length: 1.8855350017547607
val/mean-target-length: 9.000659942626953
val/next-item-accuracy: 0.5866541266441345
val/next-item-mae: 2.988544225692749
val/next-item-map: 0.46117690205574036
val/next-item-map-weighted: 0.5905311107635498
val/next-item-max-f-score: 0.4895484447479248
val/next-item-max-f-score-weighted: 0.5996779799461365
val/next-item-mean-time-step: 27.1545467376709
val/next-item-rmse: 8.887300491333008
val/sequence-labels-entropy: 0.9859486222267151
