date: '2025-02-24 08:31:34'
test/T-mAP: 0.22185824811458588
test/T-mAP-weighted: 0.2798408567905426
test/horizon-max-f-score: 0.40124884247779846
test/horizon-max-f-score-weighted: 0.4685533344745636
test/horizon-mean-time-step: 1.911505937576294
test/loss: 3.3731534481048584
test/loss_labels: 1.142775535583496
test/loss_timestamps: 2.2303781509399414
test/mean-predicted-length: 4.456229209899902
test/mean-target-length: 8.919472694396973
test/next-item-accuracy: 0.5851001143455505
test/next-item-mae: 3.041997194290161
test/next-item-map: 0.46063533425331116
test/next-item-map-weighted: 0.5895780324935913
test/next-item-max-f-score: 0.48798680305480957
test/next-item-max-f-score-weighted: 0.597784161567688
test/next-item-mean-time-step: 27.876733779907227
test/next-item-rmse: 8.97658634185791
test/sequence-labels-entropy: 1.3023897409439087
val/T-mAP: 0.224044531583786
val/T-mAP-weighted: 0.2810509204864502
val/horizon-max-f-score: 0.4056112468242645
val/horizon-max-f-score-weighted: 0.472125768661499
val/horizon-mean-time-step: 1.9327247142791748
val/loss: 3.330212116241455
val/loss_labels: 1.138554334640503
val/loss_timestamps: 2.191657304763794
val/mean-predicted-length: 4.457859992980957
val/mean-target-length: 9.000659942626953
val/next-item-accuracy: 0.5866541266441345
val/next-item-mae: 2.988544225692749
val/next-item-map: 0.46117690205574036
val/next-item-map-weighted: 0.5905311107635498
val/next-item-max-f-score: 0.4895484447479248
val/next-item-max-f-score-weighted: 0.5996779799461365
val/next-item-mean-time-step: 27.1545467376709
val/next-item-rmse: 8.887300491333008
val/sequence-labels-entropy: 1.3073348999023438
