date: '2025-02-24 08:29:13'
test/T-mAP: 0.21663038432598114
test/T-mAP-weighted: 0.2911054491996765
test/horizon-max-f-score: 0.4242932200431824
test/horizon-max-f-score-weighted: 0.5358670353889465
test/loss: 3.3731534481048584
test/loss_labels: 1.142775535583496
test/loss_timestamps: 2.2303781509399414
test/mean-predicted-length: 0.9549003839492798
test/mean-target-length: 8.919472694396973
test/next-item-accuracy: 0.5851001143455505
test/next-item-mae: 3.041997194290161
test/next-item-map: 0.46063533425331116
test/next-item-map-weighted: 0.5895780324935913
test/next-item-max-f-score: 0.48798680305480957
test/next-item-max-f-score-weighted: 0.597784161567688
test/next-item-mean-time-step: 27.876733779907227
test/next-item-rmse: 8.97658634185791
test/sequence-labels-entropy: 0.6554409265518188
val/T-mAP: 0.217518612742424
val/T-mAP-weighted: 0.29085272550582886
val/horizon-max-f-score: 0.42779871821403503
val/horizon-max-f-score-weighted: 0.5379835367202759
val/loss: 3.330212116241455
val/loss_labels: 1.138554334640503
val/loss_timestamps: 2.191657304763794
val/mean-predicted-length: 0.9570756554603577
val/mean-target-length: 9.000659942626953
val/next-item-accuracy: 0.5866541266441345
val/next-item-mae: 2.988544225692749
val/next-item-map: 0.46117690205574036
val/next-item-map-weighted: 0.5905311107635498
val/next-item-max-f-score: 0.4895484447479248
val/next-item-max-f-score-weighted: 0.5996779799461365
val/next-item-mean-time-step: 27.1545467376709
val/next-item-rmse: 8.887300491333008
val/sequence-labels-entropy: 0.6607239842414856
