date: '2025-02-24 08:34:51'
test/T-mAP: 0.260498046875
test/T-mAP-weighted: 0.3338469862937927
test/horizon-max-f-score: 0.4390866458415985
test/horizon-max-f-score-weighted: 0.5312225818634033
test/horizon-mean-time-step: 2.3177618980407715
test/loss: 3.3731534481048584
test/loss_labels: 1.142775535583496
test/loss_timestamps: 2.2303781509399414
test/mean-predicted-length: 8.731348037719727
test/mean-target-length: 8.919472694396973
test/next-item-accuracy: 0.5851001143455505
test/next-item-mae: 3.041997194290161
test/next-item-map: 0.46063533425331116
test/next-item-map-weighted: 0.5895780324935913
test/next-item-max-f-score: 0.48798680305480957
test/next-item-max-f-score-weighted: 0.597784161567688
test/next-item-mean-time-step: 27.876733779907227
test/next-item-rmse: 8.97658634185791
test/next-k-label-distribution-delta: 3.943063735961914
test/optimal-transport-distance: 11.477958679199219
test/sequence-labels-entropy: 1.437915563583374
val/T-mAP: 0.2635784149169922
val/T-mAP-weighted: 0.3363797962665558
val/horizon-max-f-score: 0.44498127698898315
val/horizon-max-f-score-weighted: 0.5356279015541077
val/horizon-mean-time-step: 2.3077518939971924
val/loss: 3.330212116241455
val/loss_labels: 1.138554334640503
val/loss_timestamps: 2.191657304763794
val/mean-predicted-length: 8.74041748046875
val/mean-target-length: 9.000659942626953
val/next-item-accuracy: 0.5866541266441345
val/next-item-mae: 2.988544225692749
val/next-item-map: 0.46117690205574036
val/next-item-map-weighted: 0.5905311107635498
val/next-item-max-f-score: 0.4895484447479248
val/next-item-max-f-score-weighted: 0.5996779799461365
val/next-item-mean-time-step: 27.1545467376709
val/next-item-rmse: 8.887300491333008
val/next-k-label-distribution-delta: 3.913931131362915
val/optimal-transport-distance: 11.426056861877441
val/sequence-labels-entropy: 1.4416650533676147
