date: '2024-08-04 22:07:05'
test/detection-mAP: 0.2072308212518692
test/horizon-mean-time-step: 0.12623374164104462
test/loss: 5.761417865753174
test/loss_labels: 2.8375725746154785
test/loss_timestamps: 2.9238460063934326
test/mean-predicted-length: 23.27552032470703
test/mean-target-length: 8.905867576599121
test/next-item-accuracy: 0.5671058297157288
test/next-item-mae: 27.01551628112793
test/next-item-mean-time-step: 28.191009521484375
test/next-item-rmse: 183.7301788330078
test/optimal-transport-distance: 13.965675354003906
val/detection-mAP: 0.20944134891033173
val/horizon-mean-time-step: 0.12766939401626587
val/loss: 5.726517677307129
val/loss_labels: 2.8209447860717773
val/loss_timestamps: 2.905574083328247
val/mean-predicted-length: 23.245946884155273
val/mean-target-length: 8.920743942260742
val/next-item-accuracy: 0.5689361095428467
val/next-item-mae: 26.512311935424805
val/next-item-mean-time-step: 27.64876937866211
val/next-item-rmse: 180.25326538085938
val/optimal-transport-distance: 14.00640869140625
