date: '2024-08-05 15:32:03'
test/T-mAP: 0.0958215743303299
test/horizon-mean-time-step: 6.239876747131348
test/loss: -1.5732614994049072
test/loss_nhp: -1.5732614994049072
test/mean-predicted-length: 2.748979091644287
test/mean-target-length: 8.905867576599121
test/next-item-accuracy: 0.22656039893627167
test/next-item-mae: 28.776254653930664
test/next-item-mean-time-step: 29.438892364501953
test/next-item-rmse: 184.5787811279297
test/thinning_accepted: 23.11365509033203
val/T-mAP: 0.09663582593202591
val/horizon-mean-time-step: 6.190593242645264
val/loss: -1.533610224723816
val/loss_nhp: -1.533610224723816
val/mean-predicted-length: 2.7328460216522217
val/mean-target-length: 8.920743942260742
val/next-item-accuracy: 0.2258242666721344
val/next-item-mae: 28.29035186767578
val/next-item-mean-time-step: 28.90540313720703
val/next-item-rmse: 181.1663360595703
val/thinning_accepted: 21.691970825195312
