date: '2024-06-05 21:20:27'
test/detection-mAP: 0.1526256501674652
test/horizon-mean-time-step: 5.491462707519531
test/loss: -0.09903030842542648
test/loss_nhp: -0.09903030842542648
test/mean-predicted-length: 1.9992836713790894
test/mean-target-length: 8.905867576599121
test/next-item-accuracy: 0.23774321377277374
test/next-item-mae: 6.3553361892700195
test/next-item-mean-time-step: 3.7526774406433105
test/next-item-rmse: 10.093194961547852
val/detection-mAP: 0.15637406706809998
val/horizon-mean-time-step: 5.475375175476074
val/loss: -0.10683026909828186
val/loss_nhp: -0.10683026909828186
val/mean-predicted-length: 1.9990590810775757
val/mean-target-length: 8.920743942260742
val/next-item-accuracy: 0.23874907195568085
val/next-item-mae: 6.3075714111328125
val/next-item-mean-time-step: 3.717379093170166
val/next-item-rmse: 10.03984260559082
