date: '2024-08-05 15:38:50'
test/T-mAP: 0.09024769812822342
test/horizon-mean-time-step: 6.5601677894592285
test/loss: -1.6569311618804932
test/loss_nhp: -1.6569311618804932
test/mean-predicted-length: 3.0119636058807373
test/mean-target-length: 8.905867576599121
test/next-item-accuracy: 0.22686916589736938
test/next-item-mae: 28.765731811523438
test/next-item-mean-time-step: 29.43252182006836
test/next-item-rmse: 184.60244750976562
test/thinning_accepted: 22.64291763305664
val/T-mAP: 0.09122595191001892
val/horizon-mean-time-step: 6.467504978179932
val/loss: -1.633278727531433
val/loss_nhp: -1.633278727531433
val/mean-predicted-length: 2.999131441116333
val/mean-target-length: 8.920743942260742
val/next-item-accuracy: 0.22584237158298492
val/next-item-mae: 28.305002212524414
val/next-item-mean-time-step: 28.920442581176758
val/next-item-rmse: 181.16941833496094
val/thinning_accepted: 21.72189712524414
