date: '2024-08-05 15:27:02'
test/T-mAP: 0.11155640333890915
test/horizon-mean-time-step: 5.013030529022217
test/loss: -1.5569885969161987
test/loss_nhp: -1.5569885969161987
test/mean-predicted-length: 1.6875851154327393
test/mean-target-length: 8.905867576599121
test/next-item-accuracy: 0.2270660698413849
test/next-item-mae: 28.775896072387695
test/next-item-mean-time-step: 29.42951774597168
test/next-item-rmse: 184.56202697753906
test/thinning_accepted: 22.844783782958984
val/T-mAP: 0.11048953235149384
val/horizon-mean-time-step: 4.71699857711792
val/loss: -1.588991403579712
val/loss_nhp: -1.588991403579712
val/mean-predicted-length: 1.682976245880127
val/mean-target-length: 8.920743942260742
val/next-item-accuracy: 0.22669799625873566
val/next-item-mae: 28.280649185180664
val/next-item-mean-time-step: 28.922765731811523
val/next-item-rmse: 181.15846252441406
val/thinning_accepted: 21.804378509521484
