date: '2024-08-05 16:07:30'
test/T-mAP: 0.08317769318819046
test/horizon-mean-time-step: 6.42144250869751
test/loss: -1.6280632019042969
test/loss_nhp: -1.6280632019042969
test/mean-predicted-length: 3.333906412124634
test/mean-target-length: 8.905867576599121
test/next-item-accuracy: 0.22700342535972595
test/next-item-mae: 28.761585235595703
test/next-item-mean-time-step: 29.422218322753906
test/next-item-rmse: 184.5817413330078
test/optimal-transport-distance: 17.79878807067871
test/thinning_accepted: 22.559797286987305
val/T-mAP: 0.08247118443250656
val/horizon-mean-time-step: 6.382089614868164
val/loss: -1.6012076139450073
val/loss_nhp: -1.6012076139450073
val/mean-predicted-length: 3.3566155433654785
val/mean-target-length: 8.920743942260742
val/next-item-accuracy: 0.22641731798648834
val/next-item-mae: 28.278030395507812
val/next-item-mean-time-step: 28.910602569580078
val/next-item-rmse: 181.1699676513672
val/optimal-transport-distance: 17.81261444091797
val/thinning_accepted: 22.170072555541992
