date: '2024-06-05 22:14:58'
test/detection-mAP: 0.0860651358962059
test/horizon-mean-time-step: 1.2743756771087646
test/loss: -0.10488898307085037
test/loss_nhp: -0.10488898307085037
test/mean-predicted-length: 15.700264930725098
test/mean-target-length: 8.905867576599121
test/next-item-accuracy: 0.23771189153194427
test/next-item-mae: 6.354251861572266
test/next-item-mean-time-step: 3.7503907680511475
test/next-item-rmse: 10.09215259552002
test/optimal-transport-distance: 18.824777603149414
val/detection-mAP: 0.08548427373170853
val/horizon-mean-time-step: 1.2767349481582642
val/loss: -0.09881088882684708
val/loss_nhp: -0.09881088882684708
val/mean-predicted-length: 15.695063591003418
val/mean-target-length: 8.920743942260742
val/next-item-accuracy: 0.23879887163639069
val/next-item-mae: 6.308350563049316
val/next-item-mean-time-step: 3.7191226482391357
val/next-item-rmse: 10.041647911071777
val/optimal-transport-distance: 18.864360809326172
