date: '2024-08-05 15:47:18'
test/T-mAP: 0.08620291203260422
test/horizon-mean-time-step: 6.391922473907471
test/loss: -1.4213330745697021
test/loss_nhp: -1.4213330745697021
test/mean-predicted-length: 3.281968593597412
test/mean-target-length: 8.905867576599121
test/next-item-accuracy: 0.2268020510673523
test/next-item-mae: 28.770647048950195
test/next-item-mean-time-step: 29.432025909423828
test/next-item-rmse: 184.61376953125
test/thinning_accepted: 22.909244537353516
val/T-mAP: 0.08547292649745941
val/horizon-mean-time-step: 6.375032424926758
val/loss: -1.5252271890640259
val/loss_nhp: -1.5252271890640259
val/mean-predicted-length: 3.30790376663208
val/mean-target-length: 8.920743942260742
val/next-item-accuracy: 0.22586500644683838
val/next-item-mae: 28.295251846313477
val/next-item-mean-time-step: 28.909143447875977
val/next-item-rmse: 181.16864013671875
val/thinning_accepted: 21.816787719726562
