date: '2024-06-05 21:36:29'
test/detection-mAP: 0.09784576296806335
test/horizon-mean-time-step: 1.7647223472595215
test/loss: -0.10053150355815887
test/loss_nhp: -0.10053150355815887
test/mean-predicted-length: 7.432910442352295
test/mean-target-length: 8.905867576599121
test/next-item-accuracy: 0.23770740628242493
test/next-item-mae: 6.357646942138672
test/next-item-mean-time-step: 3.7520289421081543
test/next-item-rmse: 10.09698486328125
val/detection-mAP: 0.09690669924020767
val/horizon-mean-time-step: 1.7724162340164185
val/loss: -0.10549217462539673
val/loss_nhp: -0.10549217462539673
val/mean-predicted-length: 7.422119140625
val/mean-target-length: 8.920743942260742
val/next-item-accuracy: 0.2387581318616867
val/next-item-mae: 6.309635162353516
val/next-item-mean-time-step: 3.7214367389678955
val/next-item-rmse: 10.043550491333008
