date: '2024-08-05 15:56:20'
test/T-mAP: 0.16706274449825287
test/horizon-mean-time-step: 2.5172533988952637
test/loss: -1.1046180725097656
test/loss_nhp: -1.1046180725097656
test/mean-predicted-length: 7.887241363525391
test/mean-target-length: 8.905867576599121
test/next-item-accuracy: 0.44399645924568176
test/next-item-mae: 27.25593376159668
test/next-item-mean-time-step: 27.963520050048828
test/next-item-rmse: 185.0225830078125
test/thinning_accepted: 41.586936950683594
val/T-mAP: 0.167890265583992
val/horizon-mean-time-step: 2.522939682006836
val/loss: 0.28386691212654114
val/loss_nhp: 0.28386691212654114
val/mean-predicted-length: 7.893022537231445
val/mean-target-length: 8.920743942260742
val/next-item-accuracy: 0.44476285576820374
val/next-item-mae: 26.74376678466797
val/next-item-mean-time-step: 27.433425903320312
val/next-item-rmse: 181.53599548339844
val/thinning_accepted: 41.613136291503906
