date: '2024-08-05 00:20:28'
test/detection-mAP: 0.19165322184562683
test/horizon-mean-time-step: 3.0460238456726074
test/loss: 5.708609104156494
test/loss_labels: 2.844604015350342
test/loss_timestamps: 2.8640050888061523
test/mean-predicted-length: 8.780571937561035
test/mean-target-length: 8.905867576599121
test/next-item-accuracy: 0.5616598129272461
test/next-item-mae: 27.589794158935547
test/next-item-mean-time-step: 28.10099983215332
test/next-item-rmse: 184.33030700683594
test/optimal-transport-distance: 14.923345565795898
test/timestamps-bias-mean: -0.3923950791358948
test/timestamps-current_influence: -0.028624577447772026
val/detection-mAP: 0.19287541508674622
val/horizon-mean-time-step: 3.0442428588867188
val/loss: 5.2706475257873535
val/loss_labels: 2.825791120529175
val/loss_timestamps: 2.4448564052581787
val/mean-predicted-length: 8.74471664428711
val/mean-target-length: 8.920743942260742
val/next-item-accuracy: 0.5632998943328857
val/next-item-mae: 27.07744026184082
val/next-item-mean-time-step: 27.570703506469727
val/next-item-rmse: 180.84710693359375
val/optimal-transport-distance: 14.933740615844727
val/timestamps-bias-mean: -0.38634592294692993
val/timestamps-current_influence: -0.028624577447772026
