date: '2024-08-05 16:52:46'
test/detection-mAP: 0.2169496864080429
test/horizon-mean-time-step: 2.76457142829895
test/loss: 2.2457833290100098
test/loss_labels: 1.2115724086761475
test/loss_timestamps: 1.0342100858688354
test/mean-predicted-length: 9.237695693969727
test/mean-target-length: 8.905867576599121
test/next-item-accuracy: 0.5704888105392456
test/next-item-mae: 27.791961669921875
test/next-item-mean-time-step: 28.1835994720459
test/next-item-rmse: 183.9301300048828
test/optimal-transport-distance: 13.763455390930176
test/timestamps-bias-mean: 2.8376059532165527
test/timestamps-current_influence: -0.007677673362195492
val/detection-mAP: 0.21656006574630737
val/horizon-mean-time-step: 2.770087480545044
val/loss: 3.226579189300537
val/loss_labels: 1.2076857089996338
val/loss_timestamps: 2.0188944339752197
val/mean-predicted-length: 9.133033752441406
val/mean-target-length: 8.920743942260742
val/next-item-accuracy: 0.5711407661437988
val/next-item-mae: 27.27826499938965
val/next-item-mean-time-step: 27.652240753173828
val/next-item-rmse: 180.4572296142578
val/optimal-transport-distance: 13.759688377380371
val/timestamps-bias-mean: 2.8655943870544434
val/timestamps-current_influence: -0.007677674759179354
