date: '2024-06-05 14:00:56'
test/detection-mAP: 0.2284308820962906
test/horizon-mean-time-step: 1.0365360975265503
test/loss: 0.9183513522148132
test/loss_labels: 1.1958911418914795
test/loss_timestamps: -0.2775406241416931
test/mean-predicted-length: 11.99935531616211
test/mean-target-length: 8.905867576599121
test/next-item-accuracy: 0.5718223452568054
test/next-item-mae: 2.8328092098236084
test/next-item-mean-time-step: 2.829293966293335
test/next-item-rmse: 8.227866172790527
test/optimal-transport-distance: 12.967111587524414
test/timestamps-bias-mean: 1.1894817352294922
test/timestamps-current_influence: -0.12812361121177673
val/detection-mAP: 0.22978723049163818
val/horizon-mean-time-step: 1.0410733222961426
val/loss: 0.9109404683113098
val/loss_labels: 1.1929360628128052
val/loss_timestamps: -0.2819957435131073
val/mean-predicted-length: 11.999566078186035
val/mean-target-length: 8.920743942260742
val/next-item-accuracy: 0.5726799964904785
val/next-item-mae: 2.7990994453430176
val/next-item-mean-time-step: 2.798774003982544
val/next-item-rmse: 8.171666145324707
val/optimal-transport-distance: 12.930899620056152
val/timestamps-bias-mean: 1.1962486505508423
val/timestamps-current_influence: -0.12812362611293793
