date: '2024-08-05 15:44:15'
test/detection-mAP: 0.21280042827129364
test/horizon-mean-time-step: 2.923978328704834
test/loss: 2.2457833290100098
test/loss_labels: 1.2115724086761475
test/loss_timestamps: 1.0342100858688354
test/mean-predicted-length: 6.429902076721191
test/mean-target-length: 8.905867576599121
test/next-item-accuracy: 0.5704888105392456
test/next-item-mae: 27.793270111083984
test/next-item-mean-time-step: 28.18377685546875
test/next-item-rmse: 183.93429565429688
test/timestamps-bias-mean: 2.8376059532165527
test/timestamps-current_influence: -0.007677673362195492
val/detection-mAP: 0.21369130909442902
val/horizon-mean-time-step: 2.947338819503784
val/loss: 3.226579189300537
val/loss_labels: 1.2076857089996338
val/loss_timestamps: 2.0188944339752197
val/mean-predicted-length: 6.388462543487549
val/mean-target-length: 8.920743942260742
val/next-item-accuracy: 0.5711407661437988
val/next-item-mae: 27.28040885925293
val/next-item-mean-time-step: 27.654661178588867
val/next-item-rmse: 180.4532012939453
val/timestamps-bias-mean: 2.8655943870544434
val/timestamps-current_influence: -0.007677674759179354
