date: '2024-08-09 14:16:55'
test/T-mAP: 0.20912347733974457
test/horizon-mean-time-step: 2.9182398319244385
test/loss: 0.6796543002128601
test/loss_labels: 1.2186540365219116
test/loss_timestamps: -0.5390005111694336
test/mean-predicted-length: 6.369081020355225
test/mean-target-length: 8.905867576599121
test/next-item-accuracy: 0.5691373944282532
test/next-item-mae: 27.93916130065918
test/next-item-mean-time-step: 28.21430206298828
test/next-item-rmse: 183.96261596679688
test/timestamps-bias-mean: 2.4770700931549072
test/timestamps-current_influence: -0.013001197949051857
val/T-mAP: 0.21066321432590485
val/horizon-mean-time-step: 2.9283287525177
val/loss: 1.1171334981918335
val/loss_labels: 1.2137134075164795
val/loss_timestamps: -0.09658057242631912
val/mean-predicted-length: 6.363636493682861
val/mean-target-length: 8.920743942260742
val/next-item-accuracy: 0.570511519908905
val/next-item-mae: 27.4234676361084
val/next-item-mean-time-step: 27.685035705566406
val/next-item-rmse: 180.48886108398438
val/timestamps-bias-mean: 2.5037920475006104
val/timestamps-current_influence: -0.013001195155084133
