date: '2024-08-09 14:02:12'
test/T-mAP: 0.19084444642066956
test/horizon-mean-time-step: .nan
test/loss: 0.6796543002128601
test/loss_labels: 1.2186540365219116
test/loss_timestamps: -0.5390005111694336
test/mean-predicted-length: 1.0
test/mean-target-length: 8.905867576599121
test/next-item-accuracy: 0.5691373944282532
test/next-item-mae: 27.939664840698242
test/next-item-mean-time-step: 28.215965270996094
test/next-item-rmse: 183.96372985839844
test/timestamps-bias-mean: 2.4770700931549072
test/timestamps-current_influence: -0.013001197949051857
val/T-mAP: 0.19242140650749207
val/horizon-mean-time-step: .nan
val/loss: 1.1171334981918335
val/loss_labels: 1.2137134075164795
val/loss_timestamps: -0.09658057242631912
val/mean-predicted-length: 1.0
val/mean-target-length: 8.920743942260742
val/next-item-accuracy: 0.570511519908905
val/next-item-mae: 27.423721313476562
val/next-item-mean-time-step: 27.684823989868164
val/next-item-rmse: 180.48626708984375
val/timestamps-bias-mean: 2.5037920475006104
val/timestamps-current_influence: -0.013001195155084133
