date: '2024-08-09 14:13:27'
test/T-mAP: 0.19339895248413086
test/horizon-mean-time-step: 2.786447525024414
test/loss: 0.6796543002128601
test/loss_labels: 1.2186540365219116
test/loss_timestamps: -0.5390005111694336
test/mean-predicted-length: 4.452969551086426
test/mean-target-length: 8.905867576599121
test/next-item-accuracy: 0.5691373944282532
test/next-item-mae: 27.93731689453125
test/next-item-mean-time-step: 28.211912155151367
test/next-item-rmse: 183.97085571289062
test/timestamps-bias-mean: 2.4770700931549072
test/timestamps-current_influence: -0.013001197949051857
val/T-mAP: 0.19498252868652344
val/horizon-mean-time-step: 2.7758424282073975
val/loss: 1.1171334981918335
val/loss_labels: 1.2137134075164795
val/loss_timestamps: -0.09658057242631912
val/mean-predicted-length: 4.445932388305664
val/mean-target-length: 8.920743942260742
val/next-item-accuracy: 0.570511519908905
val/next-item-mae: 27.42452621459961
val/next-item-mean-time-step: 27.68491554260254
val/next-item-rmse: 180.4872283935547
val/timestamps-bias-mean: 2.5037920475006104
val/timestamps-current_influence: -0.013001195155084133
