date: '2024-06-05 13:57:28'
test/detection-mAP: 0.2105415314435959
test/horizon-mean-time-step: 1.0900169610977173
test/loss: 0.9183513522148132
test/loss_labels: 1.1958911418914795
test/loss_timestamps: -0.2775406241416931
test/mean-predicted-length: 5.0
test/mean-target-length: 8.905867576599121
test/next-item-accuracy: 0.5718223452568054
test/next-item-mae: 2.8330130577087402
test/next-item-mean-time-step: 2.82849383354187
test/next-item-rmse: 8.228363990783691
test/timestamps-bias-mean: 1.1894817352294922
test/timestamps-current_influence: -0.12812361121177673
val/detection-mAP: 0.21231156587600708
val/horizon-mean-time-step: 1.0936611890792847
val/loss: 0.9109404683113098
val/loss_labels: 1.1929360628128052
val/loss_timestamps: -0.2819957435131073
val/mean-predicted-length: 5.0
val/mean-target-length: 8.920743942260742
val/next-item-accuracy: 0.5726799964904785
val/next-item-mae: 2.8007712364196777
val/next-item-mean-time-step: 2.799144983291626
val/next-item-rmse: 8.171814918518066
val/timestamps-bias-mean: 1.1962486505508423
val/timestamps-current_influence: -0.12812362611293793
