date: '2024-08-05 15:30:15'
test/detection-mAP: 0.1880098134279251
test/horizon-mean-time-step: 2.7860312461853027
test/loss: 2.2457833290100098
test/loss_labels: 1.2115724086761475
test/loss_timestamps: 1.0342100858688354
test/mean-predicted-length: 3.696396589279175
test/mean-target-length: 8.905867576599121
test/next-item-accuracy: 0.5704888105392456
test/next-item-mae: 27.792585372924805
test/next-item-mean-time-step: 28.183338165283203
test/next-item-rmse: 183.93026733398438
test/timestamps-bias-mean: 2.8376059532165527
test/timestamps-current_influence: -0.007677673362195492
val/detection-mAP: 0.190618634223938
val/horizon-mean-time-step: 2.8085877895355225
val/loss: 3.226579189300537
val/loss_labels: 1.2076857089996338
val/loss_timestamps: 2.0188944339752197
val/mean-predicted-length: 3.6844961643218994
val/mean-target-length: 8.920743942260742
val/next-item-accuracy: 0.5711407661437988
val/next-item-mae: 27.280378341674805
val/next-item-mean-time-step: 27.65479278564453
val/next-item-rmse: 180.45333862304688
val/timestamps-bias-mean: 2.8655943870544434
val/timestamps-current_influence: -0.007677674759179354
