date: '2024-08-05 15:36:40'
test/detection-mAP: 0.19605043530464172
test/horizon-mean-time-step: 2.819523811340332
test/loss: 2.2457833290100098
test/loss_labels: 1.2115724086761475
test/loss_timestamps: 1.0342100858688354
test/mean-predicted-length: 4.463500022888184
test/mean-target-length: 8.905867576599121
test/next-item-accuracy: 0.5704888105392456
test/next-item-mae: 27.79206657409668
test/next-item-mean-time-step: 28.185375213623047
test/next-item-rmse: 183.93243408203125
test/timestamps-bias-mean: 2.8376059532165527
test/timestamps-current_influence: -0.007677673362195492
val/detection-mAP: 0.19865724444389343
val/horizon-mean-time-step: 2.836956024169922
val/loss: 3.226579189300537
val/loss_labels: 1.2076857089996338
val/loss_timestamps: 2.0188944339752197
val/mean-predicted-length: 4.446221828460693
val/mean-target-length: 8.920743942260742
val/next-item-accuracy: 0.5711407661437988
val/next-item-mae: 27.27984046936035
val/next-item-mean-time-step: 27.65569305419922
val/next-item-rmse: 180.45262145996094
val/timestamps-bias-mean: 2.8655943870544434
val/timestamps-current_influence: -0.007677674759179354
