date: '2024-08-04 23:50:13'
test/detection-mAP: 0.19490526616573334
test/horizon-mean-time-step: 3.233696460723877
test/loss: 5.661425590515137
test/loss_labels: 2.487962245941162
test/loss_timestamps: 3.173462152481079
test/mean-predicted-length: 7.692599773406982
test/mean-target-length: 8.905867576599121
test/next-item-accuracy: 0.563060462474823
test/next-item-mae: 27.62994384765625
test/next-item-mean-time-step: 28.114425659179688
test/next-item-rmse: 184.28306579589844
test/optimal-transport-distance: 14.979534149169922
test/timestamps-bias-mean: 0.18402427434921265
test/timestamps-current_influence: -0.02198003977537155
val/detection-mAP: 0.19560027122497559
val/horizon-mean-time-step: 3.2408998012542725
val/loss: 5.471144676208496
val/loss_labels: 2.476815938949585
val/loss_timestamps: 2.9943294525146484
val/mean-predicted-length: 7.675014495849609
val/mean-target-length: 8.920743942260742
val/next-item-accuracy: 0.5650563836097717
val/next-item-mae: 27.116493225097656
val/next-item-mean-time-step: 27.58266258239746
val/next-item-rmse: 180.8065185546875
val/optimal-transport-distance: 15.026278495788574
val/timestamps-bias-mean: 0.19615085422992706
val/timestamps-current_influence: -0.02198003977537155
