date: '2024-08-05 15:58:15'
test/detection-mAP: 0.22114787995815277
test/horizon-mean-time-step: 2.7599740028381348
test/loss: 2.2457833290100098
test/loss_labels: 1.2115724086761475
test/loss_timestamps: 1.0342100858688354
test/mean-predicted-length: 8.14778995513916
test/mean-target-length: 8.905867576599121
test/next-item-accuracy: 0.5704888105392456
test/next-item-mae: 27.792560577392578
test/next-item-mean-time-step: 28.182809829711914
test/next-item-rmse: 183.93905639648438
test/optimal-transport-distance: 13.751945495605469
test/timestamps-bias-mean: 2.8376059532165527
test/timestamps-current_influence: -0.007677673362195492
val/detection-mAP: 0.2214047908782959
val/horizon-mean-time-step: 2.7740933895111084
val/loss: 3.226579189300537
val/loss_labels: 1.2076857089996338
val/loss_timestamps: 2.0188944339752197
val/mean-predicted-length: 8.077229499816895
val/mean-target-length: 8.920743942260742
val/next-item-accuracy: 0.5711407661437988
val/next-item-mae: 27.27835464477539
val/next-item-mean-time-step: 27.653738021850586
val/next-item-rmse: 180.4510040283203
val/optimal-transport-distance: 13.758552551269531
val/timestamps-bias-mean: 2.8655943870544434
val/timestamps-current_influence: -0.007677674759179354
