date: '2024-08-09 14:30:18'
test/T-mAP: 0.21458789706230164
test/horizon-mean-time-step: 2.7454681396484375
test/loss: 0.6796543002128601
test/loss_labels: 1.2186540365219116
test/loss_timestamps: -0.5390005111694336
test/mean-predicted-length: 9.188982009887695
test/mean-target-length: 8.905867576599121
test/next-item-accuracy: 0.5691373944282532
test/next-item-mae: 27.93730354309082
test/next-item-mean-time-step: 28.213621139526367
test/next-item-rmse: 183.96400451660156
test/optimal-transport-distance: 13.929232597351074
test/timestamps-bias-mean: 2.4770700931549072
test/timestamps-current_influence: -0.013001197949051857
val/T-mAP: 0.21652449667453766
val/horizon-mean-time-step: 2.747575283050537
val/loss: 1.1171334981918335
val/loss_labels: 1.2137134075164795
val/loss_timestamps: -0.09658057242631912
val/mean-predicted-length: 9.12898063659668
val/mean-target-length: 8.920743942260742
val/next-item-accuracy: 0.570511519908905
val/next-item-mae: 27.42460823059082
val/next-item-mean-time-step: 27.684114456176758
val/next-item-rmse: 180.4884796142578
val/optimal-transport-distance: 13.922198295593262
val/timestamps-bias-mean: 2.5037920475006104
val/timestamps-current_influence: -0.013001195155084133
