date: '2024-08-05 15:25:50'
test/detection-mAP: 0.1778382807970047
test/horizon-mean-time-step: 2.714961290359497
test/loss: 2.2457833290100098
test/loss_labels: 1.2115724086761475
test/loss_timestamps: 1.0342100858688354
test/mean-predicted-length: 1.9861737489700317
test/mean-target-length: 8.905867576599121
test/next-item-accuracy: 0.5704888105392456
test/next-item-mae: 27.791088104248047
test/next-item-mean-time-step: 28.183176040649414
test/next-item-rmse: 183.9315948486328
test/timestamps-bias-mean: 2.8376059532165527
test/timestamps-current_influence: -0.007677673362195492
val/detection-mAP: 0.18000954389572144
val/horizon-mean-time-step: 2.7658984661102295
val/loss: 3.226579189300537
val/loss_labels: 1.2076857089996338
val/loss_timestamps: 2.0188944339752197
val/mean-predicted-length: 1.984655499458313
val/mean-target-length: 8.920743942260742
val/next-item-accuracy: 0.5711407661437988
val/next-item-mae: 27.27627182006836
val/next-item-mean-time-step: 27.65448570251465
val/next-item-rmse: 180.44874572753906
val/timestamps-bias-mean: 2.8655943870544434
val/timestamps-current_influence: -0.007677674759179354
