date: '2024-06-05 14:06:12'
test/detection-mAP: 0.1776139736175537
test/horizon-mean-time-step: 1.0290324687957764
test/loss: 0.9183513522148132
test/loss_labels: 1.1958911418914795
test/loss_timestamps: -0.2775406241416931
test/mean-predicted-length: 22.778064727783203
test/mean-target-length: 8.905867576599121
test/next-item-accuracy: 0.5718223452568054
test/next-item-mae: 2.8335492610931396
test/next-item-mean-time-step: 2.8287627696990967
test/next-item-rmse: 8.228824615478516
test/optimal-transport-distance: 12.955676078796387
test/timestamps-bias-mean: 1.1894817352294922
test/timestamps-current_influence: -0.12812361121177673
val/detection-mAP: 0.17645373940467834
val/horizon-mean-time-step: 1.0292714834213257
val/loss: 0.9109404683113098
val/loss_labels: 1.1929360628128052
val/loss_timestamps: -0.2819957435131073
val/mean-predicted-length: 22.76259422302246
val/mean-target-length: 8.920743942260742
val/next-item-accuracy: 0.5726799964904785
val/next-item-mae: 2.8007376194000244
val/next-item-mean-time-step: 2.79938006401062
val/next-item-rmse: 8.171841621398926
val/optimal-transport-distance: 12.918082237243652
val/timestamps-bias-mean: 1.1962486505508423
val/timestamps-current_influence: -0.12812362611293793
