date: '2024-06-05 13:54:10'
test/detection-mAP: 0.21368348598480225
test/horizon-mean-time-step: .nan
test/loss: 0.9183513522148132
test/loss_labels: 1.1958911418914795
test/loss_timestamps: -0.2775406241416931
test/mean-predicted-length: 1.0
test/mean-target-length: 8.905867576599121
test/next-item-accuracy: 0.5718223452568054
test/next-item-mae: 2.8342630863189697
test/next-item-mean-time-step: 2.828805923461914
test/next-item-rmse: 8.229157447814941
test/timestamps-bias-mean: 1.1894817352294922
test/timestamps-current_influence: -0.12812361121177673
val/detection-mAP: 0.21517589688301086
val/horizon-mean-time-step: .nan
val/loss: 0.9109404683113098
val/loss_labels: 1.1929360628128052
val/loss_timestamps: -0.2819957435131073
val/mean-predicted-length: 1.0
val/mean-target-length: 8.920743942260742
val/next-item-accuracy: 0.5726799964904785
val/next-item-mae: 2.8007967472076416
val/next-item-mean-time-step: 2.799003839492798
val/next-item-rmse: 8.17198657989502
val/timestamps-bias-mean: 1.1962486505508423
val/timestamps-current_influence: -0.12812362611293793
