date: '2024-09-25 23:19:32'
test/T-mAP: 0.13486607372760773
test/T-mAP-micro: 0.25695839524269104
test/horizon-mean-time-step: 0.8862196207046509
test/loss: 0.03432823717594147
test/loss_nhp: 0.03432823717594147
test/mean-predicted-length: 18.241153717041016
test/mean-target-length: 19.20047378540039
test/next-item-accuracy: 0.11074967682361603
test/next-item-mae: 0.4600604772567749
test/next-item-map: 0.09172779321670532
test/next-item-map-micro: 0.1927184909582138
test/next-item-mean-time-step: 0.6950909495353699
test/next-item-rmse: 1.3607953786849976
test/next-k-label-distribution-delta: 6.965341567993164
test/optimal-transport-distance: 8.1178617477417
test/sequence-labels-entropy: 1.563073992729187
test/thinning_accepted: 2.325155735015869
val/T-mAP: 0.13440953195095062
val/T-mAP-micro: 0.2485271841287613
val/horizon-mean-time-step: 0.9038107991218567
val/loss: 0.05201343074440956
val/loss_nhp: 0.05201343074440956
val/mean-predicted-length: 17.702404022216797
val/mean-target-length: 19.335750579833984
val/next-item-accuracy: 0.10803628712892532
val/next-item-mae: 0.45742467045783997
val/next-item-map: 0.09208045154809952
val/next-item-map-micro: 0.18730579316616058
val/next-item-mean-time-step: 0.687139093875885
val/next-item-rmse: 1.346034049987793
val/next-k-label-distribution-delta: 6.899656295776367
val/optimal-transport-distance: 8.108084678649902
val/sequence-labels-entropy: 1.5185470581054688
val/thinning_accepted: 2.577439308166504
