date: '2024-09-25 23:51:26'
test/T-mAP: 0.13858284056186676
test/T-mAP-micro: 0.2546786963939667
test/horizon-mean-time-step: 0.8863580822944641
test/loss: 0.03432823717594147
test/loss_nhp: 0.03432823717594147
test/mean-predicted-length: 17.779460906982422
test/mean-target-length: 19.20047378540039
test/next-item-accuracy: 0.27937644720077515
test/next-item-mae: 0.4600604772567749
test/next-item-map: 0.09139852970838547
test/next-item-map-micro: 0.1905103623867035
test/next-item-mean-time-step: 0.6950909495353699
test/next-item-rmse: 1.3607953786849976
test/next-k-label-distribution-delta: 5.601240634918213
test/optimal-transport-distance: 7.004979133605957
test/sequence-labels-entropy: 0.6805267333984375
test/thinning_accepted: 2.325155735015869
val/T-mAP: 0.1384543925523758
val/T-mAP-micro: 0.24941237270832062
val/horizon-mean-time-step: 0.8725971579551697
val/loss: 0.05201343074440956
val/loss_nhp: 0.05201343074440956
val/mean-predicted-length: 17.76344871520996
val/mean-target-length: 19.335750579833984
val/next-item-accuracy: 0.27195605635643005
val/next-item-mae: 0.45742467045783997
val/next-item-map: 0.09156869351863861
val/next-item-map-micro: 0.185256227850914
val/next-item-mean-time-step: 0.687139093875885
val/next-item-rmse: 1.346034049987793
val/next-k-label-distribution-delta: 5.653567314147949
val/optimal-transport-distance: 7.067814826965332
val/sequence-labels-entropy: 0.6595367789268494
val/thinning_accepted: 2.577439308166504
