date: '2024-09-25 23:35:35'
test/T-mAP: 0.13686957955360413
test/T-mAP-micro: 0.25590094923973083
test/horizon-mean-time-step: 0.8907137513160706
test/loss: 0.03432823717594147
test/loss_nhp: 0.03432823717594147
test/mean-predicted-length: 17.947099685668945
test/mean-target-length: 19.20047378540039
test/next-item-accuracy: 0.1818636804819107
test/next-item-mae: 0.4600604772567749
test/next-item-map: 0.09175536036491394
test/next-item-map-micro: 0.19234520196914673
test/next-item-mean-time-step: 0.6950909495353699
test/next-item-rmse: 1.3607953786849976
test/next-k-label-distribution-delta: 5.980664253234863
test/optimal-transport-distance: 7.412074565887451
test/sequence-labels-entropy: 1.2762154340744019
test/thinning_accepted: 2.325155735015869
val/T-mAP: 0.13431279361248016
val/T-mAP-micro: 0.24501974880695343
val/horizon-mean-time-step: 0.9084650874137878
val/loss: 0.05201343074440956
val/loss_nhp: 0.05201343074440956
val/mean-predicted-length: 17.779855728149414
val/mean-target-length: 19.335750579833984
val/next-item-accuracy: 0.17713044583797455
val/next-item-mae: 0.45742467045783997
val/next-item-map: 0.0920100137591362
val/next-item-map-micro: 0.18682783842086792
val/next-item-mean-time-step: 0.687139093875885
val/next-item-rmse: 1.346034049987793
val/next-k-label-distribution-delta: 5.978633880615234
val/optimal-transport-distance: 7.440237045288086
val/sequence-labels-entropy: 1.2401456832885742
val/thinning_accepted: 2.577439308166504
