date: '2024-09-25 23:03:24'
test/T-mAP: 0.13311418890953064
test/T-mAP-micro: 0.2551453113555908
test/horizon-mean-time-step: 0.8825328946113586
test/loss: 0.03432823717594147
test/loss_nhp: 0.03432823717594147
test/mean-predicted-length: 18.183326721191406
test/mean-target-length: 19.20047378540039
test/next-item-accuracy: 0.0690496414899826
test/next-item-mae: 0.4600604772567749
test/next-item-map: 0.09057661890983582
test/next-item-map-micro: 0.1929115504026413
test/next-item-mean-time-step: 0.6950909495353699
test/next-item-rmse: 1.3607953786849976
test/next-k-label-distribution-delta: 7.874134063720703
test/optimal-transport-distance: 8.733236312866211
test/sequence-labels-entropy: 1.6435303688049316
test/thinning_accepted: 2.325155735015869
val/T-mAP: 0.1341736614704132
val/T-mAP-micro: 0.2471177726984024
val/horizon-mean-time-step: 0.8903186321258545
val/loss: 0.05201343074440956
val/loss_nhp: 0.05201343074440956
val/mean-predicted-length: 17.88363265991211
val/mean-target-length: 19.335750579833984
val/next-item-accuracy: 0.06848090142011642
val/next-item-mae: 0.45742467045783997
val/next-item-map: 0.09150733053684235
val/next-item-map-micro: 0.1872197836637497
val/next-item-mean-time-step: 0.687139093875885
val/next-item-rmse: 1.346034049987793
val/next-k-label-distribution-delta: 7.838992595672607
val/optimal-transport-distance: 8.738265991210938
val/sequence-labels-entropy: 1.602629542350769
val/thinning_accepted: 2.577439308166504
