date: '2024-09-26 10:46:04'
test/T-mAP: 0.1426263153553009
test/T-mAP-micro: 0.26731404662132263
test/horizon-mean-time-step: 0.8396990895271301
test/loss: 0.011197182349860668
test/loss_nhp: 0.011197182349860668
test/mean-predicted-length: 18.190805435180664
test/mean-target-length: 19.20047378540039
test/next-item-accuracy: 0.31942498683929443
test/next-item-mae: 0.45972347259521484
test/next-item-map: 0.09170173853635788
test/next-item-map-micro: 0.19261516630649567
test/next-item-mean-time-step: 0.6951693296432495
test/next-item-rmse: 1.3583072423934937
test/next-k-label-distribution-delta: 6.437796592712402
test/optimal-transport-distance: 7.358926296234131
test/sequence-labels-entropy: 0.14694446325302124
test/thinning_accepted: 2.3200933933258057
val/T-mAP: 0.14234775304794312
val/T-mAP-micro: 0.2639252543449402
val/horizon-mean-time-step: 0.8304509520530701
val/loss: 0.021100323647260666
val/loss_nhp: 0.021100323647260666
val/mean-predicted-length: 18.416635513305664
val/mean-target-length: 19.335750579833984
val/next-item-accuracy: 0.3101571500301361
val/next-item-mae: 0.47087544202804565
val/next-item-map: 0.09324634075164795
val/next-item-map-micro: 0.1867847889661789
val/next-item-mean-time-step: 0.7012674808502197
val/next-item-rmse: 1.4023842811584473
val/next-k-label-distribution-delta: 6.47462797164917
val/optimal-transport-distance: 7.38721227645874
val/sequence-labels-entropy: 0.15966977179050446
val/thinning_accepted: 2.5622053146362305
