date: '2024-09-26 00:07:12'
test/T-mAP: 0.14353972673416138
test/T-mAP-micro: 0.25392648577690125
test/horizon-mean-time-step: 0.8531461358070374
test/loss: 0.03432823717594147
test/loss_nhp: 0.03432823717594147
test/mean-predicted-length: 17.897117614746094
test/mean-target-length: 19.20047378540039
test/next-item-accuracy: 0.3184365928173065
test/next-item-mae: 0.4600604772567749
test/next-item-map: 0.09106092900037766
test/next-item-map-micro: 0.18703897297382355
test/next-item-mean-time-step: 0.6950909495353699
test/next-item-rmse: 1.3607953786849976
test/next-k-label-distribution-delta: 6.301350116729736
test/optimal-transport-distance: 7.265773773193359
test/sequence-labels-entropy: 0.1703810691833496
test/thinning_accepted: 2.325155735015869
val/T-mAP: 0.14314275979995728
val/T-mAP-micro: 0.250290185213089
val/horizon-mean-time-step: 0.8552764654159546
val/loss: 0.05201343074440956
val/loss_nhp: 0.05201343074440956
val/mean-predicted-length: 17.899274826049805
val/mean-target-length: 19.335750579833984
val/next-item-accuracy: 0.30849623680114746
val/next-item-mae: 0.45742467045783997
val/next-item-map: 0.09032021462917328
val/next-item-map-micro: 0.1807403415441513
val/next-item-mean-time-step: 0.687139093875885
val/next-item-rmse: 1.346034049987793
val/next-k-label-distribution-delta: 6.354063034057617
val/optimal-transport-distance: 7.338715553283691
val/sequence-labels-entropy: 0.1749613732099533
val/thinning_accepted: 2.577439308166504
