date: '2024-09-25 23:51:32'
test/T-mAP: 0.3356795012950897
test/T-mAP-micro: 0.536785900592804
test/horizon-mean-time-step: 0.19590513408184052
test/loss: 12.042116165161133
test/loss__presence: 0.1978592425584793
test/loss_labels: 1.2492479085922241
test/loss_next_item_labels: 9.369525909423828
test/loss_next_item_timestamps: 0.23700512945652008
test/loss_timestamps: 0.9884768724441528
test/match_cost_mean: -10.91130256652832
test/match_cost_std: 10.320626258850098
test/max_cost: 57.01443099975586
test/mean-predicted-length: 18.22929573059082
test/mean-target-length: 19.20047378540039
test/next-item-accuracy: 0.3546316623687744
test/next-item-mae: 0.2368125468492508
test/next-item-map: 0.16321372985839844
test/next-item-map-micro: 0.2816711366176605
test/next-item-mean-time-step: 0.5215569734573364
test/next-item-rmse: 0.38032281398773193
test/next-k-label-distribution-delta: 4.634075164794922
test/optimal-transport-distance: 6.033031463623047
test/prediction_match_rate: 0.3792703151702881
test/sequence-labels-entropy: 0.9415782690048218
test/target_match_rate: 1.0
val/T-mAP: 0.33821484446525574
val/T-mAP-micro: 0.5302391648292542
val/horizon-mean-time-step: 0.19570347666740417
val/loss: 12.180392265319824
val/loss__presence: 0.20480181276798248
val/loss_labels: 1.2625705003738403
val/loss_next_item_labels: 9.463496208190918
val/loss_next_item_timestamps: 0.2394125610589981
val/loss_timestamps: 1.01011061668396
val/match_cost_mean: -10.771862030029297
val/match_cost_std: 10.501033782958984
val/max_cost: 56.92877197265625
val/mean-predicted-length: 18.167875289916992
val/mean-target-length: 19.335750579833984
val/next-item-accuracy: 0.3472083806991577
val/next-item-mae: 0.23923026025295258
val/next-item-map: 0.16082917153835297
val/next-item-map-micro: 0.2716295123100281
val/next-item-mean-time-step: 0.516268789768219
val/next-item-rmse: 0.3823188543319702
val/next-k-label-distribution-delta: 4.676840782165527
val/optimal-transport-distance: 6.076033115386963
val/prediction_match_rate: 0.3807626962661743
val/sequence-labels-entropy: 0.9184904098510742
val/target_match_rate: 1.0
