date: '2024-09-26 11:09:43'
test/T-mAP: 0.3409430682659149
test/T-mAP-micro: 0.5534487962722778
test/horizon-mean-time-step: 0.18928760290145874
test/loss: 2.4355099201202393
test/loss__presence: 0.19598574936389923
test/loss_labels: 1.244795799255371
test/loss_timestamps: 0.9947285652160645
test/match_cost_mean: -11.09815502166748
test/match_cost_std: 10.049270629882812
test/max_cost: 59.027950286865234
test/mean-predicted-length: 18.325063705444336
test/mean-target-length: 19.20047378540039
test/next-item-accuracy: 0.34213292598724365
test/next-item-mae: 0.2647863030433655
test/next-item-map: 0.15236659348011017
test/next-item-map-micro: 0.26377975940704346
test/next-item-mean-time-step: 0.5183038711547852
test/next-item-rmse: 0.4072236120700836
test/next-k-label-distribution-delta: 7.773076057434082
test/optimal-transport-distance: 8.530081748962402
test/prediction_match_rate: 0.3793654441833496
test/sequence-labels-entropy: 1.7208421230316162
test/target_match_rate: 1.0
val/T-mAP: 0.3380025625228882
val/T-mAP-micro: 0.5419211387634277
val/horizon-mean-time-step: 0.18934661149978638
val/loss: 2.4778997898101807
val/loss__presence: 0.202885240316391
val/loss_labels: 1.2580622434616089
val/loss_timestamps: 1.016952395439148
val/match_cost_mean: -10.981843948364258
val/match_cost_std: 10.22217845916748
val/max_cost: 59.141136169433594
val/mean-predicted-length: 18.203357696533203
val/mean-target-length: 19.335750579833984
val/next-item-accuracy: 0.3322601318359375
val/next-item-mae: 0.27171674370765686
val/next-item-map: 0.14796920120716095
val/next-item-map-micro: 0.25405386090278625
val/next-item-mean-time-step: 0.5130192041397095
val/next-item-rmse: 0.4138210713863373
val/next-k-label-distribution-delta: 7.787867069244385
val/optimal-transport-distance: 8.561339378356934
val/prediction_match_rate: 0.3806995749473572
val/sequence-labels-entropy: 1.6655737161636353
val/target_match_rate: 1.0
