date: '2024-09-26 11:10:19'
test/T-mAP: 0.37212082743644714
test/T-mAP-micro: 0.5857914090156555
test/horizon-mean-time-step: 0.18928760290145874
test/loss: 2.435551166534424
test/loss__presence: 0.1959531605243683
test/loss_labels: 1.2449233531951904
test/loss_timestamps: 0.9946745038032532
test/match_cost_mean: -11.099324226379395
test/match_cost_std: 10.049467086791992
test/max_cost: 59.02732467651367
test/mean-predicted-length: 18.325063705444336
test/mean-target-length: 19.20047378540039
test/next-item-accuracy: 0.34165748953819275
test/next-item-mae: 0.2647863030433655
test/next-item-map: 0.15915486216545105
test/next-item-map-micro: 0.2765815258026123
test/next-item-mean-time-step: 0.5183038711547852
test/next-item-rmse: 0.4072236120700836
test/next-k-label-distribution-delta: 4.695366859436035
test/optimal-transport-distance: 5.98272705078125
test/prediction_match_rate: 0.379335880279541
test/sequence-labels-entropy: 0.9503771066665649
test/target_match_rate: 1.0
val/T-mAP: 0.36994343996047974
val/T-mAP-micro: 0.5738096237182617
val/horizon-mean-time-step: 0.18934661149978638
val/loss: 2.4777305126190186
val/loss__presence: 0.20314788818359375
val/loss_labels: 1.2576673030853271
val/loss_timestamps: 1.0169154405593872
val/match_cost_mean: -10.974716186523438
val/match_cost_std: 10.2296724319458
val/max_cost: 59.19926452636719
val/mean-predicted-length: 18.203357696533203
val/mean-target-length: 19.335750579833984
val/next-item-accuracy: 0.33136579394340515
val/next-item-mae: 0.27171674370765686
val/next-item-map: 0.15435031056404114
val/next-item-map-micro: 0.2656475603580475
val/next-item-mean-time-step: 0.5130192041397095
val/next-item-rmse: 0.4138210713863373
val/next-k-label-distribution-delta: 4.72796630859375
val/optimal-transport-distance: 6.040132522583008
val/prediction_match_rate: 0.3807843029499054
val/sequence-labels-entropy: 0.9199408292770386
val/target_match_rate: 1.0
