date: '2024-09-26 10:20:36'
test/T-mAP: 0.3726961016654968
test/T-mAP-micro: 0.5840213894844055
test/horizon-mean-time-step: 0.19590513408184052
test/loss: 4.659825325012207
test/loss__presence: 0.19810308516025543
test/loss_labels: 1.249161720275879
test/loss_next_item_labels: 1.9873862266540527
test/loss_next_item_timestamps: 0.23700512945652008
test/loss_timestamps: 0.9881695508956909
test/match_cost_mean: -10.89984130859375
test/match_cost_std: 10.322182655334473
test/max_cost: 57.02110290527344
test/mean-predicted-length: 18.22929573059082
test/mean-target-length: 19.20047378540039
test/next-item-accuracy: 0.3571714460849762
test/next-item-mae: 0.2368125468492508
test/next-item-map: 0.17269766330718994
test/next-item-map-micro: 0.29771727323532104
test/next-item-mean-time-step: 0.5215569734573364
test/next-item-rmse: 0.38032281398773193
test/next-k-label-distribution-delta: 4.632980823516846
test/optimal-transport-distance: 6.02399206161499
test/prediction_match_rate: 0.379335880279541
test/sequence-labels-entropy: 0.9336013793945312
test/target_match_rate: 1.0
val/T-mAP: 0.37292706966400146
val/T-mAP-micro: 0.5748373866081238
val/horizon-mean-time-step: 0.19570347666740417
val/loss: 4.727767467498779
val/loss__presence: 0.204712375998497
val/loss_labels: 1.2621049880981445
val/loss_next_item_labels: 2.011361598968506
val/loss_next_item_timestamps: 0.2394125610589981
val/loss_timestamps: 1.0101759433746338
val/match_cost_mean: -10.774532318115234
val/match_cost_std: 10.50151252746582
val/max_cost: 57.02238845825195
val/mean-predicted-length: 18.167875289916992
val/mean-target-length: 19.335750579833984
val/next-item-accuracy: 0.34733614325523376
val/next-item-mae: 0.23923026025295258
val/next-item-map: 0.17140068113803864
val/next-item-map-micro: 0.28877708315849304
val/next-item-mean-time-step: 0.516268789768219
val/next-item-rmse: 0.3823188543319702
val/next-k-label-distribution-delta: 4.668447017669678
val/optimal-transport-distance: 6.051893711090088
val/prediction_match_rate: 0.3807843029499054
val/sequence-labels-entropy: 0.9112514853477478
val/target_match_rate: 1.0
