date: '2024-09-26 11:09:52'
test/T-mAP: 0.37020593881607056
test/T-mAP-micro: 0.5853244066238403
test/horizon-mean-time-step: 0.18928760290145874
test/loss: 2.4355099201202393
test/loss__presence: 0.19598574936389923
test/loss_labels: 1.244795799255371
test/loss_timestamps: 0.9947285652160645
test/match_cost_mean: -11.09815502166748
test/match_cost_std: 10.049270629882812
test/max_cost: 59.027950286865234
test/mean-predicted-length: 18.325063705444336
test/mean-target-length: 19.20047378540039
test/next-item-accuracy: 0.34384697675704956
test/next-item-mae: 0.2647863030433655
test/next-item-map: 0.15676525235176086
test/next-item-map-micro: 0.27203550934791565
test/next-item-mean-time-step: 0.5183038711547852
test/next-item-rmse: 0.4072236120700836
test/next-k-label-distribution-delta: 6.385990619659424
test/optimal-transport-distance: 7.456554412841797
test/prediction_match_rate: 0.3793654441833496
test/sequence-labels-entropy: 1.5486613512039185
test/target_match_rate: 1.0
val/T-mAP: 0.36820635199546814
val/T-mAP-micro: 0.5736725330352783
val/horizon-mean-time-step: 0.18934661149978638
val/loss: 2.4778997898101807
val/loss__presence: 0.202885240316391
val/loss_labels: 1.2580622434616089
val/loss_timestamps: 1.016952395439148
val/match_cost_mean: -10.981843948364258
val/match_cost_std: 10.22217845916748
val/max_cost: 59.141136169433594
val/mean-predicted-length: 18.203357696533203
val/mean-target-length: 19.335750579833984
val/next-item-accuracy: 0.33427879214286804
val/next-item-mae: 0.27171674370765686
val/next-item-map: 0.15192025899887085
val/next-item-map-micro: 0.2613440155982971
val/next-item-mean-time-step: 0.5130192041397095
val/next-item-rmse: 0.4138210713863373
val/next-k-label-distribution-delta: 6.4708123207092285
val/optimal-transport-distance: 7.5388054847717285
val/prediction_match_rate: 0.3806995749473572
val/sequence-labels-entropy: 1.4995267391204834
val/target_match_rate: 1.0
