date: '2025-02-10 14:59:03'
test/T-mAP: 0.29975005984306335
test/T-mAP-weighted: 0.5017840266227722
test/horizon-max-f-score: 0.3465583920478821
test/horizon-max-f-score-weighted: 0.5111793279647827
test/horizon-mean-time-step: 0.7363646626472473
test/loss: 2.469789981842041
test/loss_decoder_labels: 2.029773473739624
test/loss_decoder_timestamps: 0.24302414059638977
test/loss_diffusion: 0.1969921886920929
test/loss_embedder_regularizer: 3.882225652063198e-09
test/mean-predicted-length: 13.11364459991455
test/mean-target-length: 19.20047378540039
test/next-item-accuracy: 0.3235537111759186
test/next-item-mae: 0.2465486228466034
test/next-item-map: 0.13377872109413147
test/next-item-map-weighted: 0.24720299243927002
test/next-item-max-f-score: 0.19257627427577972
test/next-item-max-f-score-weighted: 0.3135148584842682
test/next-item-mean-time-step: 0.5166724324226379
test/next-item-rmse: 0.3998458683490753
test/next-k-label-distribution-delta: 5.548340320587158
test/optimal-transport-distance: 6.478402137756348
test/sequence-labels-entropy: 0.5215163826942444
val/T-mAP: 0.29726359248161316
val/T-mAP-weighted: 0.4868236780166626
val/horizon-max-f-score: 0.34656792879104614
val/horizon-max-f-score-weighted: 0.5017858743667603
val/horizon-mean-time-step: 0.7369211912155151
val/loss: 2.5014281272888184
val/loss_decoder_labels: 2.057278633117676
val/loss_decoder_timestamps: 0.24681901931762695
val/loss_diffusion: 0.19733035564422607
val/loss_embedder_regularizer: 3.887761668153189e-09
val/mean-predicted-length: 13.125905990600586
val/mean-target-length: 19.335750579833984
val/next-item-accuracy: 0.31299349665641785
val/next-item-mae: 0.25159189105033875
val/next-item-map: 0.13286736607551575
val/next-item-map-weighted: 0.2394479215145111
val/next-item-max-f-score: 0.19344137609004974
val/next-item-max-f-score-weighted: 0.30743587017059326
val/next-item-mean-time-step: 0.5112177133560181
val/next-item-rmse: 0.403790146112442
val/next-k-label-distribution-delta: 5.601678371429443
val/optimal-transport-distance: 6.499981880187988
val/sequence-labels-entropy: 0.51023930311203
