date: '2025-02-10 14:58:13'
test/T-mAP: 0.2992696762084961
test/T-mAP-weighted: 0.4954409599304199
test/horizon-max-f-score: 0.34126290678977966
test/horizon-max-f-score-weighted: 0.5012043714523315
test/horizon-mean-time-step: 0.7363646626472473
test/loss: 2.469789981842041
test/loss_decoder_labels: 2.029773473739624
test/loss_decoder_timestamps: 0.24302414059638977
test/loss_diffusion: 0.1969921886920929
test/loss_embedder_regularizer: 3.882225652063198e-09
test/mean-predicted-length: 13.11364459991455
test/mean-target-length: 19.20047378540039
test/next-item-accuracy: 0.13231909275054932
test/next-item-mae: 0.2465486228466034
test/next-item-map: 0.1416434645652771
test/next-item-map-weighted: 0.2605706453323364
test/next-item-max-f-score: 0.19742412865161896
test/next-item-max-f-score-weighted: 0.3185019791126251
test/next-item-mean-time-step: 0.5166724324226379
test/next-item-rmse: 0.3998458683490753
test/next-k-label-distribution-delta: 6.726012706756592
test/optimal-transport-distance: 8.062296867370605
test/sequence-labels-entropy: 1.546514630317688
val/T-mAP: 0.2955097556114197
val/T-mAP-weighted: 0.47987282276153564
val/horizon-max-f-score: 0.3434206247329712
val/horizon-max-f-score-weighted: 0.49414536356925964
val/horizon-mean-time-step: 0.7369211912155151
val/loss: 2.5014281272888184
val/loss_decoder_labels: 2.057278633117676
val/loss_decoder_timestamps: 0.24681901931762695
val/loss_diffusion: 0.19733035564422607
val/loss_embedder_regularizer: 3.887761668153189e-09
val/mean-predicted-length: 13.125905990600586
val/mean-target-length: 19.335750579833984
val/next-item-accuracy: 0.13090583682060242
val/next-item-mae: 0.25159189105033875
val/next-item-map: 0.14123567938804626
val/next-item-map-weighted: 0.2529008984565735
val/next-item-max-f-score: 0.1993592083454132
val/next-item-max-f-score-weighted: 0.3126625716686249
val/next-item-mean-time-step: 0.5112177133560181
val/next-item-rmse: 0.403790146112442
val/next-k-label-distribution-delta: 6.747043132781982
val/optimal-transport-distance: 8.075846672058105
val/sequence-labels-entropy: 1.5002665519714355
