date: '2025-02-10 14:57:56'
test/T-mAP: 0.2945261597633362
test/T-mAP-weighted: 0.4874933063983917
test/horizon-max-f-score: 0.33673325181007385
test/horizon-max-f-score-weighted: 0.4955214858055115
test/horizon-mean-time-step: 0.7363646626472473
test/loss: 2.469789981842041
test/loss_decoder_labels: 2.029773473739624
test/loss_decoder_timestamps: 0.24302414059638977
test/loss_diffusion: 0.1969921886920929
test/loss_embedder_regularizer: 3.882225652063198e-09
test/mean-predicted-length: 13.11364459991455
test/mean-target-length: 19.20047378540039
test/next-item-accuracy: 0.07349114120006561
test/next-item-mae: 0.2465486228466034
test/next-item-map: 0.13981610536575317
test/next-item-map-weighted: 0.2580117881298065
test/next-item-max-f-score: 0.19582748413085938
test/next-item-max-f-score-weighted: 0.3158186376094818
test/next-item-mean-time-step: 0.5166724324226379
test/next-item-rmse: 0.3998458683490753
test/next-k-label-distribution-delta: 7.83254337310791
test/optimal-transport-distance: 8.805554389953613
test/sequence-labels-entropy: 1.6700189113616943
val/T-mAP: 0.29058408737182617
val/T-mAP-weighted: 0.4727102518081665
val/horizon-max-f-score: 0.33921870589256287
val/horizon-max-f-score-weighted: 0.4876071512699127
val/horizon-mean-time-step: 0.7369211912155151
val/loss: 2.5014281272888184
val/loss_decoder_labels: 2.057278633117676
val/loss_decoder_timestamps: 0.24681901931762695
val/loss_diffusion: 0.19733035564422607
val/loss_embedder_regularizer: 3.887761668153189e-09
val/mean-predicted-length: 13.125905990600586
val/mean-target-length: 19.335750579833984
val/next-item-accuracy: 0.07458796352148056
val/next-item-mae: 0.25159189105033875
val/next-item-map: 0.13955073058605194
val/next-item-map-weighted: 0.2504383325576782
val/next-item-max-f-score: 0.1983451396226883
val/next-item-max-f-score-weighted: 0.3104979395866394
val/next-item-mean-time-step: 0.5112177133560181
val/next-item-rmse: 0.403790146112442
val/next-k-label-distribution-delta: 7.845860004425049
val/optimal-transport-distance: 8.797389030456543
val/sequence-labels-entropy: 1.6154863834381104
