date: '2025-02-10 14:58:29'
test/T-mAP: 0.302155077457428
test/T-mAP-weighted: 0.5023563504219055
test/horizon-max-f-score: 0.3448120951652527
test/horizon-max-f-score-weighted: 0.507159411907196
test/horizon-mean-time-step: 0.7363646626472473
test/loss: 2.469789981842041
test/loss_decoder_labels: 2.029773473739624
test/loss_decoder_timestamps: 0.24302414059638977
test/loss_diffusion: 0.1969921886920929
test/loss_embedder_regularizer: 3.882225652063198e-09
test/mean-predicted-length: 13.11364459991455
test/mean-target-length: 19.20047378540039
test/next-item-accuracy: 0.20534731447696686
test/next-item-mae: 0.2465486228466034
test/next-item-map: 0.14185762405395508
test/next-item-map-weighted: 0.260296106338501
test/next-item-max-f-score: 0.19706013798713684
test/next-item-max-f-score-weighted: 0.3186480700969696
test/next-item-mean-time-step: 0.5166724324226379
test/next-item-rmse: 0.3998458683490753
test/next-k-label-distribution-delta: 5.705946922302246
test/optimal-transport-distance: 7.219818115234375
test/sequence-labels-entropy: 1.248724341392517
val/T-mAP: 0.29914525151252747
val/T-mAP-weighted: 0.4865720272064209
val/horizon-max-f-score: 0.34628233313560486
val/horizon-max-f-score-weighted: 0.4990997016429901
val/horizon-mean-time-step: 0.7369211912155151
val/loss: 2.5014281272888184
val/loss_decoder_labels: 2.057278633117676
val/loss_decoder_timestamps: 0.24681901931762695
val/loss_diffusion: 0.19733035564422607
val/loss_embedder_regularizer: 3.887761668153189e-09
val/mean-predicted-length: 13.125905990600586
val/mean-target-length: 19.335750579833984
val/next-item-accuracy: 0.20222307741641998
val/next-item-mae: 0.25159189105033875
val/next-item-map: 0.1411660611629486
val/next-item-map-weighted: 0.2525070309638977
val/next-item-max-f-score: 0.1986365169286728
val/next-item-max-f-score-weighted: 0.3130123019218445
val/next-item-mean-time-step: 0.5112177133560181
val/next-item-rmse: 0.403790146112442
val/next-k-label-distribution-delta: 5.658145427703857
val/optimal-transport-distance: 7.211333751678467
val/sequence-labels-entropy: 1.202139139175415
