date: '2025-02-10 14:58:46'
test/T-mAP: 0.30240651965141296
test/T-mAP-weighted: 0.5052387714385986
test/horizon-max-f-score: 0.3461487293243408
test/horizon-max-f-score-weighted: 0.5104078054428101
test/horizon-mean-time-step: 0.7363646626472473
test/loss: 2.469789981842041
test/loss_decoder_labels: 2.029773473739624
test/loss_decoder_timestamps: 0.24302414059638977
test/loss_diffusion: 0.1969921886920929
test/loss_embedder_regularizer: 3.882225652063198e-09
test/mean-predicted-length: 13.11364459991455
test/mean-target-length: 19.20047378540039
test/next-item-accuracy: 0.2803398072719574
test/next-item-mae: 0.2465486228466034
test/next-item-map: 0.1399528980255127
test/next-item-map-weighted: 0.25625988841056824
test/next-item-max-f-score: 0.1951906532049179
test/next-item-max-f-score-weighted: 0.3163161277770996
test/next-item-mean-time-step: 0.5166724324226379
test/next-item-rmse: 0.3998458683490753
test/next-k-label-distribution-delta: 5.256111145019531
test/optimal-transport-distance: 6.61528205871582
test/sequence-labels-entropy: 0.8406590819358826
val/T-mAP: 0.2999148964881897
val/T-mAP-weighted: 0.4898698925971985
val/horizon-max-f-score: 0.34685632586479187
val/horizon-max-f-score-weighted: 0.5011786222457886
val/horizon-mean-time-step: 0.7369211912155151
val/loss: 2.5014281272888184
val/loss_decoder_labels: 2.057278633117676
val/loss_decoder_timestamps: 0.24681901931762695
val/loss_diffusion: 0.19733035564422607
val/loss_embedder_regularizer: 3.887761668153189e-09
val/mean-predicted-length: 13.125905990600586
val/mean-target-length: 19.335750579833984
val/next-item-accuracy: 0.27476683259010315
val/next-item-mae: 0.25159189105033875
val/next-item-map: 0.1392374336719513
val/next-item-map-weighted: 0.24858470261096954
val/next-item-max-f-score: 0.1963525414466858
val/next-item-max-f-score-weighted: 0.3107396364212036
val/next-item-mean-time-step: 0.5112177133560181
val/next-item-rmse: 0.403790146112442
val/next-k-label-distribution-delta: 5.3223958015441895
val/optimal-transport-distance: 6.653351306915283
val/sequence-labels-entropy: 0.8101851940155029
