date: '2025-02-10 14:43:54'
test/T-mAP: 0.23986957967281342
test/T-mAP-weighted: 0.41294968128204346
test/horizon-max-f-score: 0.2992200553417206
test/horizon-max-f-score-weighted: 0.4541928172111511
test/horizon-mean-time-step: 0.7496258020401001
test/loss: 2.2501745223999023
test/loss_labels: 2.005448341369629
test/loss_timestamps: 0.24472616612911224
test/mean-predicted-length: 13.133163452148438
test/mean-target-length: 19.20047378540039
test/next-item-accuracy: 0.2988940179347992
test/next-item-mae: 0.24447417259216309
test/next-item-map: 0.16310906410217285
test/next-item-map-weighted: 0.2860376834869385
test/next-item-max-f-score: 0.22049039602279663
test/next-item-max-f-score-weighted: 0.33746790885925293
test/next-item-mean-time-step: 0.5231277942657471
test/next-item-rmse: 0.38521236181259155
test/next-k-label-distribution-delta: 5.470266342163086
test/optimal-transport-distance: 6.501426696777344
test/sequence-labels-entropy: 0.5539224147796631
val/T-mAP: 0.2352408468723297
val/T-mAP-weighted: 0.39657509326934814
val/horizon-max-f-score: 0.29634445905685425
val/horizon-max-f-score-weighted: 0.4432959258556366
val/horizon-mean-time-step: 0.7490922212600708
val/loss: 2.2805347442626953
val/loss_labels: 2.0322747230529785
val/loss_timestamps: 0.24826034903526306
val/mean-predicted-length: 13.142312049865723
val/mean-target-length: 19.335750579833984
val/next-item-accuracy: 0.2923470139503479
val/next-item-mae: 0.24802793562412262
val/next-item-map: 0.16033481061458588
val/next-item-map-weighted: 0.2757083773612976
val/next-item-max-f-score: 0.22221341729164124
val/next-item-max-f-score-weighted: 0.330304354429245
val/next-item-mean-time-step: 0.518097460269928
val/next-item-rmse: 0.38675349950790405
val/next-k-label-distribution-delta: 5.498664379119873
val/optimal-transport-distance: 6.544154167175293
val/sequence-labels-entropy: 0.5298458933830261
