date: '2024-09-25 23:35:48'
test/T-mAP: 0.23087921738624573
test/T-mAP-micro: 0.4038070738315582
test/horizon-mean-time-step: 0.7465864419937134
test/loss: 2.2457773685455322
test/loss_labels: 1.998421549797058
test/loss_timestamps: 0.24735581874847412
test/mean-predicted-length: 13.306639671325684
test/mean-target-length: 19.20047378540039
test/next-item-accuracy: 0.2976178526878357
test/next-item-mae: 0.24711690843105316
test/next-item-map: 0.1670181155204773
test/next-item-map-micro: 0.28945475816726685
test/next-item-mean-time-step: 0.5214047431945801
test/next-item-rmse: 0.37416431307792664
test/next-k-label-distribution-delta: 5.465888500213623
test/optimal-transport-distance: 6.486368179321289
test/sequence-labels-entropy: 0.5624691843986511
val/T-mAP: 0.2287324070930481
val/T-mAP-micro: 0.3891197144985199
val/horizon-mean-time-step: 0.7477341294288635
val/loss: 2.2740478515625
val/loss_labels: 2.0234427452087402
val/loss_timestamps: 0.2506052851676941
val/mean-predicted-length: 13.281572341918945
val/mean-target-length: 19.335750579833984
val/next-item-accuracy: 0.29487669467926025
val/next-item-mae: 0.25038573145866394
val/next-item-map: 0.16445863246917725
val/next-item-map-micro: 0.2792281210422516
val/next-item-mean-time-step: 0.5162431001663208
val/next-item-rmse: 0.3755023777484894
val/next-k-label-distribution-delta: 5.538343906402588
val/optimal-transport-distance: 6.570340633392334
val/sequence-labels-entropy: 0.5390742421150208
