date: '2024-09-25 23:03:37'
test/T-mAP: 0.22854585945606232
test/T-mAP-micro: 0.4173179566860199
test/horizon-mean-time-step: 0.7183066010475159
test/loss: 2.2457773685455322
test/loss_labels: 1.998421549797058
test/loss_timestamps: 0.24735581874847412
test/mean-predicted-length: 13.964064598083496
test/mean-target-length: 19.20047378540039
test/next-item-accuracy: 0.13215644657611847
test/next-item-mae: 0.24711690843105316
test/next-item-map: 0.16831161081790924
test/next-item-map-micro: 0.2914160490036011
test/next-item-mean-time-step: 0.5214047431945801
test/next-item-rmse: 0.37416431307792664
test/next-k-label-distribution-delta: 6.83108377456665
test/optimal-transport-distance: 8.02293872833252
test/sequence-labels-entropy: 1.5588290691375732
val/T-mAP: 0.22880904376506805
val/T-mAP-micro: 0.40812134742736816
val/horizon-mean-time-step: 0.7172320485115051
val/loss: 2.2740478515625
val/loss_labels: 2.0234427452087402
val/loss_timestamps: 0.2506052851676941
val/mean-predicted-length: 13.980923652648926
val/mean-target-length: 19.335750579833984
val/next-item-accuracy: 0.13003705441951752
val/next-item-mae: 0.25038573145866394
val/next-item-map: 0.16606827080249786
val/next-item-map-micro: 0.2815878093242645
val/next-item-mean-time-step: 0.5162431001663208
val/next-item-rmse: 0.3755023777484894
val/next-k-label-distribution-delta: 6.785959243774414
val/optimal-transport-distance: 8.011231422424316
val/sequence-labels-entropy: 1.4977831840515137
