date: '2024-09-26 10:20:42'
test/T-mAP: 0.23466555774211884
test/T-mAP-micro: 0.4076293706893921
test/horizon-mean-time-step: 0.7523244023323059
test/loss: 2.2457773685455322
test/loss_labels: 1.998421549797058
test/loss_timestamps: 0.24735581874847412
test/mean-predicted-length: 13.215250015258789
test/mean-target-length: 19.20047378540039
test/next-item-accuracy: 0.3550320267677307
test/next-item-mae: 0.24711690843105316
test/next-item-map: 0.1693987250328064
test/next-item-map-micro: 0.29345667362213135
test/next-item-mean-time-step: 0.5214047431945801
test/next-item-rmse: 0.37416431307792664
test/next-k-label-distribution-delta: 6.238964080810547
test/optimal-transport-distance: 6.60768985748291
test/sequence-labels-entropy: 0.21153806149959564
val/T-mAP: 0.2266467809677124
val/T-mAP-micro: 0.38988712430000305
val/horizon-mean-time-step: 0.7539474368095398
val/loss: 2.2740478515625
val/loss_labels: 2.0234427452087402
val/loss_timestamps: 0.2506052851676941
val/mean-predicted-length: 13.201449394226074
val/mean-target-length: 19.335750579833984
val/next-item-accuracy: 0.3460840582847595
val/next-item-mae: 0.25038573145866394
val/next-item-map: 0.166975200176239
val/next-item-map-micro: 0.2834170162677765
val/next-item-mean-time-step: 0.5162431001663208
val/next-item-rmse: 0.3755023777484894
val/next-k-label-distribution-delta: 6.32430362701416
val/optimal-transport-distance: 6.691605091094971
val/sequence-labels-entropy: 0.22078214585781097
