date: '2024-09-25 22:47:36'
test/T-mAP: 0.22575394809246063
test/T-mAP-micro: 0.41484811902046204
test/horizon-mean-time-step: 0.6928153038024902
test/loss: 2.2457773685455322
test/loss_labels: 1.998421549797058
test/loss_timestamps: 0.24735581874847412
test/mean-predicted-length: 14.517147064208984
test/mean-target-length: 19.20047378540039
test/next-item-accuracy: 0.07226503640413284
test/next-item-mae: 0.24711690843105316
test/next-item-map: 0.1653154194355011
test/next-item-map-micro: 0.28644663095474243
test/next-item-mean-time-step: 0.5214047431945801
test/next-item-rmse: 0.37416431307792664
test/next-k-label-distribution-delta: 7.863188743591309
test/optimal-transport-distance: 8.746883392333984
test/sequence-labels-entropy: 1.6799839735031128
val/T-mAP: 0.22674646973609924
val/T-mAP-micro: 0.40626245737075806
val/horizon-mean-time-step: 0.6942497491836548
val/loss: 2.2740478515625
val/loss_labels: 2.0234427452087402
val/loss_timestamps: 0.2506052851676941
val/mean-predicted-length: 14.486837387084961
val/mean-target-length: 19.335750579833984
val/next-item-accuracy: 0.07101060450077057
val/next-item-mae: 0.25038573145866394
val/next-item-map: 0.1632327139377594
val/next-item-map-micro: 0.2768578827381134
val/next-item-mean-time-step: 0.5162431001663208
val/next-item-rmse: 0.3755023777484894
val/next-k-label-distribution-delta: 7.85959529876709
val/optimal-transport-distance: 8.75373649597168
val/sequence-labels-entropy: 1.6185615062713623
