date: '2025-02-10 14:40:54'
test/T-mAP: 0.2451399564743042
test/T-mAP-weighted: 0.44044917821884155
test/horizon-max-f-score: 0.2899879515171051
test/horizon-max-f-score-weighted: 0.45468446612358093
test/horizon-mean-time-step: 0.7330417037010193
test/loss: 2.2501745223999023
test/loss_labels: 2.005448341369629
test/loss_timestamps: 0.24472616612911224
test/mean-predicted-length: 13.5153226852417
test/mean-target-length: 19.20047378540039
test/next-item-accuracy: 0.07240266352891922
test/next-item-mae: 0.24447417259216309
test/next-item-map: 0.16160370409488678
test/next-item-map-weighted: 0.2839246988296509
test/next-item-max-f-score: 0.2191425859928131
test/next-item-max-f-score-weighted: 0.3349936902523041
test/next-item-mean-time-step: 0.5231277942657471
test/next-item-rmse: 0.38521236181259155
test/next-k-label-distribution-delta: 7.901495933532715
test/optimal-transport-distance: 8.793172836303711
test/sequence-labels-entropy: 1.6692218780517578
val/T-mAP: 0.23953691124916077
val/T-mAP-weighted: 0.42552435398101807
val/horizon-max-f-score: 0.28698495030403137
val/horizon-max-f-score-weighted: 0.4469330608844757
val/horizon-mean-time-step: 0.7322476506233215
val/loss: 2.2805347442626953
val/loss_labels: 2.0322747230529785
val/loss_timestamps: 0.24826034903526306
val/mean-predicted-length: 13.541014671325684
val/mean-target-length: 19.335750579833984
val/next-item-accuracy: 0.07144499570131302
val/next-item-mae: 0.24802793562412262
val/next-item-map: 0.1586855798959732
val/next-item-map-weighted: 0.27384838461875916
val/next-item-max-f-score: 0.2215745449066162
val/next-item-max-f-score-weighted: 0.32910439372062683
val/next-item-mean-time-step: 0.518097460269928
val/next-item-rmse: 0.38675349950790405
val/next-k-label-distribution-delta: 7.802365303039551
val/optimal-transport-distance: 8.739860534667969
val/sequence-labels-entropy: 1.6119911670684814
