date: '2025-02-10 14:41:54'
test/T-mAP: 0.24534738063812256
test/T-mAP-weighted: 0.4357950985431671
test/horizon-max-f-score: 0.2931325435638428
test/horizon-max-f-score-weighted: 0.4540877044200897
test/horizon-mean-time-step: 0.7377116680145264
test/loss: 2.2501745223999023
test/loss_labels: 2.005448341369629
test/loss_timestamps: 0.24472616612911224
test/mean-predicted-length: 13.369208335876465
test/mean-target-length: 19.20047378540039
test/next-item-accuracy: 0.13204383850097656
test/next-item-mae: 0.24447417259216309
test/next-item-map: 0.16465260088443756
test/next-item-map-weighted: 0.2887766659259796
test/next-item-max-f-score: 0.22207827866077423
test/next-item-max-f-score-weighted: 0.3393692970275879
test/next-item-mean-time-step: 0.5231277942657471
test/next-item-rmse: 0.38521236181259155
test/next-k-label-distribution-delta: 6.782926082611084
test/optimal-transport-distance: 8.008966445922852
test/sequence-labels-entropy: 1.5386686325073242
val/T-mAP: 0.2407144457101822
val/T-mAP-weighted: 0.42241472005844116
val/horizon-max-f-score: 0.29287561774253845
val/horizon-max-f-score-weighted: 0.448308527469635
val/horizon-mean-time-step: 0.7369335293769836
val/loss: 2.2805347442626953
val/loss_labels: 2.0322747230529785
val/loss_timestamps: 0.24826034903526306
val/mean-predicted-length: 13.40213680267334
val/mean-target-length: 19.335750579833984
val/next-item-accuracy: 0.13057366013526917
val/next-item-mae: 0.24802793562412262
val/next-item-map: 0.1617250293493271
val/next-item-map-weighted: 0.27850672602653503
val/next-item-max-f-score: 0.22466598451137543
val/next-item-max-f-score-weighted: 0.3333224952220917
val/next-item-mean-time-step: 0.518097460269928
val/next-item-rmse: 0.38675349950790405
val/next-k-label-distribution-delta: 6.735597133636475
val/optimal-transport-distance: 7.989129066467285
val/sequence-labels-entropy: 1.481397032737732
