date: '2024-09-25 23:51:39'
test/T-mAP: 0.21966958045959473
test/T-mAP-micro: 0.3704592287540436
test/horizon-mean-time-step: 0.7530890107154846
test/loss: 2.2457773685455322
test/loss_labels: 1.998421549797058
test/loss_timestamps: 0.24735581874847412
test/mean-predicted-length: 13.212878227233887
test/mean-target-length: 19.20047378540039
test/next-item-accuracy: 0.35267990827560425
test/next-item-mae: 0.24711690843105316
test/next-item-map: 0.16006138920783997
test/next-item-map-micro: 0.27847111225128174
test/next-item-mean-time-step: 0.5214047431945801
test/next-item-rmse: 0.37416431307792664
test/next-k-label-distribution-delta: 6.161984920501709
test/optimal-transport-distance: 6.5743913650512695
test/sequence-labels-entropy: 0.22351889312267303
val/T-mAP: 0.21476057171821594
val/T-mAP-micro: 0.35545939207077026
val/horizon-mean-time-step: 0.7544956803321838
val/loss: 2.2740478515625
val/loss_labels: 2.0234427452087402
val/loss_timestamps: 0.2506052851676941
val/mean-predicted-length: 13.196871757507324
val/mean-target-length: 19.335750579833984
val/next-item-accuracy: 0.3439632058143616
val/next-item-mae: 0.25038573145866394
val/next-item-map: 0.15736497938632965
val/next-item-map-micro: 0.2683337926864624
val/next-item-mean-time-step: 0.5162431001663208
val/next-item-rmse: 0.3755023777484894
val/next-k-label-distribution-delta: 6.28386116027832
val/optimal-transport-distance: 6.687558650970459
val/sequence-labels-entropy: 0.22324419021606445
