date: '2025-02-10 14:44:55'
test/T-mAP: 0.2269050031900406
test/T-mAP-weighted: 0.3804939091205597
test/horizon-max-f-score: 0.29917463660240173
test/horizon-max-f-score-weighted: 0.449978232383728
test/horizon-mean-time-step: 0.7514063119888306
test/loss: 2.2501745223999023
test/loss_labels: 2.005448341369629
test/loss_timestamps: 0.24472616612911224
test/mean-predicted-length: 13.069317817687988
test/mean-target-length: 19.20047378540039
test/next-item-accuracy: 0.3514162600040436
test/next-item-mae: 0.24447417259216309
test/next-item-map: 0.1563916802406311
test/next-item-map-weighted: 0.27459967136383057
test/next-item-max-f-score: 0.215337336063385
test/next-item-max-f-score-weighted: 0.3310747742652893
test/next-item-mean-time-step: 0.5231277942657471
test/next-item-rmse: 0.38521236181259155
test/next-k-label-distribution-delta: 6.147027015686035
test/optimal-transport-distance: 6.553211212158203
test/sequence-labels-entropy: 0.22470873594284058
val/T-mAP: 0.22244872152805328
val/T-mAP-weighted: 0.36647772789001465
val/horizon-max-f-score: 0.2983439564704895
val/horizon-max-f-score-weighted: 0.44009655714035034
val/horizon-mean-time-step: 0.7502692937850952
val/loss: 2.2805347442626953
val/loss_labels: 2.0322747230529785
val/loss_timestamps: 0.24826034903526306
val/mean-predicted-length: 13.093475341796875
val/mean-target-length: 19.335750579833984
val/next-item-accuracy: 0.34015586972236633
val/next-item-mae: 0.24802793562412262
val/next-item-map: 0.15329062938690186
val/next-item-map-weighted: 0.26383328437805176
val/next-item-max-f-score: 0.2181374877691269
val/next-item-max-f-score-weighted: 0.3246489465236664
val/next-item-mean-time-step: 0.518097460269928
val/next-item-rmse: 0.38675349950790405
val/next-k-label-distribution-delta: 6.213658809661865
val/optimal-transport-distance: 6.608396530151367
val/sequence-labels-entropy: 0.22010537981987
