date: '2025-02-10 14:42:54'
test/T-mAP: 0.24510739743709564
test/T-mAP-weighted: 0.4285690188407898
test/horizon-max-f-score: 0.29662221670150757
test/horizon-max-f-score-weighted: 0.45459336042404175
test/horizon-mean-time-step: 0.742672860622406
test/loss: 2.2501745223999023
test/loss_labels: 2.005448341369629
test/loss_timestamps: 0.24472616612911224
test/mean-predicted-length: 13.24279499053955
test/mean-target-length: 19.20047378540039
test/next-item-accuracy: 0.2106395810842514
test/next-item-mae: 0.24447417259216309
test/next-item-map: 0.16576683521270752
test/next-item-map-weighted: 0.2906181812286377
test/next-item-max-f-score: 0.22304481267929077
test/next-item-max-f-score-weighted: 0.3415507674217224
test/next-item-mean-time-step: 0.5231277942657471
test/next-item-rmse: 0.38521236181259155
test/next-k-label-distribution-delta: 5.750091552734375
test/optimal-transport-distance: 7.127439975738525
test/sequence-labels-entropy: 1.1562248468399048
val/T-mAP: 0.2393937110900879
val/T-mAP-weighted: 0.4125078320503235
val/horizon-max-f-score: 0.29265904426574707
val/horizon-max-f-score-weighted: 0.4456084370613098
val/horizon-mean-time-step: 0.7423517107963562
val/loss: 2.2805347442626953
val/loss_labels: 2.0322747230529785
val/loss_timestamps: 0.24826034903526306
val/mean-predicted-length: 13.264403343200684
val/mean-target-length: 19.335750579833984
val/next-item-accuracy: 0.20838125050067902
val/next-item-mae: 0.24802793562412262
val/next-item-map: 0.1627625823020935
val/next-item-map-weighted: 0.28019246459007263
val/next-item-max-f-score: 0.2262403517961502
val/next-item-max-f-score-weighted: 0.33520179986953735
val/next-item-mean-time-step: 0.518097460269928
val/next-item-rmse: 0.38675349950790405
val/next-k-label-distribution-delta: 5.673407077789307
val/optimal-transport-distance: 7.080342769622803
val/sequence-labels-entropy: 1.1099343299865723
