date: '2024-09-25 23:19:46'
test/T-mAP: 0.23408332467079163
test/T-mAP-micro: 0.41819775104522705
test/horizon-mean-time-step: 0.7330393195152283
test/loss: 2.2457773685455322
test/loss_labels: 1.998421549797058
test/loss_timestamps: 0.24735581874847412
test/mean-predicted-length: 13.570047378540039
test/mean-target-length: 19.20047378540039
test/next-item-accuracy: 0.21073967218399048
test/next-item-mae: 0.24711690843105316
test/next-item-map: 0.1693987250328064
test/next-item-map-micro: 0.29345667362213135
test/next-item-mean-time-step: 0.5214047431945801
test/next-item-rmse: 0.37416431307792664
test/next-k-label-distribution-delta: 5.738781929016113
test/optimal-transport-distance: 7.113804340362549
test/sequence-labels-entropy: 1.1870412826538086
val/T-mAP: 0.22806183993816376
val/T-mAP-micro: 0.40194395184516907
val/horizon-mean-time-step: 0.7330994606018066
val/loss: 2.2740478515625
val/loss_labels: 2.0234427452087402
val/loss_timestamps: 0.2506052851676941
val/mean-predicted-length: 13.54559326171875
val/mean-target-length: 19.335750579833984
val/next-item-accuracy: 0.20733359456062317
val/next-item-mae: 0.25038573145866394
val/next-item-map: 0.166975200176239
val/next-item-map-micro: 0.2834170162677765
val/next-item-mean-time-step: 0.5162431001663208
val/next-item-rmse: 0.3755023777484894
val/next-k-label-distribution-delta: 5.791682243347168
val/optimal-transport-distance: 7.17263126373291
val/sequence-labels-entropy: 1.1433109045028687
