date: '2025-02-10 14:45:48'
test/T-mAP: 0.23581168055534363
test/T-mAP-weighted: 0.4104056656360626
test/horizon-max-f-score: 0.2962319254875183
test/horizon-max-f-score-weighted: 0.44825679063796997
test/horizon-mean-time-step: 0.7513229846954346
test/loss: 2.2501745223999023
test/loss_labels: 2.005448341369629
test/loss_timestamps: 0.24472616612911224
test/mean-predicted-length: 13.068406105041504
test/mean-target-length: 19.20047378540039
test/next-item-accuracy: 0.3532429039478302
test/next-item-mae: 0.24447417259216309
test/next-item-map: 0.16576683521270752
test/next-item-map-weighted: 0.2906181812286377
test/next-item-max-f-score: 0.22304481267929077
test/next-item-max-f-score-weighted: 0.3415507674217224
test/next-item-mean-time-step: 0.5231277942657471
test/next-item-rmse: 0.38521236181259155
test/next-k-label-distribution-delta: 6.20831823348999
test/optimal-transport-distance: 6.566150665283203
test/sequence-labels-entropy: 0.2211952805519104
val/T-mAP: 0.22940491139888763
val/T-mAP-weighted: 0.39142554998397827
val/horizon-max-f-score: 0.29406747221946716
val/horizon-max-f-score-weighted: 0.4389364421367645
val/horizon-mean-time-step: 0.7501186728477478
val/loss: 2.2805347442626953
val/loss_labels: 2.0322747230529785
val/loss_timestamps: 0.24826034903526306
val/mean-predicted-length: 13.098816871643066
val/mean-target-length: 19.335750579833984
val/next-item-accuracy: 0.3430432975292206
val/next-item-mae: 0.24802793562412262
val/next-item-map: 0.1627625823020935
val/next-item-map-weighted: 0.28019246459007263
val/next-item-max-f-score: 0.2262403517961502
val/next-item-max-f-score-weighted: 0.33520179986953735
val/next-item-mean-time-step: 0.518097460269928
val/next-item-rmse: 0.38675349950790405
val/next-k-label-distribution-delta: 6.2869133949279785
val/optimal-transport-distance: 6.641068458557129
val/sequence-labels-entropy: 0.21097593009471893
