date: '2024-09-25 23:53:28'
test/T-mAP: 0.265077143907547
test/T-mAP-micro: 0.47706860303878784
test/horizon-mean-time-step: 0.9544086456298828
test/loss: 2.7414391040802
test/loss_nhp: 2.7414391040802
test/mean-predicted-length: 10.112003326416016
test/mean-target-length: 19.20047378540039
test/next-item-accuracy: 0.12392403185367584
test/next-item-mae: 0.42222312092781067
test/next-item-map: 0.13045397400856018
test/next-item-map-micro: 0.2185591459274292
test/next-item-mean-time-step: 0.5313092470169067
test/next-item-rmse: 0.5481459498405457
test/next-k-label-distribution-delta: 6.906239032745361
test/optimal-transport-distance: 8.504416465759277
test/sequence-labels-entropy: 1.3467527627944946
test/thinning_accepted: 13.017133712768555
val/T-mAP: 0.2583296298980713
val/T-mAP-micro: 0.4635009467601776
val/horizon-mean-time-step: 0.9550222754478455
val/loss: 2.730135202407837
val/loss_nhp: 2.730135202407837
val/mean-predicted-length: 10.102632522583008
val/mean-target-length: 19.335750579833984
val/next-item-accuracy: 0.11991823464632034
val/next-item-mae: 0.4269324243068695
val/next-item-map: 0.12889747321605682
val/next-item-map-micro: 0.21184146404266357
val/next-item-mean-time-step: 0.5264559984207153
val/next-item-rmse: 0.5532762408256531
val/next-k-label-distribution-delta: 6.86989688873291
val/optimal-transport-distance: 8.52706527709961
val/sequence-labels-entropy: 1.2970815896987915
val/thinning_accepted: 12.997823715209961
