date: '2024-09-26 10:23:30'
test/T-mAP: 0.2731918394565582
test/T-mAP-micro: 0.4845796823501587
test/horizon-mean-time-step: 0.9559126496315002
test/loss: 2.7403481006622314
test/loss_nhp: 2.7403481006622314
test/mean-predicted-length: 10.10379409790039
test/mean-target-length: 19.20047378540039
test/next-item-accuracy: 0.17062856256961823
test/next-item-mae: 0.42199429869651794
test/next-item-map: 0.11203314363956451
test/next-item-map-micro: 0.1950078308582306
test/next-item-mean-time-step: 0.5317087173461914
test/next-item-rmse: 0.5482974052429199
test/next-k-label-distribution-delta: 7.735133647918701
test/optimal-transport-distance: 8.356101036071777
test/sequence-labels-entropy: 0.3621373772621155
test/thinning_accepted: 13.044002532958984
val/T-mAP: 0.2684188485145569
val/T-mAP-micro: 0.4713749885559082
val/horizon-mean-time-step: 0.9558502435684204
val/loss: 2.7286081314086914
val/loss_nhp: 2.7286081314086914
val/mean-predicted-length: 10.099580764770508
val/mean-target-length: 19.335750579833984
val/next-item-accuracy: 0.16685831546783447
val/next-item-mae: 0.4271911382675171
val/next-item-map: 0.11282657086849213
val/next-item-map-micro: 0.18977047502994537
val/next-item-mean-time-step: 0.526261031627655
val/next-item-rmse: 0.5530883073806763
val/next-k-label-distribution-delta: 7.876382827758789
val/optimal-transport-distance: 8.458027839660645
val/sequence-labels-entropy: 0.3496067225933075
val/thinning_accepted: 12.996373176574707
