date: '2024-09-25 23:37:39'
test/T-mAP: 0.2525915503501892
test/T-mAP-micro: 0.4641892910003662
test/horizon-mean-time-step: 0.9489302635192871
test/loss: 2.7414391040802
test/loss_nhp: 2.7414391040802
test/mean-predicted-length: 10.145020484924316
test/mean-target-length: 19.20047378540039
test/next-item-accuracy: 0.0781077966094017
test/next-item-mae: 0.42222312092781067
test/next-item-map: 0.11672075092792511
test/next-item-map-micro: 0.20079739391803741
test/next-item-mean-time-step: 0.5313092470169067
test/next-item-rmse: 0.5481459498405457
test/next-k-label-distribution-delta: 7.722729206085205
test/optimal-transport-distance: 9.000835418701172
test/sequence-labels-entropy: 1.5977556705474854
test/thinning_accepted: 13.017133712768555
val/T-mAP: 0.25162428617477417
val/T-mAP-micro: 0.4561910331249237
val/horizon-mean-time-step: 0.9494244456291199
val/loss: 2.730135202407837
val/loss_nhp: 2.730135202407837
val/mean-predicted-length: 10.134681701660156
val/mean-target-length: 19.335750579833984
val/next-item-accuracy: 0.0766577199101448
val/next-item-mae: 0.4269324243068695
val/next-item-map: 0.11828085780143738
val/next-item-map-micro: 0.1960713267326355
val/next-item-mean-time-step: 0.5264559984207153
val/next-item-rmse: 0.5532762408256531
val/next-k-label-distribution-delta: 7.661197662353516
val/optimal-transport-distance: 8.992823600769043
val/sequence-labels-entropy: 1.542730689048767
val/thinning_accepted: 12.997823715209961
