date: '2024-09-25 22:49:28'
test/T-mAP: 0.2427554428577423
test/T-mAP-micro: 0.4551103115081787
test/horizon-mean-time-step: 0.9477604627609253
test/loss: 2.7414391040802
test/loss_nhp: 2.7414391040802
test/mean-predicted-length: 10.158700942993164
test/mean-target-length: 19.20047378540039
test/next-item-accuracy: 0.06341958045959473
test/next-item-mae: 0.42222312092781067
test/next-item-map: 0.10731581598520279
test/next-item-map-micro: 0.19136017560958862
test/next-item-mean-time-step: 0.5313092470169067
test/next-item-rmse: 0.5481459498405457
test/next-k-label-distribution-delta: 8.063480377197266
test/optimal-transport-distance: 9.176087379455566
test/sequence-labels-entropy: 1.6223161220550537
test/thinning_accepted: 13.017133712768555
val/T-mAP: 0.24491994082927704
val/T-mAP-micro: 0.4488222897052765
val/horizon-mean-time-step: 0.9481866955757141
val/loss: 2.730135202407837
val/loss_nhp: 2.730135202407837
val/mean-predicted-length: 10.154520988464355
val/mean-target-length: 19.335750579833984
val/next-item-accuracy: 0.06229717656970024
val/next-item-mae: 0.4269324243068695
val/next-item-map: 0.11007493734359741
val/next-item-map-micro: 0.18712367117404938
val/next-item-mean-time-step: 0.5264559984207153
val/next-item-rmse: 0.5532762408256531
val/next-k-label-distribution-delta: 8.012208938598633
val/optimal-transport-distance: 9.16373062133789
val/sequence-labels-entropy: 1.5704154968261719
val/thinning_accepted: 12.997823715209961
