date: '2024-09-25 23:05:32'
test/T-mAP: 0.245245099067688
test/T-mAP-micro: 0.4569188058376312
test/horizon-mean-time-step: 0.947957456111908
test/loss: 2.7414391040802
test/loss_nhp: 2.7414391040802
test/mean-predicted-length: 10.158153533935547
test/mean-target-length: 19.20047378540039
test/next-item-accuracy: 0.0662471204996109
test/next-item-mae: 0.42222312092781067
test/next-item-map: 0.1094580814242363
test/next-item-map-micro: 0.19330860674381256
test/next-item-mean-time-step: 0.5313092470169067
test/next-item-rmse: 0.5481459498405457
test/next-k-label-distribution-delta: 7.9916090965271
test/optimal-transport-distance: 9.142544746398926
test/sequence-labels-entropy: 1.6203370094299316
test/thinning_accepted: 13.017133712768555
val/T-mAP: 0.24667732417583466
val/T-mAP-micro: 0.45027440786361694
val/horizon-mean-time-step: 0.9483771920204163
val/loss: 2.730135202407837
val/loss_nhp: 2.730135202407837
val/mean-predicted-length: 10.148035049438477
val/mean-target-length: 19.335750579833984
val/next-item-accuracy: 0.06518461555242538
val/next-item-mae: 0.4269324243068695
val/next-item-map: 0.11206158995628357
val/next-item-map-micro: 0.18906015157699585
val/next-item-mean-time-step: 0.5264559984207153
val/next-item-rmse: 0.5532762408256531
val/next-k-label-distribution-delta: 7.932086944580078
val/optimal-transport-distance: 9.128774642944336
val/sequence-labels-entropy: 1.5665555000305176
val/thinning_accepted: 12.997823715209961
