date: '2024-09-25 23:21:39'
test/T-mAP: 0.24787966907024384
test/T-mAP-micro: 0.45940637588500977
test/horizon-mean-time-step: 0.9482855796813965
test/loss: 2.7414391040802
test/loss_nhp: 2.7414391040802
test/mean-predicted-length: 10.151769638061523
test/mean-target-length: 19.20047378540039
test/next-item-accuracy: 0.07035081833600998
test/next-item-mae: 0.42222312092781067
test/next-item-map: 0.11205212026834488
test/next-item-map-micro: 0.19581635296344757
test/next-item-mean-time-step: 0.5313092470169067
test/next-item-rmse: 0.5481459498405457
test/next-k-label-distribution-delta: 7.890915870666504
test/optimal-transport-distance: 9.093255043029785
test/sequence-labels-entropy: 1.6144566535949707
test/thinning_accepted: 13.017133712768555
val/T-mAP: 0.24853569269180298
val/T-mAP-micro: 0.4527767598628998
val/horizon-mean-time-step: 0.9487277269363403
val/loss: 2.730135202407837
val/loss_nhp: 2.730135202407837
val/mean-predicted-length: 10.145746231079102
val/mean-target-length: 19.335750579833984
val/next-item-accuracy: 0.06878753006458282
val/next-item-mae: 0.4269324243068695
val/next-item-map: 0.11434575915336609
val/next-item-map-micro: 0.19144804775714874
val/next-item-mean-time-step: 0.5264559984207153
val/next-item-rmse: 0.5532762408256531
val/next-k-label-distribution-delta: 7.838229656219482
val/optimal-transport-distance: 9.08547592163086
val/sequence-labels-entropy: 1.5601791143417358
val/thinning_accepted: 12.997823715209961
