date: '2024-09-25 22:52:39'
test/T-mAP: 0.2209489792585373
test/T-mAP-micro: 0.4333929121494293
test/horizon-mean-time-step: 0.9773563146591187
test/loss: 2.6596124172210693
test/loss_nhp: 2.6596124172210693
test/mean-predicted-length: 9.610726356506348
test/mean-target-length: 19.20047378540039
test/next-item-accuracy: 0.06273145973682404
test/next-item-mae: 0.5000556111335754
test/next-item-map: 0.10079850256443024
test/next-item-map-micro: 0.1848841905593872
test/next-item-mean-time-step: 0.5344003438949585
test/next-item-rmse: 0.6114686131477356
test/next-k-label-distribution-delta: 8.078804016113281
test/optimal-transport-distance: 9.250553131103516
test/sequence-labels-entropy: 1.6119252443313599
test/thinning_accepted: 11.96534252166748
val/T-mAP: 0.22813120484352112
val/T-mAP-micro: 0.43267256021499634
val/horizon-mean-time-step: 0.9780359268188477
val/loss: 2.647054672241211
val/loss_nhp: 2.647054672241211
val/mean-predicted-length: 9.60816478729248
val/mean-target-length: 19.335750579833984
val/next-item-accuracy: 0.06186278164386749
val/next-item-mae: 0.5042030215263367
val/next-item-map: 0.1052568107843399
val/next-item-map-micro: 0.18244792520999908
val/next-item-mean-time-step: 0.5294367074966431
val/next-item-rmse: 0.61567622423172
val/next-k-label-distribution-delta: 8.030522346496582
val/optimal-transport-distance: 9.249397277832031
val/sequence-labels-entropy: 1.560375452041626
val/thinning_accepted: 12.002538681030273
