date: '2024-09-25 23:56:34'
test/T-mAP: 0.22950367629528046
test/T-mAP-micro: 0.44149869680404663
test/horizon-mean-time-step: 0.9766855835914612
test/loss: 2.6596124172210693
test/loss_nhp: 2.6596124172210693
test/mean-predicted-length: 9.630973815917969
test/mean-target-length: 19.20047378540039
test/next-item-accuracy: 0.07659393548965454
test/next-item-mae: 0.5000556111335754
test/next-item-map: 0.10608360916376114
test/next-item-map-micro: 0.18792834877967834
test/next-item-mean-time-step: 0.5344003438949585
test/next-item-rmse: 0.6114686131477356
test/next-k-label-distribution-delta: 8.115286827087402
test/optimal-transport-distance: 9.198565483093262
test/sequence-labels-entropy: 1.4497743844985962
test/thinning_accepted: 11.96534252166748
val/T-mAP: 0.23712505400180817
val/T-mAP-micro: 0.438940167427063
val/horizon-mean-time-step: 0.9781856536865234
val/loss: 2.647054672241211
val/loss_nhp: 2.647054672241211
val/mean-predicted-length: 9.62342643737793
val/mean-target-length: 19.335750579833984
val/next-item-accuracy: 0.0762488842010498
val/next-item-mae: 0.5042030215263367
val/next-item-map: 0.10960420966148376
val/next-item-map-micro: 0.18574118614196777
val/next-item-mean-time-step: 0.5294367074966431
val/next-item-rmse: 0.61567622423172
val/next-k-label-distribution-delta: 8.04349422454834
val/optimal-transport-distance: 9.186690330505371
val/sequence-labels-entropy: 1.3957529067993164
val/thinning_accepted: 12.002538681030273
