date: '2024-09-25 23:40:47'
test/T-mAP: 0.2268129140138626
test/T-mAP-micro: 0.4377904236316681
test/horizon-mean-time-step: 0.971880316734314
test/loss: 2.6596124172210693
test/loss_nhp: 2.6596124172210693
test/mean-predicted-length: 9.623860359191895
test/mean-target-length: 19.20047378540039
test/next-item-accuracy: 0.06838654726743698
test/next-item-mae: 0.5000556111335754
test/next-item-map: 0.1051187515258789
test/next-item-map-micro: 0.18769975006580353
test/next-item-mean-time-step: 0.5344003438949585
test/next-item-rmse: 0.6114686131477356
test/next-k-label-distribution-delta: 8.044509887695312
test/optimal-transport-distance: 9.223538398742676
test/sequence-labels-entropy: 1.597598910331726
test/thinning_accepted: 11.96534252166748
val/T-mAP: 0.23300519585609436
val/T-mAP-micro: 0.43669769167900085
val/horizon-mean-time-step: 0.9726886749267578
val/loss: 2.647054672241211
val/loss_nhp: 2.647054672241211
val/mean-predicted-length: 9.615413665771484
val/mean-target-length: 19.335750579833984
val/next-item-accuracy: 0.06630893051624298
val/next-item-mae: 0.5042030215263367
val/next-item-map: 0.10843826830387115
val/next-item-map-micro: 0.18492884933948517
val/next-item-mean-time-step: 0.5294367074966431
val/next-item-rmse: 0.61567622423172
val/next-k-label-distribution-delta: 7.986264705657959
val/optimal-transport-distance: 9.222952842712402
val/sequence-labels-entropy: 1.5432926416397095
val/thinning_accepted: 12.002538681030273
