date: '2024-09-25 23:24:50'
test/T-mAP: 0.22484488785266876
test/T-mAP-micro: 0.43614691495895386
test/horizon-mean-time-step: 0.9741762280464172
test/loss: 2.6596124172210693
test/loss_nhp: 2.6596124172210693
test/mean-predicted-length: 9.619664192199707
test/mean-target-length: 19.20047378540039
test/next-item-accuracy: 0.06557151675224304
test/next-item-mae: 0.5000556111335754
test/next-item-map: 0.10305286943912506
test/next-item-map-micro: 0.18645691871643066
test/next-item-mean-time-step: 0.5344003438949585
test/next-item-rmse: 0.6114686131477356
test/next-k-label-distribution-delta: 8.067858695983887
test/optimal-transport-distance: 9.240732192993164
test/sequence-labels-entropy: 1.6069157123565674
test/thinning_accepted: 11.96534252166748
val/T-mAP: 0.23129922151565552
val/T-mAP-micro: 0.4349677860736847
val/horizon-mean-time-step: 0.9748134016990662
val/loss: 2.647054672241211
val/loss_nhp: 2.647054672241211
val/mean-predicted-length: 9.611980438232422
val/mean-target-length: 19.335750579833984
val/next-item-accuracy: 0.06375367194414139
val/next-item-mae: 0.5042030215263367
val/next-item-map: 0.10707533359527588
val/next-item-map-micro: 0.18381863832473755
val/next-item-mean-time-step: 0.5294367074966431
val/next-item-rmse: 0.61567622423172
val/next-k-label-distribution-delta: 8.009156227111816
val/optimal-transport-distance: 9.238587379455566
val/sequence-labels-entropy: 1.5542446374893188
val/thinning_accepted: 12.002538681030273
