date: '2024-09-25 23:08:44'
test/T-mAP: 0.22317425906658173
test/T-mAP-micro: 0.4350082278251648
test/horizon-mean-time-step: 0.9757982492446899
test/loss: 2.6596124172210693
test/loss_nhp: 2.6596124172210693
test/mean-predicted-length: 9.61565113067627
test/mean-target-length: 19.20047378540039
test/next-item-accuracy: 0.06393253803253174
test/next-item-mae: 0.5000556111335754
test/next-item-map: 0.10183431208133698
test/next-item-map-micro: 0.18563716113567352
test/next-item-mean-time-step: 0.5344003438949585
test/next-item-rmse: 0.6114686131477356
test/next-k-label-distribution-delta: 8.071507453918457
test/optimal-transport-distance: 9.247100830078125
test/sequence-labels-entropy: 1.6102664470672607
test/thinning_accepted: 11.96534252166748
val/T-mAP: 0.23036803305149078
val/T-mAP-micro: 0.4344320297241211
val/horizon-mean-time-step: 0.9764288663864136
val/loss: 2.647054672241211
val/loss_nhp: 2.647054672241211
val/mean-predicted-length: 9.609309196472168
val/mean-target-length: 19.335750579833984
val/next-item-accuracy: 0.06262935698032379
val/next-item-mae: 0.5042030215263367
val/next-item-map: 0.10631115734577179
val/next-item-map-micro: 0.1831928938627243
val/next-item-mean-time-step: 0.5294367074966431
val/next-item-rmse: 0.61567622423172
val/next-k-label-distribution-delta: 8.02518081665039
val/optimal-transport-distance: 9.244568824768066
val/sequence-labels-entropy: 1.557946801185608
val/thinning_accepted: 12.002538681030273
