date: '2024-09-26 10:33:02'
test/T-mAP: 0.2286750078201294
test/T-mAP-micro: 0.43498843908309937
test/horizon-mean-time-step: 0.9942107200622559
test/loss: 2.657994031906128
test/loss_nhp: 2.657994031906128
test/mean-predicted-length: 9.609813690185547
test/mean-target-length: 19.20047378540039
test/next-item-accuracy: 0.07813282310962677
test/next-item-mae: 0.4995678663253784
test/next-item-map: 0.10284939408302307
test/next-item-map-micro: 0.1865794062614441
test/next-item-mean-time-step: 0.5343796014785767
test/next-item-rmse: 0.6112496256828308
test/next-k-label-distribution-delta: 9.118934631347656
test/optimal-transport-distance: 9.41722297668457
test/sequence-labels-entropy: 0.5321083068847656
test/thinning_accepted: 12.005840301513672
val/T-mAP: 0.23623257875442505
val/T-mAP-micro: 0.43509072065353394
val/horizon-mean-time-step: 0.9949510097503662
val/loss: 2.645197629928589
val/loss_nhp: 2.645197629928589
val/mean-predicted-length: 9.59481143951416
val/mean-target-length: 19.335750579833984
val/next-item-accuracy: 0.0766066163778305
val/next-item-mae: 0.5037201642990112
val/next-item-map: 0.10629922151565552
val/next-item-map-micro: 0.18336202204227448
val/next-item-mean-time-step: 0.5292816162109375
val/next-item-rmse: 0.6150054931640625
val/next-k-label-distribution-delta: 9.13162899017334
val/optimal-transport-distance: 9.438260078430176
val/sequence-labels-entropy: 0.49454233050346375
val/thinning_accepted: 12.002176284790039
