date: '2024-09-30 11:29:33'
test/T-mAP: 0.20217140018939972
test/T-mAP-micro: 0.3673347532749176
test/horizon-mean-time-step: 0.5757293105125427
test/loss: 2.307649850845337
test/loss_labels: 1.9897598028182983
test/loss_timestamps: 0.31788989901542664
test/mean-predicted-length: 17.57916831970215
test/mean-target-length: 19.20047378540039
test/next-item-accuracy: 0.3032604455947876
test/next-item-mae: 0.2948680520057678
test/next-item-map: 0.16955766081809998
test/next-item-map-micro: 0.2926561236381531
test/next-item-mean-time-step: 0.5270443558692932
test/next-item-rmse: 0.33705106377601624
test/next-k-label-distribution-delta: 5.368478775024414
test/optimal-transport-distance: 6.405920028686523
test/sequence-labels-entropy: 0.6662707328796387
test/timestamps-bias-mean: 0.6750380396842957
test/timestamps-current_influence: -0.00019585898553486913
val/T-mAP: 0.20179817080497742
val/T-mAP-micro: 0.3572297692298889
val/horizon-mean-time-step: 0.5773553252220154
val/loss: 2.3179683685302734
val/loss_labels: 2.0139565467834473
val/loss_timestamps: 0.3040117025375366
val/mean-predicted-length: 17.539487838745117
val/mean-target-length: 19.335750579833984
val/next-item-accuracy: 0.29482561349868774
val/next-item-mae: 0.29682961106300354
val/next-item-map: 0.16799640655517578
val/next-item-map-micro: 0.2837800681591034
val/next-item-mean-time-step: 0.5219805836677551
val/next-item-rmse: 0.3390120565891266
val/next-k-label-distribution-delta: 5.389545917510986
val/optimal-transport-distance: 6.454495906829834
val/sequence-labels-entropy: 0.6487328410148621
val/timestamps-bias-mean: 0.6824389696121216
val/timestamps-current_influence: -0.0001958589709829539
