date: '2024-09-30 11:28:57'
test/T-mAP: 0.19676490128040314
test/T-mAP-micro: 0.3613693118095398
test/horizon-mean-time-step: 0.5134738683700562
test/loss: 2.307649850845337
test/loss_labels: 1.9897598028182983
test/loss_timestamps: 0.31788989901542664
test/mean-predicted-length: 19.56074333190918
test/mean-target-length: 19.20047378540039
test/next-item-accuracy: 0.13313232362270355
test/next-item-mae: 0.2948680520057678
test/next-item-map: 0.1707364022731781
test/next-item-map-micro: 0.2943946421146393
test/next-item-mean-time-step: 0.5270443558692932
test/next-item-rmse: 0.33705106377601624
test/next-k-label-distribution-delta: 6.842028617858887
test/optimal-transport-distance: 7.877766132354736
test/sequence-labels-entropy: 1.6082195043563843
test/timestamps-bias-mean: 0.6750380396842957
test/timestamps-current_influence: -0.00019585898553486913
val/T-mAP: 0.19810405373573303
val/T-mAP-micro: 0.3526253402233124
val/horizon-mean-time-step: 0.5150792002677917
val/loss: 2.3179683685302734
val/loss_labels: 2.0139565467834473
val/loss_timestamps: 0.3040117025375366
val/mean-predicted-length: 19.5135440826416
val/mean-target-length: 19.335750579833984
val/next-item-accuracy: 0.13358886539936066
val/next-item-mae: 0.29682961106300354
val/next-item-map: 0.16959789395332336
val/next-item-map-micro: 0.2859269678592682
val/next-item-mean-time-step: 0.5219805836677551
val/next-item-rmse: 0.3390120565891266
val/next-k-label-distribution-delta: 6.7897748947143555
val/optimal-transport-distance: 7.855365753173828
val/sequence-labels-entropy: 1.5609883069992065
val/timestamps-bias-mean: 0.6824389696121216
val/timestamps-current_influence: -0.0001958589709829539
