date: '2024-09-25 23:51:57'
test/T-mAP: 0.18268883228302002
test/T-mAP-micro: 0.3352501094341278
test/horizon-mean-time-step: 0.582720160484314
test/loss: 2.307649850845337
test/loss_labels: 1.9897598028182983
test/loss_timestamps: 0.31788989901542664
test/mean-predicted-length: 18.2885799407959
test/mean-target-length: 19.20047378540039
test/next-item-accuracy: 0.3548068404197693
test/next-item-mae: 0.4791916608810425
test/next-item-map: 0.1624269336462021
test/next-item-map-micro: 0.2812846601009369
test/next-item-mean-time-step: 0.6357461810112
test/next-item-rmse: 0.6219947934150696
test/next-k-label-distribution-delta: 5.875593185424805
test/optimal-transport-distance: 7.007713317871094
test/sequence-labels-entropy: 0.30803364515304565
test/timestamps-bias-mean: 0.6750380396842957
test/timestamps-current_influence: -0.00019585898553486913
val/T-mAP: 0.1832965612411499
val/T-mAP-micro: 0.32231372594833374
val/horizon-mean-time-step: 0.5845833420753479
val/loss: 2.3179683685302734
val/loss_labels: 2.0139565467834473
val/loss_timestamps: 0.3040117025375366
val/mean-predicted-length: 18.389163970947266
val/mean-target-length: 19.335750579833984
val/next-item-accuracy: 0.3452152907848358
val/next-item-mae: 0.47947290539741516
val/next-item-map: 0.16049273312091827
val/next-item-map-micro: 0.27170130610466003
val/next-item-mean-time-step: 0.6334285140037537
val/next-item-rmse: 0.6264027953147888
val/next-k-label-distribution-delta: 5.913010120391846
val/optimal-transport-distance: 7.045711040496826
val/sequence-labels-entropy: 0.2975195646286011
val/timestamps-bias-mean: 0.6824389696121216
val/timestamps-current_influence: -0.0001958589709829539
