date: '2024-09-25 23:03:56'
test/T-mAP: 0.1922149956226349
test/T-mAP-micro: 0.3654286861419678
test/horizon-mean-time-step: 0.49336957931518555
test/loss: 2.307649850845337
test/loss_labels: 1.9897598028182983
test/loss_timestamps: 0.31788989901542664
test/mean-predicted-length: 21.18661117553711
test/mean-target-length: 19.20047378540039
test/next-item-accuracy: 0.13313232362270355
test/next-item-mae: 0.4791916608810425
test/next-item-map: 0.1707364022731781
test/next-item-map-micro: 0.2943946421146393
test/next-item-mean-time-step: 0.6357461810112
test/next-item-rmse: 0.6219947934150696
test/next-k-label-distribution-delta: 6.791317462921143
test/optimal-transport-distance: 8.056607246398926
test/sequence-labels-entropy: 1.602111577987671
test/timestamps-bias-mean: 0.6750380396842957
test/timestamps-current_influence: -0.00019585898553486913
val/T-mAP: 0.1934817135334015
val/T-mAP-micro: 0.3569932281970978
val/horizon-mean-time-step: 0.4967242181301117
val/loss: 2.3179683685302734
val/loss_labels: 2.0139565467834473
val/loss_timestamps: 0.3040117025375366
val/mean-predicted-length: 21.24151039123535
val/mean-target-length: 19.335750579833984
val/next-item-accuracy: 0.13358886539936066
val/next-item-mae: 0.47947290539741516
val/next-item-map: 0.16959789395332336
val/next-item-map-micro: 0.2859269678592682
val/next-item-mean-time-step: 0.6334285140037537
val/next-item-rmse: 0.6264027953147888
val/next-k-label-distribution-delta: 6.741701602935791
val/optimal-transport-distance: 8.037470817565918
val/sequence-labels-entropy: 1.545924425125122
val/timestamps-bias-mean: 0.6824389696121216
val/timestamps-current_influence: -0.0001958589709829539
