date: '2024-09-30 11:29:15'
test/T-mAP: 0.2017180472612381
test/T-mAP-micro: 0.37220054864883423
test/horizon-mean-time-step: 0.5329551696777344
test/loss: 2.307649850845337
test/loss_labels: 1.9897598028182983
test/loss_timestamps: 0.31788989901542664
test/mean-predicted-length: 18.769792556762695
test/mean-target-length: 19.20047378540039
test/next-item-accuracy: 0.2148183435201645
test/next-item-mae: 0.2948680520057678
test/next-item-map: 0.1720750331878662
test/next-item-map-micro: 0.29686886072158813
test/next-item-mean-time-step: 0.5270443558692932
test/next-item-rmse: 0.33705106377601624
test/next-k-label-distribution-delta: 5.7541046142578125
test/optimal-transport-distance: 6.970705986022949
test/sequence-labels-entropy: 1.2608494758605957
test/timestamps-bias-mean: 0.6750380396842957
test/timestamps-current_influence: -0.00019585898553486913
val/T-mAP: 0.20111678540706635
val/T-mAP-micro: 0.3610050678253174
val/horizon-mean-time-step: 0.5346906185150146
val/loss: 2.3179683685302734
val/loss_labels: 2.0139565467834473
val/loss_timestamps: 0.3040117025375366
val/mean-predicted-length: 18.70278549194336
val/mean-target-length: 19.335750579833984
val/next-item-accuracy: 0.2127762883901596
val/next-item-mae: 0.29682961106300354
val/next-item-map: 0.170680433511734
val/next-item-map-micro: 0.2881854772567749
val/next-item-mean-time-step: 0.5219805836677551
val/next-item-rmse: 0.3390120565891266
val/next-k-label-distribution-delta: 5.792445659637451
val/optimal-transport-distance: 7.01099157333374
val/sequence-labels-entropy: 1.2264212369918823
val/timestamps-bias-mean: 0.6824389696121216
val/timestamps-current_influence: -0.0001958589709829539
