date: '2024-09-25 22:47:54'
test/T-mAP: 0.19187943637371063
test/T-mAP-micro: 0.3623674809932709
test/horizon-mean-time-step: 0.48311647772789
test/loss: 2.307649850845337
test/loss_labels: 1.9897598028182983
test/loss_timestamps: 0.31788989901542664
test/mean-predicted-length: 21.644655227661133
test/mean-target-length: 19.20047378540039
test/next-item-accuracy: 0.07349114120006561
test/next-item-mae: 0.4791916608810425
test/next-item-map: 0.16690586507320404
test/next-item-map-micro: 0.28800344467163086
test/next-item-mean-time-step: 0.6357461810112
test/next-item-rmse: 0.6219947934150696
test/next-k-label-distribution-delta: 7.862459182739258
test/optimal-transport-distance: 8.750089645385742
test/sequence-labels-entropy: 1.725792646408081
test/timestamps-bias-mean: 0.6750380396842957
test/timestamps-current_influence: -0.00019585898553486913
val/T-mAP: 0.19107083976268768
val/T-mAP-micro: 0.35040611028671265
val/horizon-mean-time-step: 0.48575910925865173
val/loss: 2.3179683685302734
val/loss_labels: 2.0139565467834473
val/loss_timestamps: 0.3040117025375366
val/mean-predicted-length: 21.722244262695312
val/mean-target-length: 19.335750579833984
val/next-item-accuracy: 0.07412801682949066
val/next-item-mae: 0.47947290539741516
val/next-item-map: 0.1661280244588852
val/next-item-map-micro: 0.27998220920562744
val/next-item-mean-time-step: 0.6334285140037537
val/next-item-rmse: 0.6264027953147888
val/next-k-label-distribution-delta: 7.828309535980225
val/optimal-transport-distance: 8.736542701721191
val/sequence-labels-entropy: 1.6681662797927856
val/timestamps-bias-mean: 0.6824389696121216
val/timestamps-current_influence: -0.0001958589709829539
