date: '2024-09-30 11:29:51'
test/T-mAP: 0.18821218609809875
test/T-mAP-micro: 0.32769545912742615
test/horizon-mean-time-step: 0.6020530462265015
test/loss: 2.307649850845337
test/loss_labels: 1.9897598028182983
test/loss_timestamps: 0.31788989901542664
test/mean-predicted-length: 16.81174659729004
test/mean-target-length: 19.20047378540039
test/next-item-accuracy: 0.3548068404197693
test/next-item-mae: 0.2948680520057678
test/next-item-map: 0.1624269336462021
test/next-item-map-micro: 0.2812846601009369
test/next-item-mean-time-step: 0.5270443558692932
test/next-item-rmse: 0.33705106377601624
test/next-k-label-distribution-delta: 5.931047439575195
test/optimal-transport-distance: 6.54502534866333
test/sequence-labels-entropy: 0.28800857067108154
test/timestamps-bias-mean: 0.6750380396842957
test/timestamps-current_influence: -0.00019585898553486913
val/T-mAP: 0.1864691823720932
val/T-mAP-micro: 0.3141649663448334
val/horizon-mean-time-step: 0.6032434701919556
val/loss: 2.3179683685302734
val/loss_labels: 2.0139565467834473
val/loss_timestamps: 0.3040117025375366
val/mean-predicted-length: 16.79244613647461
val/mean-target-length: 19.335750579833984
val/next-item-accuracy: 0.3452152907848358
val/next-item-mae: 0.29682961106300354
val/next-item-map: 0.16049273312091827
val/next-item-map-micro: 0.27170130610466003
val/next-item-mean-time-step: 0.5219805836677551
val/next-item-rmse: 0.3390120565891266
val/next-k-label-distribution-delta: 6.005341529846191
val/optimal-transport-distance: 6.622345447540283
val/sequence-labels-entropy: 0.2771390378475189
val/timestamps-bias-mean: 0.6824389696121216
val/timestamps-current_influence: -0.0001958589709829539
