date: '2024-09-26 10:21:00'
test/T-mAP: 0.1997019499540329
test/T-mAP-micro: 0.3568405508995056
test/horizon-mean-time-step: 0.6022668480873108
test/loss: 2.307649850845337
test/loss_labels: 1.9897598028182983
test/loss_timestamps: 0.31788989901542664
test/mean-predicted-length: 16.793323516845703
test/mean-target-length: 19.20047378540039
test/next-item-accuracy: 0.35689619183540344
test/next-item-mae: 0.29498061537742615
test/next-item-map: 0.1720750331878662
test/next-item-map-micro: 0.29686886072158813
test/next-item-mean-time-step: 0.5271886587142944
test/next-item-rmse: 0.33710598945617676
test/next-k-label-distribution-delta: 6.03721284866333
test/optimal-transport-distance: 6.601804256439209
test/sequence-labels-entropy: 0.2694385349750519
test/timestamps-bias-mean: 0.6750380396842957
test/timestamps-current_influence: -0.00019585898553486913
val/T-mAP: 0.19559839367866516
val/T-mAP-micro: 0.3429318368434906
val/horizon-mean-time-step: 0.6035175919532776
val/loss: 2.3179683685302734
val/loss_labels: 2.0139565467834473
val/loss_timestamps: 0.3040117025375366
val/mean-predicted-length: 16.77222442626953
val/mean-target-length: 19.335750579833984
val/next-item-accuracy: 0.3482304811477661
val/next-item-mae: 0.29635071754455566
val/next-item-map: 0.170680433511734
val/next-item-map-micro: 0.2881854772567749
val/next-item-mean-time-step: 0.5216585397720337
val/next-item-rmse: 0.3382759988307953
val/next-k-label-distribution-delta: 6.054177761077881
val/optimal-transport-distance: 6.626070022583008
val/sequence-labels-entropy: 0.26236847043037415
val/timestamps-bias-mean: 0.6824389696121216
val/timestamps-current_influence: -0.0001958589709829539
