date: '2024-09-25 23:20:05'
test/T-mAP: 0.1949116736650467
test/T-mAP-micro: 0.3695825934410095
test/horizon-mean-time-step: 0.5160442590713501
test/loss: 2.307649850845337
test/loss_labels: 1.9897598028182983
test/loss_timestamps: 0.31788989901542664
test/mean-predicted-length: 20.31539535522461
test/mean-target-length: 19.20047378540039
test/next-item-accuracy: 0.2148183435201645
test/next-item-mae: 0.4791916608810425
test/next-item-map: 0.1720750331878662
test/next-item-map-micro: 0.29686886072158813
test/next-item-mean-time-step: 0.6357461810112
test/next-item-rmse: 0.6219947934150696
test/next-k-label-distribution-delta: 5.736957550048828
test/optimal-transport-distance: 7.303272247314453
test/sequence-labels-entropy: 1.2315994501113892
test/timestamps-bias-mean: 0.6750380396842957
test/timestamps-current_influence: -0.00019585898553486913
val/T-mAP: 0.1959027498960495
val/T-mAP-micro: 0.35884010791778564
val/horizon-mean-time-step: 0.5199507474899292
val/loss: 2.3179683685302734
val/loss_labels: 2.0139565467834473
val/loss_timestamps: 0.3040117025375366
val/mean-predicted-length: 20.355588912963867
val/mean-target-length: 19.335750579833984
val/next-item-accuracy: 0.2127762883901596
val/next-item-mae: 0.47947290539741516
val/next-item-map: 0.170680433511734
val/next-item-map-micro: 0.2881854772567749
val/next-item-mean-time-step: 0.6334285140037537
val/next-item-rmse: 0.6264027953147888
val/next-k-label-distribution-delta: 5.763448715209961
val/optimal-transport-distance: 7.338820457458496
val/sequence-labels-entropy: 1.1932473182678223
val/timestamps-bias-mean: 0.6824389696121216
val/timestamps-current_influence: -0.0001958589709829539
