date: '2024-09-30 11:28:39'
test/T-mAP: 0.1946997344493866
test/T-mAP-micro: 0.35526013374328613
test/horizon-mean-time-step: 0.5056944489479065
test/loss: 2.307649850845337
test/loss_labels: 1.9897598028182983
test/loss_timestamps: 0.31788989901542664
test/mean-predicted-length: 19.997262954711914
test/mean-target-length: 19.20047378540039
test/next-item-accuracy: 0.07349114120006561
test/next-item-mae: 0.2948680520057678
test/next-item-map: 0.16690586507320404
test/next-item-map-micro: 0.28800344467163086
test/next-item-mean-time-step: 0.5270443558692932
test/next-item-rmse: 0.33705106377601624
test/next-k-label-distribution-delta: 7.875593185424805
test/optimal-transport-distance: 8.634258270263672
test/sequence-labels-entropy: 1.7227754592895508
test/timestamps-bias-mean: 0.6750380396842957
test/timestamps-current_influence: -0.00019585898553486913
val/T-mAP: 0.19476915895938873
val/T-mAP-micro: 0.34704670310020447
val/horizon-mean-time-step: 0.5070213675498962
val/loss: 2.3179683685302734
val/loss_labels: 2.0139565467834473
val/loss_timestamps: 0.3040117025375366
val/mean-predicted-length: 19.938955307006836
val/mean-target-length: 19.335750579833984
val/next-item-accuracy: 0.07412801682949066
val/next-item-mae: 0.29682961106300354
val/next-item-map: 0.1661280244588852
val/next-item-map-micro: 0.27998220920562744
val/next-item-mean-time-step: 0.5219805836677551
val/next-item-rmse: 0.3390120565891266
val/next-k-label-distribution-delta: 7.838229656219482
val/optimal-transport-distance: 8.618544578552246
val/sequence-labels-entropy: 1.6660537719726562
val/timestamps-bias-mean: 0.6824389696121216
val/timestamps-current_influence: -0.0001958589709829539
