date: '2024-09-25 23:36:06'
test/T-mAP: 0.19410522282123566
test/T-mAP-micro: 0.3635692000389099
test/horizon-mean-time-step: 0.5577141046524048
test/loss: 2.307649850845337
test/loss_labels: 1.9897598028182983
test/loss_timestamps: 0.31788989901542664
test/mean-predicted-length: 19.104341506958008
test/mean-target-length: 19.20047378540039
test/next-item-accuracy: 0.3032604455947876
test/next-item-mae: 0.4791916608810425
test/next-item-map: 0.16955766081809998
test/next-item-map-micro: 0.2926561236381531
test/next-item-mean-time-step: 0.6357461810112
test/next-item-rmse: 0.6219947934150696
test/next-k-label-distribution-delta: 5.380153656005859
test/optimal-transport-distance: 6.88031005859375
test/sequence-labels-entropy: 0.6755381226539612
test/timestamps-bias-mean: 0.6750380396842957
test/timestamps-current_influence: -0.00019585898553486913
val/T-mAP: 0.1956099271774292
val/T-mAP-micro: 0.35440200567245483
val/horizon-mean-time-step: 0.5606736540794373
val/loss: 2.3179683685302734
val/loss_labels: 2.0139565467834473
val/loss_timestamps: 0.3040117025375366
val/mean-predicted-length: 19.15414047241211
val/mean-target-length: 19.335750579833984
val/next-item-accuracy: 0.29482561349868774
val/next-item-mae: 0.47947290539741516
val/next-item-map: 0.16799640655517578
val/next-item-map-micro: 0.2837800681591034
val/next-item-mean-time-step: 0.6334285140037537
val/next-item-rmse: 0.6264027953147888
val/next-k-label-distribution-delta: 5.4070963859558105
val/optimal-transport-distance: 6.915393352508545
val/sequence-labels-entropy: 0.6563670635223389
val/timestamps-bias-mean: 0.6824389696121216
val/timestamps-current_influence: -0.0001958589709829539
