date: '2024-08-09 10:54:08'
test/T-mAP: 0.31029531359672546
test/horizon-mean-time-step: 8.817771911621094
test/loss: 15.588895797729492
test/loss_labels: 0.7813190221786499
test/loss_timestamps: 14.807577133178711
test/mean-predicted-length: 7.894290924072266
test/mean-target-length: 21.358747482299805
test/next-item-accuracy: 0.5931564569473267
test/next-item-mae: 25.559566497802734
test/next-item-mean-time-step: 30.140762329101562
test/next-item-rmse: 69.81494140625
val/T-mAP: 0.32338637113571167
val/horizon-mean-time-step: 9.130534172058105
val/loss: 15.824090003967285
val/loss_labels: 0.7791858315467834
val/loss_timestamps: 15.044904708862305
val/mean-predicted-length: 7.891035079956055
val/mean-target-length: 20.682857513427734
val/next-item-accuracy: 0.5988074541091919
val/next-item-mae: 26.077516555786133
val/next-item-mean-time-step: 30.860515594482422
val/next-item-rmse: 71.25074768066406
