date: '2024-06-05 14:00:54'
test/detection-mAP: 0.23844337463378906
test/horizon-mean-time-step: 9.051288604736328
test/loss: 15.925798416137695
test/loss_labels: 0.7851173877716064
test/loss_timestamps: 15.140680313110352
test/mean-predicted-length: 4.9871087074279785
test/mean-target-length: 21.358747482299805
test/next-item-accuracy: 0.5903088450431824
test/next-item-mae: 18.17074203491211
test/next-item-mean-time-step: 22.292510986328125
test/next-item-rmse: 32.007930755615234
val/detection-mAP: 0.24576067924499512
val/horizon-mean-time-step: 9.326504707336426
val/loss: 16.152667999267578
val/loss_labels: 0.7833051085472107
val/loss_timestamps: 15.369364738464355
val/mean-predicted-length: 4.98912239074707
val/mean-target-length: 20.682857513427734
val/next-item-accuracy: 0.5925450921058655
val/next-item-mae: 18.38886070251465
val/next-item-mean-time-step: 22.651500701904297
val/next-item-rmse: 32.17504119873047
