date: '2024-08-09 11:08:04'
test/T-mAP: 0.45386961102485657
test/horizon-mean-time-step: 10.616482734680176
test/loss: 13.6561918258667
test/loss_labels: 0.7811047434806824
test/loss_timestamps: 12.875086784362793
test/mean-predicted-length: 19.342540740966797
test/mean-target-length: 21.358747482299805
test/next-item-accuracy: 0.5868005752563477
test/next-item-mae: 28.335092544555664
test/next-item-mean-time-step: 29.737510681152344
test/next-item-rmse: 75.90170288085938
test/optimal-transport-distance: 160.372802734375
val/T-mAP: 0.4809730350971222
val/horizon-mean-time-step: 11.147980690002441
val/loss: 13.960926055908203
val/loss_labels: 0.7794916033744812
val/loss_timestamps: 13.181434631347656
val/mean-predicted-length: 18.885408401489258
val/mean-target-length: 20.682857513427734
val/next-item-accuracy: 0.5906074047088623
val/next-item-mae: 28.897886276245117
val/next-item-mean-time-step: 30.45401382446289
val/next-item-rmse: 77.39163970947266
val/optimal-transport-distance: 161.92056274414062
