date: '2024-08-09 10:33:04'
test/T-mAP: 0.0848434567451477
test/horizon-mean-time-step: .nan
test/loss: 15.560778617858887
test/loss_labels: 0.771872878074646
test/loss_timestamps: 14.788902282714844
test/mean-predicted-length: 1.0
test/mean-target-length: 21.358747482299805
test/next-item-accuracy: 0.5995495915412903
test/next-item-mae: 24.299774169921875
test/next-item-mean-time-step: 30.824533462524414
test/next-item-rmse: 65.08964538574219
val/T-mAP: 0.08520525693893433
val/horizon-mean-time-step: .nan
val/loss: 15.774054527282715
val/loss_labels: 0.7689478993415833
val/loss_timestamps: 15.005105972290039
val/mean-predicted-length: 1.0
val/mean-target-length: 20.682857513427734
val/next-item-accuracy: 0.6037967205047607
val/next-item-mae: 24.825138092041016
val/next-item-mean-time-step: 31.565793991088867
val/next-item-rmse: 66.46204376220703
