date: '2024-08-05 08:23:42'
test/detection-mAP: 0.4273633658885956
test/horizon-mean-time-step: 11.00448989868164
test/loss: 14.909431457519531
test/loss_labels: 0.7937377691268921
test/loss_timestamps: 14.115690231323242
test/mean-predicted-length: 14.20165729522705
test/mean-target-length: 21.358747482299805
test/next-item-accuracy: 0.5883546471595764
test/next-item-mae: 26.266952514648438
test/next-item-mean-time-step: 30.139907836914062
test/next-item-rmse: 71.73308563232422
test/optimal-transport-distance: 166.71298217773438
val/detection-mAP: 0.43348512053489685
val/horizon-mean-time-step: 11.531957626342773
val/loss: 15.162375450134277
val/loss_labels: 0.7950232028961182
val/loss_timestamps: 14.367353439331055
val/mean-predicted-length: 14.029069900512695
val/mean-target-length: 20.682857513427734
val/next-item-accuracy: 0.590888261795044
val/next-item-mae: 26.80158042907715
val/next-item-mean-time-step: 30.860458374023438
val/next-item-rmse: 73.22691345214844
val/optimal-transport-distance: 167.69161987304688
