date: '2024-08-05 08:18:42'
test/detection-mAP: 0.22838854789733887
test/horizon-mean-time-step: 8.38160228729248
test/loss: 15.815218925476074
test/loss_labels: 0.7815948128700256
test/loss_timestamps: 15.0336275100708
test/mean-predicted-length: 4.9817681312561035
test/mean-target-length: 21.358747482299805
test/next-item-accuracy: 0.5912766456604004
test/next-item-mae: 24.80693817138672
test/next-item-mean-time-step: 30.644062042236328
test/next-item-rmse: 66.84619140625
val/detection-mAP: 0.23682795464992523
val/horizon-mean-time-step: 8.72077751159668
val/loss: 16.062549591064453
val/loss_labels: 0.7783486247062683
val/loss_timestamps: 15.284201622009277
val/mean-predicted-length: 4.984058380126953
val/mean-target-length: 20.682857513427734
val/next-item-accuracy: 0.5961489677429199
val/next-item-mae: 25.367406845092773
val/next-item-mean-time-step: 31.371150970458984
val/next-item-rmse: 68.31985473632812
