date: '2024-06-05 13:56:04'
test/detection-mAP: 0.16896438598632812
test/horizon-mean-time-step: 7.85347843170166
test/loss: 15.805710792541504
test/loss_labels: 0.7804028987884521
test/loss_timestamps: 15.025309562683105
test/mean-predicted-length: 2.9990792274475098
test/mean-target-length: 21.358747482299805
test/next-item-accuracy: 0.5943755507469177
test/next-item-mae: 18.07876205444336
test/next-item-mean-time-step: 22.243417739868164
test/next-item-rmse: 31.821781158447266
val/detection-mAP: 0.17473024129867554
val/horizon-mean-time-step: 8.148622512817383
val/loss: 16.032129287719727
val/loss_labels: 0.7785249948501587
val/loss_timestamps: 15.253604888916016
val/mean-predicted-length: 2.9990622997283936
val/mean-target-length: 20.682857513427734
val/next-item-accuracy: 0.5970195531845093
val/next-item-mae: 18.315217971801758
val/next-item-mean-time-step: 22.60113525390625
val/next-item-rmse: 32.0024528503418
