date: '2024-08-05 08:20:19'
test/detection-mAP: 0.2997930943965912
test/horizon-mean-time-step: 8.878055572509766
test/loss: 15.590584754943848
test/loss_labels: 0.7809517979621887
test/loss_timestamps: 14.809632301330566
test/mean-predicted-length: 7.865930080413818
test/mean-target-length: 21.358747482299805
test/next-item-accuracy: 0.5933704972267151
test/next-item-mae: 25.112735748291016
test/next-item-mean-time-step: 30.43556022644043
test/next-item-rmse: 68.5726318359375
val/detection-mAP: 0.31281980872154236
val/horizon-mean-time-step: 9.245757102966309
val/loss: 15.836099624633789
val/loss_labels: 0.7778693437576294
val/loss_timestamps: 15.05823040008545
val/mean-predicted-length: 7.864215850830078
val/mean-target-length: 20.682857513427734
val/next-item-accuracy: 0.5976373553276062
val/next-item-mae: 25.657470703125
val/next-item-mean-time-step: 31.15907859802246
val/next-item-rmse: 70.05647277832031
