date: '2024-08-09 10:58:49'
test/T-mAP: 0.3895169198513031
test/horizon-mean-time-step: 9.611566543579102
test/loss: 15.249275207519531
test/loss_labels: 0.7861040830612183
test/loss_timestamps: 14.463170051574707
test/mean-predicted-length: 11.393001556396484
test/mean-target-length: 21.358747482299805
test/next-item-accuracy: 0.5904949903488159
test/next-item-mae: 26.81214714050293
test/next-item-mean-time-step: 29.888113021850586
test/next-item-rmse: 72.80595397949219
test/optimal-transport-distance: 163.98020935058594
val/T-mAP: 0.4059784412384033
val/horizon-mean-time-step: 10.03116226196289
val/loss: 15.496437072753906
val/loss_labels: 0.7838543057441711
val/loss_timestamps: 14.71258544921875
val/mean-predicted-length: 11.348649978637695
val/mean-target-length: 20.682857513427734
val/next-item-accuracy: 0.593649685382843
val/next-item-mae: 27.341482162475586
val/next-item-mean-time-step: 30.60132598876953
val/next-item-rmse: 74.26937866210938
val/optimal-transport-distance: 165.18783569335938
