date: '2024-08-05 08:21:59'
test/detection-mAP: 0.38112568855285645
test/horizon-mean-time-step: 10.439349174499512
test/loss: 15.341019630432129
test/loss_labels: 0.7873110771179199
test/loss_timestamps: 14.553711891174316
test/mean-predicted-length: 11.220257759094238
test/mean-target-length: 21.358747482299805
test/next-item-accuracy: 0.5836551785469055
test/next-item-mae: 25.705402374267578
test/next-item-mean-time-step: 30.25809669494629
test/next-item-rmse: 70.16988372802734
test/optimal-transport-distance: 165.9800262451172
val/detection-mAP: 0.39492523670196533
val/horizon-mean-time-step: 10.964489936828613
val/loss: 15.602679252624512
val/loss_labels: 0.785807728767395
val/loss_timestamps: 14.816872596740723
val/mean-predicted-length: 11.15678882598877
val/mean-target-length: 20.682857513427734
val/next-item-accuracy: 0.5861891508102417
val/next-item-mae: 26.241655349731445
val/next-item-mean-time-step: 30.980302810668945
val/next-item-rmse: 71.6563949584961
val/optimal-transport-distance: 167.26394653320312
