date: '2024-08-09 10:49:50'
test/T-mAP: 0.223846435546875
test/horizon-mean-time-step: 7.728868007659912
test/loss: 15.56976318359375
test/loss_labels: 0.7735374569892883
test/loss_timestamps: 14.796226501464844
test/mean-predicted-length: 4.982136249542236
test/mean-target-length: 21.358747482299805
test/next-item-accuracy: 0.5995123982429504
test/next-item-mae: 24.5646915435791
test/next-item-mean-time-step: 30.536588668823242
test/next-item-rmse: 66.61872863769531
val/T-mAP: 0.22982953488826752
val/horizon-mean-time-step: 8.05707836151123
val/loss: 15.8145751953125
val/loss_labels: 0.7705315947532654
val/loss_timestamps: 15.04404354095459
val/mean-predicted-length: 4.985558986663818
val/mean-target-length: 20.682857513427734
val/next-item-accuracy: 0.6038997173309326
val/next-item-mae: 25.098812103271484
val/next-item-mean-time-step: 31.263668060302734
val/next-item-rmse: 68.0493392944336
