date: '2024-06-05 14:07:54'
test/detection-mAP: 0.4440472424030304
test/horizon-mean-time-step: 10.020110130310059
test/loss: 14.843340873718262
test/loss_labels: 0.7809756994247437
test/loss_timestamps: 14.062362670898438
test/mean-predicted-length: 14.563719749450684
test/mean-target-length: 21.358747482299805
test/next-item-accuracy: 0.5917791724205017
test/next-item-mae: 19.03611183166504
test/next-item-mean-time-step: 22.191585540771484
test/next-item-rmse: 34.57554244995117
test/optimal-transport-distance: 162.65240478515625
val/detection-mAP: 0.4616670608520508
val/horizon-mean-time-step: 10.450815200805664
val/loss: 15.08706283569336
val/loss_labels: 0.7796115279197693
val/loss_timestamps: 14.307452201843262
val/mean-predicted-length: 14.426481246948242
val/mean-target-length: 20.682857513427734
val/next-item-accuracy: 0.5945108532905579
val/next-item-mae: 19.267698287963867
val/next-item-mean-time-step: 22.554302215576172
val/next-item-rmse: 34.790775299072266
val/optimal-transport-distance: 164.3091278076172
