date: '2024-08-05 08:12:14'
test/detection-mAP: 0.08375674486160278
test/horizon-mean-time-step: .nan
test/loss: 15.564769744873047
test/loss_labels: 0.7710657119750977
test/loss_timestamps: 14.793705940246582
test/mean-predicted-length: 1.0
test/mean-target-length: 21.358747482299805
test/next-item-accuracy: 0.5998194813728333
test/next-item-mae: 24.303417205810547
test/next-item-mean-time-step: 30.902931213378906
test/next-item-rmse: 65.15335845947266
val/detection-mAP: 0.08447165042161942
val/horizon-mean-time-step: .nan
val/loss: 15.774798393249512
val/loss_labels: 0.7681096792221069
val/loss_timestamps: 15.00669002532959
val/mean-predicted-length: 1.0
val/mean-target-length: 20.682857513427734
val/next-item-accuracy: 0.6032631397247314
val/next-item-mae: 24.824874877929688
val/next-item-mean-time-step: 31.639652252197266
val/next-item-rmse: 66.55986785888672
