date: '2024-08-09 10:45:40'
test/T-mAP: 0.19491033256053925
test/horizon-mean-time-step: 7.115542411804199
test/loss: 15.580493927001953
test/loss_labels: 0.7723949551582336
test/loss_timestamps: 14.808100700378418
test/mean-predicted-length: 3.995027542114258
test/mean-target-length: 21.358747482299805
test/next-item-accuracy: 0.5989354252815247
test/next-item-mae: 24.48227310180664
test/next-item-mean-time-step: 30.567276000976562
test/next-item-rmse: 66.51394653320312
val/T-mAP: 0.20281708240509033
val/horizon-mean-time-step: 7.432144641876221
val/loss: 15.822561264038086
val/loss_labels: 0.7687674164772034
val/loss_timestamps: 15.053792953491211
val/mean-predicted-length: 3.994936227798462
val/mean-target-length: 20.682857513427734
val/next-item-accuracy: 0.6036937832832336
val/next-item-mae: 25.014785766601562
val/next-item-mean-time-step: 31.297819137573242
val/next-item-rmse: 67.93588256835938
