date: '2024-06-05 13:51:47'
test/detection-mAP: 0.08439793437719345
test/horizon-mean-time-step: .nan
test/loss: 15.66446590423584
test/loss_labels: 0.7722883820533752
test/loss_timestamps: 14.89217472076416
test/mean-predicted-length: 1.0
test/mean-target-length: 21.358747482299805
test/next-item-accuracy: 0.5993821024894714
test/next-item-mae: 18.263988494873047
test/next-item-mean-time-step: 22.196762084960938
test/next-item-rmse: 31.984548568725586
val/detection-mAP: 0.084672711789608
val/horizon-mean-time-step: .nan
val/loss: 15.866876602172852
val/loss_labels: 0.7691673636436462
val/loss_timestamps: 15.097709655761719
val/mean-predicted-length: 1.0
val/mean-target-length: 20.682857513427734
val/next-item-accuracy: 0.6046953797340393
val/next-item-mae: 18.492931365966797
val/next-item-mean-time-step: 22.558759689331055
val/next-item-rmse: 32.16004180908203
