date: '2024-06-05 14:05:58'
test/detection-mAP: 0.38045260310173035
test/horizon-mean-time-step: 9.50275993347168
test/loss: 15.086746215820312
test/loss_labels: 0.7787691354751587
test/loss_timestamps: 14.307975769042969
test/mean-predicted-length: 11.419153213500977
test/mean-target-length: 21.358747482299805
test/next-item-accuracy: 0.5900296568870544
test/next-item-mae: 18.012454986572266
test/next-item-mean-time-step: 22.299560546875
test/next-item-rmse: 32.6240234375
test/optimal-transport-distance: 163.4226531982422
val/detection-mAP: 0.3965609073638916
val/horizon-mean-time-step: 9.946951866149902
val/loss: 15.341611862182617
val/loss_labels: 0.7754288911819458
val/loss_timestamps: 14.566180229187012
val/mean-predicted-length: 11.377906799316406
val/mean-target-length: 20.682857513427734
val/next-item-accuracy: 0.5950818657875061
val/next-item-mae: 18.237138748168945
val/next-item-mean-time-step: 22.661176681518555
val/next-item-rmse: 32.813297271728516
val/optimal-transport-distance: 163.96559143066406
