date: '2024-08-05 08:15:28'
test/detection-mAP: 0.16447694599628448
test/horizon-mean-time-step: 7.826056003570557
test/loss: 15.857132911682129
test/loss_labels: 0.7805440425872803
test/loss_timestamps: 15.076591491699219
test/mean-predicted-length: 2.9981584548950195
test/mean-target-length: 21.358747482299805
test/next-item-accuracy: 0.5941335558891296
test/next-item-mae: 24.629024505615234
test/next-item-mean-time-step: 30.83213996887207
test/next-item-rmse: 65.68282318115234
val/detection-mAP: 0.16976189613342285
val/horizon-mean-time-step: 8.1477689743042
val/loss: 16.101213455200195
val/loss_labels: 0.7781636118888855
val/loss_timestamps: 15.323054313659668
val/mean-predicted-length: 2.998499631881714
val/mean-target-length: 20.682857513427734
val/next-item-accuracy: 0.5979930758476257
val/next-item-mae: 25.187786102294922
val/next-item-mean-time-step: 31.56205177307129
val/next-item-rmse: 67.14580535888672
