date: '2024-06-05 13:58:29'
test/detection-mAP: 0.19456540048122406
test/horizon-mean-time-step: 7.546057224273682
test/loss: 15.624503135681152
test/loss_labels: 0.7734341025352478
test/loss_timestamps: 14.851068496704102
test/mean-predicted-length: 3.992265224456787
test/mean-target-length: 21.358747482299805
test/next-item-accuracy: 0.5996519327163696
test/next-item-mae: 18.064393997192383
test/next-item-mean-time-step: 22.260997772216797
test/next-item-rmse: 31.836637496948242
val/detection-mAP: 0.20170898735523224
val/horizon-mean-time-step: 7.866812705993652
val/loss: 15.860702514648438
val/loss_labels: 0.7700591683387756
val/loss_timestamps: 15.090641975402832
val/mean-predicted-length: 3.993435859680176
val/mean-target-length: 20.682857513427734
val/next-item-accuracy: 0.6037124991416931
val/next-item-mae: 18.291807174682617
val/next-item-mean-time-step: 22.62022590637207
val/next-item-rmse: 32.003353118896484
