date: '2024-08-09 11:26:37'
test/T-mAP: 0.2277570217847824
test/horizon-mean-time-step: 10.613272666931152
test/loss: 4.526468276977539
test/loss_labels: 0.7712992429733276
test/loss_timestamps: 3.755169153213501
test/mean-predicted-length: 4.0
test/mean-target-length: 21.358747482299805
test/next-item-accuracy: 0.5998287796974182
test/next-item-mae: 25.92202377319336
test/next-item-mean-time-step: 30.36109161376953
test/next-item-rmse: 68.97834777832031
test/timestamps-bias-mean: -2.7159433364868164
test/timestamps-current_influence: -0.0032977850642055273
val/T-mAP: 0.24044270813465118
val/horizon-mean-time-step: 11.160751342773438
val/loss: 4.5607428550720215
val/loss_labels: 0.7676135897636414
val/loss_timestamps: 3.7931289672851562
val/mean-predicted-length: 4.0
val/mean-target-length: 20.682857513427734
val/next-item-accuracy: 0.6049387454986572
val/next-item-mae: 26.465993881225586
val/next-item-mean-time-step: 31.082683563232422
val/next-item-rmse: 70.4652099609375
val/timestamps-bias-mean: -2.7472331523895264
val/timestamps-current_influence: -0.0032977850642055273
