date: '2024-06-05 15:21:35'
test/detection-mAP: 0.47216352820396423
test/horizon-mean-time-step: 13.189163208007812
test/loss: 4.260953903198242
test/loss_labels: 0.7743580937385559
test/loss_timestamps: 3.486595392227173
test/mean-predicted-length: 17.007551193237305
test/mean-target-length: 21.358747482299805
test/next-item-accuracy: 0.5986376404762268
test/next-item-mae: 18.499286651611328
test/next-item-mean-time-step: 22.28573989868164
test/next-item-rmse: 33.033206939697266
test/optimal-transport-distance: 165.6900177001953
test/timestamps-bias-mean: -2.411888599395752
test/timestamps-current_influence: -0.011273027397692204
val/detection-mAP: 0.5040395855903625
val/horizon-mean-time-step: 13.771599769592285
val/loss: 4.304562091827393
val/loss_labels: 0.7717994451522827
val/loss_timestamps: 3.532763719558716
val/mean-predicted-length: 16.478620529174805
val/mean-target-length: 20.682857513427734
val/next-item-accuracy: 0.6030478477478027
val/next-item-mae: 18.7408504486084
val/next-item-mean-time-step: 22.655668258666992
val/next-item-rmse: 33.24446487426758
val/optimal-transport-distance: 166.4678192138672
val/timestamps-bias-mean: -2.4482016563415527
val/timestamps-current_influence: -0.011273025535047054
