date: '2024-08-09 11:17:27'
test/T-mAP: 0.14355085790157318
test/horizon-mean-time-step: 12.948616981506348
test/loss: 4.632097244262695
test/loss_labels: 0.7728670835494995
test/loss_timestamps: 3.8592302799224854
test/mean-predicted-length: 2.0
test/mean-target-length: 21.358747482299805
test/next-item-accuracy: 0.6005825400352478
test/next-item-mae: 27.097023010253906
test/next-item-mean-time-step: 30.331459045410156
test/next-item-rmse: 69.46114349365234
test/timestamps-bias-mean: -2.905089855194092
test/timestamps-current_influence: -0.004890576004981995
val/T-mAP: 0.14846211671829224
val/horizon-mean-time-step: 13.425952911376953
val/loss: 4.660096645355225
val/loss_labels: 0.7699249386787415
val/loss_timestamps: 3.8901712894439697
val/mean-predicted-length: 2.0
val/mean-target-length: 20.682857513427734
val/next-item-accuracy: 0.6028138399124146
val/next-item-mae: 27.595355987548828
val/next-item-mean-time-step: 31.0478458404541
val/next-item-rmse: 70.93660736083984
val/timestamps-bias-mean: -2.923949718475342
val/timestamps-current_influence: -0.004890575539320707
