date: '2024-06-05 15:03:51'
test/detection-mAP: 0.45453551411628723
test/horizon-mean-time-step: 13.875299453735352
test/loss: 4.427776336669922
test/loss_labels: 0.7756295800209045
test/loss_timestamps: 3.652146339416504
test/mean-predicted-length: 10.701289176940918
test/mean-target-length: 21.358747482299805
test/next-item-accuracy: 0.5997636318206787
test/next-item-mae: 19.06515121459961
test/next-item-mean-time-step: 22.40813446044922
test/next-item-rmse: 32.75188446044922
test/optimal-transport-distance: 179.49249267578125
test/timestamps-bias-mean: -2.7050342559814453
test/timestamps-current_influence: -0.0071325586177408695
val/detection-mAP: 0.47544118762016296
val/horizon-mean-time-step: 14.3616304397583
val/loss: 4.457747459411621
val/loss_labels: 0.7723206877708435
val/loss_timestamps: 3.685427188873291
val/mean-predicted-length: 10.606151580810547
val/mean-target-length: 20.682857513427734
val/next-item-accuracy: 0.6040400862693787
val/next-item-mae: 19.28680419921875
val/next-item-mean-time-step: 22.774494171142578
val/next-item-rmse: 32.9669303894043
val/optimal-transport-distance: 179.7159423828125
val/timestamps-bias-mean: -2.7272799015045166
val/timestamps-current_influence: -0.0071325586177408695
