date: '2024-08-05 08:34:26'
test/detection-mAP: 0.26250386238098145
test/horizon-mean-time-step: 11.2424898147583
test/loss: 4.546431541442871
test/loss_labels: 0.7764033675193787
test/loss_timestamps: 3.770028591156006
test/mean-predicted-length: 4.996685028076172
test/mean-target-length: 21.358747482299805
test/next-item-accuracy: 0.5955294370651245
test/next-item-mae: 26.206031799316406
test/next-item-mean-time-step: 30.341768264770508
test/next-item-rmse: 69.17122650146484
test/timestamps-bias-mean: -2.7659730911254883
test/timestamps-current_influence: -0.005857632029801607
val/detection-mAP: 0.27696627378463745
val/horizon-mean-time-step: 11.735703468322754
val/loss: 4.578862190246582
val/loss_labels: 0.7732030749320984
val/loss_timestamps: 3.8056588172912598
val/mean-predicted-length: 4.997561931610107
val/mean-target-length: 20.682857513427734
val/next-item-accuracy: 0.597571849822998
val/next-item-mae: 26.73119354248047
val/next-item-mean-time-step: 31.061079025268555
val/next-item-rmse: 70.65486145019531
val/timestamps-bias-mean: -2.7914881706237793
val/timestamps-current_influence: -0.0058576324954628944
