date: '2024-08-09 11:31:12'
test/T-mAP: 0.26551681756973267
test/horizon-mean-time-step: 11.397974967956543
test/loss: 4.550965309143066
test/loss_labels: 0.7760481238365173
test/loss_timestamps: 3.7749171257019043
test/mean-predicted-length: 4.997421741485596
test/mean-target-length: 21.358747482299805
test/next-item-accuracy: 0.5953898429870605
test/next-item-mae: 26.20694351196289
test/next-item-mean-time-step: 30.298263549804688
test/next-item-rmse: 69.49898529052734
test/timestamps-bias-mean: -2.7312185764312744
test/timestamps-current_influence: -0.005083404015749693
val/T-mAP: 0.28229519724845886
val/horizon-mean-time-step: 11.846577644348145
val/loss: 4.583170413970947
val/loss_labels: 0.7725463509559631
val/loss_timestamps: 3.810624361038208
val/mean-predicted-length: 4.998874664306641
val/mean-target-length: 20.682857513427734
val/next-item-accuracy: 0.5987887382507324
val/next-item-mae: 26.71839141845703
val/next-item-mean-time-step: 31.017486572265625
val/next-item-rmse: 70.9997787475586
val/timestamps-bias-mean: -2.753715753555298
val/timestamps-current_influence: -0.005083403084427118
