date: '2024-06-05 14:17:27'
test/detection-mAP: 0.142277330160141
test/horizon-mean-time-step: 11.057339668273926
test/loss: 4.4464545249938965
test/loss_labels: 0.7737593650817871
test/loss_timestamps: 3.672694444656372
test/mean-predicted-length: 2.0
test/mean-target-length: 21.358747482299805
test/next-item-accuracy: 0.5996333360671997
test/next-item-mae: 19.19320297241211
test/next-item-mean-time-step: 22.42624855041504
test/next-item-rmse: 32.18581771850586
test/timestamps-bias-mean: -2.8337740898132324
test/timestamps-current_influence: -0.00012175481242593378
val/detection-mAP: 0.14848345518112183
val/horizon-mean-time-step: 11.632769584655762
val/loss: 4.473307132720947
val/loss_labels: 0.770199179649353
val/loss_timestamps: 3.7031078338623047
val/mean-predicted-length: 2.0
val/mean-target-length: 20.682857513427734
val/next-item-accuracy: 0.6029917001724243
val/next-item-mae: 19.43419647216797
val/next-item-mean-time-step: 22.795164108276367
val/next-item-rmse: 32.39155578613281
val/timestamps-bias-mean: -2.862403631210327
val/timestamps-current_influence: -0.00012175480514997616
