date: '2024-06-05 14:36:34'
test/detection-mAP: 0.23209120333194733
test/horizon-mean-time-step: 11.417412757873535
test/loss: 4.429378986358643
test/loss_labels: 0.7709077596664429
test/loss_timestamps: 3.6584715843200684
test/mean-predicted-length: 4.0
test/mean-target-length: 21.358747482299805
test/next-item-accuracy: 0.6008803248405457
test/next-item-mae: 18.9318904876709
test/next-item-mean-time-step: 22.42753028869629
test/next-item-rmse: 32.16714859008789
test/timestamps-bias-mean: -2.798964738845825
test/timestamps-current_influence: -6.586677045561373e-05
val/detection-mAP: 0.24388374388217926
val/horizon-mean-time-step: 11.906780242919922
val/loss: 4.457083225250244
val/loss_labels: 0.7673597931861877
val/loss_timestamps: 3.689723491668701
val/mean-predicted-length: 4.0
val/mean-target-length: 20.682857513427734
val/next-item-accuracy: 0.604573667049408
val/next-item-mae: 19.173831939697266
val/next-item-mean-time-step: 22.795019149780273
val/next-item-rmse: 32.372161865234375
val/timestamps-bias-mean: -2.82605242729187
val/timestamps-current_influence: -6.586677773157135e-05
