date: '2024-08-09 11:21:59'
test/T-mAP: 0.1887362003326416
test/horizon-mean-time-step: 11.252524375915527
test/loss: 4.561174392700195
test/loss_labels: 0.7747089266777039
test/loss_timestamps: 3.7864651679992676
test/mean-predicted-length: 3.0
test/mean-target-length: 21.358747482299805
test/next-item-accuracy: 0.595864474773407
test/next-item-mae: 26.20639991760254
test/next-item-mean-time-step: 30.332714080810547
test/next-item-rmse: 69.116943359375
test/timestamps-bias-mean: -2.7824065685272217
test/timestamps-current_influence: -0.003845327300950885
val/T-mAP: 0.19672320783138275
val/horizon-mean-time-step: 11.723188400268555
val/loss: 4.592657566070557
val/loss_labels: 0.7712993621826172
val/loss_timestamps: 3.8213579654693604
val/mean-predicted-length: 3.0
val/mean-target-length: 20.682857513427734
val/next-item-accuracy: 0.5997996926307678
val/next-item-mae: 26.731210708618164
val/next-item-mean-time-step: 31.054012298583984
val/next-item-rmse: 70.60581970214844
val/timestamps-bias-mean: -2.807190179824829
val/timestamps-current_influence: -0.003845326602458954
