date: '2024-08-05 08:41:51'
test/detection-mAP: 0.4715132415294647
test/horizon-mean-time-step: 13.30357837677002
test/loss: 4.320319652557373
test/loss_labels: 0.7725505828857422
test/loss_timestamps: 3.547769069671631
test/mean-predicted-length: 17.161142349243164
test/mean-target-length: 21.358747482299805
test/next-item-accuracy: 0.5979024767875671
test/next-item-mae: 26.082012176513672
test/next-item-mean-time-step: 30.21710968017578
test/next-item-rmse: 70.757568359375
test/optimal-transport-distance: 165.9362030029297
test/timestamps-bias-mean: -2.4328551292419434
test/timestamps-current_influence: -0.011720207519829273
val/detection-mAP: 0.5062694549560547
val/horizon-mean-time-step: 13.961877822875977
val/loss: 4.366512298583984
val/loss_labels: 0.7697457671165466
val/loss_timestamps: 3.596766710281372
val/mean-predicted-length: 16.576519012451172
val/mean-target-length: 20.682857513427734
val/next-item-accuracy: 0.6038622260093689
val/next-item-mae: 26.62128257751465
val/next-item-mean-time-step: 30.938276290893555
val/next-item-rmse: 72.24005126953125
val/optimal-transport-distance: 166.4912567138672
val/timestamps-bias-mean: -2.4750356674194336
val/timestamps-current_influence: -0.011720210313796997
