date: '2024-08-09 11:40:23'
test/T-mAP: 0.4553753137588501
test/horizon-mean-time-step: 13.850236892700195
test/loss: 4.508039474487305
test/loss_labels: 0.7756229639053345
test/loss_timestamps: 3.732417106628418
test/mean-predicted-length: 10.726335525512695
test/mean-target-length: 21.358747482299805
test/next-item-accuracy: 0.5994565486907959
test/next-item-mae: 26.583538055419922
test/next-item-mean-time-step: 30.26230239868164
test/next-item-rmse: 70.60392761230469
test/optimal-transport-distance: 178.45790100097656
test/timestamps-bias-mean: -2.705934524536133
test/timestamps-current_influence: -0.008689374662935734
val/T-mAP: 0.4765644073486328
val/horizon-mean-time-step: 14.374114036560059
val/loss: 4.541152477264404
val/loss_labels: 0.7722760438919067
val/loss_timestamps: 3.76887583732605
val/mean-predicted-length: 10.61609172821045
val/mean-target-length: 20.682857513427734
val/next-item-accuracy: 0.6023083329200745
val/next-item-mae: 27.126312255859375
val/next-item-mean-time-step: 30.987194061279297
val/next-item-rmse: 72.11170959472656
val/optimal-transport-distance: 178.81521606445312
val/timestamps-bias-mean: -2.729001045227051
val/timestamps-current_influence: -0.008689375594258308
