date: '2024-08-09 11:12:52'
test/T-mAP: 0.08967473357915878
test/horizon-mean-time-step: .nan
test/loss: 4.552172660827637
test/loss_labels: 0.7702268362045288
test/loss_timestamps: 3.7819457054138184
test/mean-predicted-length: 1.0
test/mean-target-length: 21.358747482299805
test/next-item-accuracy: 0.6006104946136475
test/next-item-mae: 25.604825973510742
test/next-item-mean-time-step: 30.411142349243164
test/next-item-rmse: 68.46739196777344
test/timestamps-bias-mean: -2.695371150970459
test/timestamps-current_influence: -0.002349921502172947
val/T-mAP: 0.0900954082608223
val/horizon-mean-time-step: .nan
val/loss: 4.584096431732178
val/loss_labels: 0.767113447189331
val/loss_timestamps: 3.816983222961426
val/mean-predicted-length: 1.0
val/mean-target-length: 20.682857513427734
val/next-item-accuracy: 0.604910671710968
val/next-item-mae: 26.15288543701172
val/next-item-mean-time-step: 31.132972717285156
val/next-item-rmse: 69.96368408203125
val/timestamps-bias-mean: -2.728410482406616
val/timestamps-current_influence: -0.0023499217350035906
