date: '2024-08-09 11:44:27'
test/T-mAP: 0.48956477642059326
test/horizon-mean-time-step: 13.916145324707031
test/loss: 4.445596218109131
test/loss_labels: 0.7745339274406433
test/loss_timestamps: 3.671062707901001
test/mean-predicted-length: 13.022651672363281
test/mean-target-length: 21.358747482299805
test/next-item-accuracy: 0.5983026027679443
test/next-item-mae: 26.555564880371094
test/next-item-mean-time-step: 30.17413330078125
test/next-item-rmse: 71.1330795288086
test/optimal-transport-distance: 173.20143127441406
test/timestamps-bias-mean: -2.6169357299804688
test/timestamps-current_influence: -0.00876118615269661
val/T-mAP: 0.5131972432136536
val/horizon-mean-time-step: 14.450243949890137
val/loss: 4.480103492736816
val/loss_labels: 0.7712128162384033
val/loss_timestamps: 3.708890676498413
val/mean-predicted-length: 12.759377479553223
val/mean-target-length: 20.682857513427734
val/next-item-accuracy: 0.6035533547401428
val/next-item-mae: 27.103618621826172
val/next-item-mean-time-step: 30.8971004486084
val/next-item-rmse: 72.6249008178711
val/optimal-transport-distance: 173.69668579101562
val/timestamps-bias-mean: -2.644188642501831
val/timestamps-current_influence: -0.00876118615269661
