date: '2024-08-09 11:35:35'
test/T-mAP: 0.37579670548439026
test/horizon-mean-time-step: 13.832932472229004
test/loss: 4.561919689178467
test/loss_labels: 0.7746157050132751
test/loss_timestamps: 3.7873036861419678
test/mean-predicted-length: 7.785082817077637
test/mean-target-length: 21.358747482299805
test/next-item-accuracy: 0.5993169546127319
test/next-item-mae: 26.782506942749023
test/next-item-mean-time-step: 30.29950523376465
test/next-item-rmse: 70.15973663330078
test/timestamps-bias-mean: -2.808070182800293
test/timestamps-current_influence: -0.007199730724096298
val/T-mAP: 0.3939194679260254
val/horizon-mean-time-step: 14.336849212646484
val/loss: 4.593306064605713
val/loss_labels: 0.7715219259262085
val/loss_timestamps: 3.821784496307373
val/mean-predicted-length: 7.7715678215026855
val/mean-target-length: 20.682857513427734
val/next-item-accuracy: 0.6035439968109131
val/next-item-mae: 27.299591064453125
val/next-item-mean-time-step: 31.012996673583984
val/next-item-rmse: 71.65634155273438
val/timestamps-bias-mean: -2.8298957347869873
val/timestamps-current_influence: -0.0071997311897575855
