date: '2024-08-05 08:27:13'
test/detection-mAP: 0.09028180688619614
test/horizon-mean-time-step: .nan
test/loss: 4.666989803314209
test/loss_labels: 0.7740995287895203
test/loss_timestamps: 3.892890691757202
test/mean-predicted-length: 1.0
test/mean-target-length: 21.358747482299805
test/next-item-accuracy: 0.5977535843849182
test/next-item-mae: 26.916461944580078
test/next-item-mean-time-step: 30.44378662109375
test/next-item-rmse: 68.75634002685547
test/timestamps-bias-mean: -3.001988410949707
test/timestamps-current_influence: -0.006616621278226376
val/detection-mAP: 0.09013024717569351
val/horizon-mean-time-step: .nan
val/loss: 4.695287227630615
val/loss_labels: 0.7716882824897766
val/loss_timestamps: 3.9235997200012207
val/mean-predicted-length: 1.0
val/mean-target-length: 20.682857513427734
val/next-item-accuracy: 0.6012412309646606
val/next-item-mae: 27.44189453125
val/next-item-mean-time-step: 31.165979385375977
val/next-item-rmse: 70.22615814208984
val/timestamps-bias-mean: -3.0225329399108887
val/timestamps-current_influence: -0.006616621278226376
