date: '2024-08-09 11:48:38'
test/T-mAP: 0.4765104353427887
test/horizon-mean-time-step: 13.449206352233887
test/loss: 4.3164143562316895
test/loss_labels: 0.7734736204147339
test/loss_timestamps: 3.5429413318634033
test/mean-predicted-length: 17.180110931396484
test/mean-target-length: 21.358747482299805
test/next-item-accuracy: 0.5934914946556091
test/next-item-mae: 26.087352752685547
test/next-item-mean-time-step: 30.2210693359375
test/next-item-rmse: 71.03176879882812
test/optimal-transport-distance: 164.45851135253906
test/timestamps-bias-mean: -2.4342799186706543
test/timestamps-current_influence: -0.009573370218276978
val/T-mAP: 0.5092441439628601
val/horizon-mean-time-step: 14.071074485778809
val/loss: 4.3604607582092285
val/loss_labels: 0.7709252238273621
val/loss_timestamps: 3.589534282684326
val/mean-predicted-length: 16.643098831176758
val/mean-target-length: 20.682857513427734
val/next-item-accuracy: 0.5978245735168457
val/next-item-mae: 26.617612838745117
val/next-item-mean-time-step: 30.94371223449707
val/next-item-rmse: 72.53192901611328
val/optimal-transport-distance: 165.2024383544922
val/timestamps-bias-mean: -2.474008321762085
val/timestamps-current_influence: -0.009573371149599552
