date: '2024-08-05 08:39:57'
test/detection-mAP: 0.480558305978775
test/horizon-mean-time-step: 13.66274356842041
test/loss: 4.440377235412598
test/loss_labels: 0.7740105390548706
test/loss_timestamps: 3.6663661003112793
test/mean-predicted-length: 13.071455001831055
test/mean-target-length: 21.358747482299805
test/next-item-accuracy: 0.5996519327163696
test/next-item-mae: 26.301485061645508
test/next-item-mean-time-step: 30.237035751342773
test/next-item-rmse: 70.32402801513672
test/optimal-transport-distance: 171.27732849121094
test/timestamps-bias-mean: -2.6419949531555176
test/timestamps-current_influence: -0.009929211810231209
val/detection-mAP: 0.5041727423667908
val/horizon-mean-time-step: 14.283065795898438
val/loss: 4.4778971672058105
val/loss_labels: 0.7709161639213562
val/loss_timestamps: 3.7069814205169678
val/mean-predicted-length: 12.805889129638672
val/mean-target-length: 20.682857513427734
val/next-item-accuracy: 0.603618860244751
val/next-item-mae: 26.847087860107422
val/next-item-mean-time-step: 30.9636287689209
val/next-item-rmse: 71.7815170288086
val/optimal-transport-distance: 171.6956787109375
val/timestamps-bias-mean: -2.6750361919403076
val/timestamps-current_influence: -0.009929213672876358
