date: '2025-12-14 20:14:35'
test/T-mAP: 0.10545976459980011
test/T-mAP-weighted: 0.3144243657588959
test/horizon-max-f-score: 0.17066079378128052
test/horizon-max-f-score-weighted: 0.3820696473121643
test/horizon-mean-time-step: 0.38231372833251953
test/loss: 2.4567432403564453
test/loss_labels: 1.7841404676437378
test/loss_timestamps: 0.6726030111312866
test/mean-predicted-length: 23.492645263671875
test/mean-target-length: 15.583646774291992
test/next-item-accuracy: 0.41950637102127075
test/next-item-mae: 0.6706583499908447
test/next-item-map: 0.10713222622871399
test/next-item-map-weighted: 0.32195180654525757
test/next-item-max-f-score: 0.1691456139087677
test/next-item-max-f-score-weighted: 0.42712241411209106
test/next-item-mean-time-step: 0.8995034098625183
test/next-item-rmse: 1.0905044078826904
test/next-k-label-distribution-delta: 9.384878158569336
test/optimal-transport-distance: 13.63988208770752
test/sequence-labels-entropy: 0.3906218409538269
test/target-sequence-labels-entropy: 1.4227653741836548
val/T-mAP: 0.11128499358892441
val/T-mAP-weighted: 0.325656533241272
val/horizon-max-f-score: 0.17847706377506256
val/horizon-max-f-score-weighted: 0.387495219707489
val/horizon-mean-time-step: 0.37987220287323
val/loss: 2.414098024368286
val/loss_labels: 1.7305607795715332
val/loss_timestamps: 0.6835373044013977
val/mean-predicted-length: 23.777618408203125
val/mean-target-length: 15.263496398925781
val/next-item-accuracy: 0.43290624022483826
val/next-item-mae: 0.679721474647522
val/next-item-map: 0.10716821998357773
val/next-item-map-weighted: 0.33565467596054077
val/next-item-max-f-score: 0.16310261189937592
val/next-item-max-f-score-weighted: 0.4397957921028137
val/next-item-mean-time-step: 0.9248180389404297
val/next-item-rmse: 1.1077772378921509
val/next-k-label-distribution-delta: 9.172684669494629
val/optimal-transport-distance: 13.546027183532715
val/sequence-labels-entropy: 0.3737989664077759
val/target-sequence-labels-entropy: 1.3858129978179932
