date: '2026-02-21 17:10:55'
test/T-mAP: 0.11582054942846298
test/T-mAP-weighted: 0.38016802072525024
test/horizon-max-f-score: 0.18308418989181519
test/horizon-max-f-score-weighted: 0.4522246718406677
test/horizon-mean-time-step: 0.48763659596443176
test/loss: 3.2261691093444824
test/loss_labels: 2.4980475902557373
test/loss_timestamps: 0.7281213998794556
test/mean-predicted-length: 20.091686248779297
test/mean-target-length: 15.583646774291992
test/next-item-accuracy: 0.3583996891975403
test/next-item-mae: 0.7242206931114197
test/next-item-map: 0.08802086114883423
test/next-item-map-weighted: 0.29242056608200073
test/next-item-max-f-score: 0.14750997722148895
test/next-item-max-f-score-weighted: 0.40730056166648865
test/next-item-mean-time-step: 0.9367013573646545
test/next-item-rmse: 1.1418073177337646
test/next-k-label-distribution-delta: 8.245637893676758
test/optimal-transport-distance: 13.59243106842041
test/sequence-labels-entropy: 0.9126889705657959
test/target-sequence-labels-entropy: 1.4227652549743652
val/T-mAP: 0.12376139312982559
val/T-mAP-weighted: 0.38684046268463135
val/horizon-max-f-score: 0.18945446610450745
val/horizon-max-f-score-weighted: 0.46109244227409363
val/horizon-mean-time-step: 0.48722147941589355
val/loss: 3.144728899002075
val/loss_labels: 2.4093384742736816
val/loss_timestamps: 0.7353902459144592
val/mean-predicted-length: 20.08151626586914
val/mean-target-length: 15.263496398925781
val/next-item-accuracy: 0.3738865256309509
val/next-item-mae: 0.7297767996788025
val/next-item-map: 0.08719257265329361
val/next-item-map-weighted: 0.3042364716529846
val/next-item-max-f-score: 0.14385612308979034
val/next-item-max-f-score-weighted: 0.4196077883243561
val/next-item-mean-time-step: 0.9627042412757874
val/next-item-rmse: 1.1552906036376953
val/next-k-label-distribution-delta: 8.029316902160645
val/optimal-transport-distance: 13.43096923828125
val/sequence-labels-entropy: 0.8511952757835388
val/target-sequence-labels-entropy: 1.385812759399414
