date: '2024-10-01 10:25:53'
test/T-mAP: 0.3739234209060669
test/T-mAP-micro: 0.584058403968811
test/horizon-mean-time-step: 0.18704628944396973
test/loss: 2.4138736724853516
test/loss__presence: 0.1953040063381195
test/loss_labels: 1.2302225828170776
test/loss_timestamps: 0.9883474111557007
test/match_cost_mean: -11.970012664794922
test/match_cost_std: 10.869094848632812
test/max_cost: 62.04773712158203
test/mean-predicted-length: 18.82962417602539
test/mean-target-length: 19.20047378540039
test/next-item-accuracy: 0.33395054936408997
test/next-item-mae: 0.2556155025959015
test/next-item-map: 0.15870007872581482
test/next-item-map-micro: 0.2775530219078064
test/next-item-mean-time-step: 0.5164087414741516
test/next-item-rmse: 0.4168766736984253
test/next-k-label-distribution-delta: 4.682962417602539
test/optimal-transport-distance: 5.9364142417907715
test/prediction_match_rate: 0.379335880279541
test/sequence-labels-entropy: 0.9404165744781494
test/target_match_rate: 1.0
val/T-mAP: 0.3709416389465332
val/T-mAP-micro: 0.5724707245826721
val/horizon-mean-time-step: 0.1872689574956894
val/loss: 2.4627270698547363
val/loss__presence: 0.20188874006271362
val/loss_labels: 1.2518821954727173
val/loss_timestamps: 1.0089561939239502
val/match_cost_mean: -11.859918594360352
val/match_cost_std: 11.057391166687012
val/max_cost: 61.94038009643555
val/mean-predicted-length: 18.726821899414062
val/mean-target-length: 19.335750579833984
val/next-item-accuracy: 0.3209403455257416
val/next-item-mae: 0.2612367570400238
val/next-item-map: 0.15565994381904602
val/next-item-map-micro: 0.2657645046710968
val/next-item-mean-time-step: 0.510984480381012
val/next-item-rmse: 0.4220356047153473
val/next-k-label-distribution-delta: 4.742464542388916
val/optimal-transport-distance: 6.001718997955322
val/prediction_match_rate: 0.3807843029499054
val/sequence-labels-entropy: 0.9032452702522278
val/target_match_rate: 1.0
