date: '2024-10-01 10:33:34'
test/T-mAP: 0.3672811686992645
test/T-mAP-micro: 0.5741320848464966
test/horizon-mean-time-step: 0.14036883413791656
test/loss: 2.3728220462799072
test/loss__presence: 0.15086297690868378
test/loss_labels: 1.2378607988357544
test/loss_timestamps: 0.9840983748435974
test/match_cost_mean: -11.38094425201416
test/match_cost_std: 11.060585975646973
test/max_cost: 61.55220031738281
test/mean-predicted-length: 16.871761322021484
test/mean-target-length: 19.20047378540039
test/next-item-accuracy: 0.3408067226409912
test/next-item-mae: 0.265075147151947
test/next-item-map: 0.15930578112602234
test/next-item-map-micro: 0.27810555696487427
test/next-item-mean-time-step: 0.516623854637146
test/next-item-rmse: 0.42906615138053894
test/next-k-label-distribution-delta: 4.74972677230835
test/optimal-transport-distance: 6.055107116699219
test/prediction_match_rate: 0.28505739569664
test/sequence-labels-entropy: 0.9400668144226074
test/target_match_rate: 1.0
val/T-mAP: 0.36517417430877686
val/T-mAP-micro: 0.5608600974082947
val/horizon-mean-time-step: 0.14055795967578888
val/loss: 2.4183061122894287
val/loss__presence: 0.15602795779705048
val/loss_labels: 1.2529113292694092
val/loss_timestamps: 1.0093668699264526
val/match_cost_mean: -11.279088020324707
val/match_cost_std: 11.245298385620117
val/max_cost: 61.97462463378906
val/mean-predicted-length: 16.95574188232422
val/mean-target-length: 19.335750579833984
val/next-item-accuracy: 0.3301648199558258
val/next-item-mae: 0.27077051997184753
val/next-item-map: 0.15596243739128113
val/next-item-map-micro: 0.26723456382751465
val/next-item-mean-time-step: 0.5113447904586792
val/next-item-rmse: 0.4339037537574768
val/next-k-label-distribution-delta: 4.802746772766113
val/optimal-transport-distance: 6.08568811416626
val/prediction_match_rate: 0.28601616621017456
val/sequence-labels-entropy: 0.9083041548728943
val/target_match_rate: 1.0
