date: '2024-10-01 10:46:41'
test/T-mAP: 0.36745357513427734
test/T-mAP-micro: 0.5737979412078857
test/horizon-mean-time-step: 0.09261848777532578
test/loss: 2.3408124446868896
test/loss__presence: 0.10059897601604462
test/loss_labels: 1.2472655773162842
test/loss_timestamps: 0.9929477572441101
test/match_cost_mean: -10.958950996398926
test/match_cost_std: 10.417227745056152
test/max_cost: 68.54105377197266
test/mean-predicted-length: 19.430864334106445
test/mean-target-length: 19.20047378540039
test/next-item-accuracy: 0.3348763883113861
test/next-item-mae: 0.3349083364009857
test/next-item-map: 0.1562628298997879
test/next-item-map-micro: 0.2744545638561249
test/next-item-mean-time-step: 0.5215681791305542
test/next-item-rmse: 0.49294915795326233
test/next-k-label-distribution-delta: 5.186793327331543
test/optimal-transport-distance: 6.740993022918701
test/prediction_match_rate: 0.1900857537984848
test/sequence-labels-entropy: 1.0384202003479004
test/target_match_rate: 1.0
val/T-mAP: 0.36179181933403015
val/T-mAP-micro: 0.5597899556159973
val/horizon-mean-time-step: 0.09273365139961243
val/loss: 2.3814544677734375
val/loss__presence: 0.10413268208503723
val/loss_labels: 1.2624300718307495
val/loss_timestamps: 1.0148916244506836
val/match_cost_mean: -10.831269264221191
val/match_cost_std: 10.605561256408691
val/max_cost: 68.13365936279297
val/mean-predicted-length: 19.14689064025879
val/mean-target-length: 19.335750579833984
val/next-item-accuracy: 0.3266896605491638
val/next-item-mae: 0.3373717963695526
val/next-item-map: 0.15327857434749603
val/next-item-map-micro: 0.264081746339798
val/next-item-mean-time-step: 0.5162902474403381
val/next-item-rmse: 0.4948228597640991
val/next-k-label-distribution-delta: 5.229301452636719
val/optimal-transport-distance: 6.79801082611084
val/prediction_match_rate: 0.19074174761772156
val/sequence-labels-entropy: 1.0014615058898926
val/target_match_rate: 1.0
