date: '2024-10-01 11:06:32'
test/T-mAP: 0.3633950352668762
test/T-mAP-micro: 0.5743165016174316
test/horizon-mean-time-step: 0.06999963521957397
test/loss: 2.306873321533203
test/loss__presence: 0.07516439259052277
test/loss_labels: 1.2436118125915527
test/loss_timestamps: 0.9880968332290649
test/match_cost_mean: -11.973091125488281
test/match_cost_std: 10.788544654846191
test/max_cost: 74.28515625
test/mean-predicted-length: 0.0
test/mean-target-length: 19.20047378540039
test/next-item-accuracy: 0.34507307410240173
test/next-item-mae: 0.25394660234451294
test/next-item-map: 0.15753063559532166
test/next-item-map-micro: 0.2780775725841522
test/next-item-mean-time-step: 0.5158678293228149
test/next-item-rmse: 0.4130328297615051
test/next-k-label-distribution-delta: 4.936154842376709
test/optimal-transport-distance: 7.079113960266113
test/prediction_match_rate: 0.1425643414258957
test/sequence-labels-entropy: 0.0
test/target_match_rate: 1.0
val/T-mAP: 0.36124387383461
val/T-mAP-micro: 0.5609079003334045
val/horizon-mean-time-step: 0.07014142721891403
val/loss: 2.3506343364715576
val/loss__presence: 0.07770444452762604
val/loss_labels: 1.2585434913635254
val/loss_timestamps: 1.0143862962722778
val/match_cost_mean: -11.829395294189453
val/match_cost_std: 10.948158264160156
val/max_cost: 75.20267486572266
val/mean-predicted-length: 0.0
val/mean-target-length: 19.335750579833984
val/next-item-accuracy: 0.33581194281578064
val/next-item-mae: 0.2596058249473572
val/next-item-map: 0.1558143049478531
val/next-item-map-micro: 0.2692522406578064
val/next-item-mean-time-step: 0.510403037071228
val/next-item-rmse: 0.4181976616382599
val/next-k-label-distribution-delta: 4.967569351196289
val/optimal-transport-distance: 7.106392860412598
val/prediction_match_rate: 0.14305631816387177
val/sequence-labels-entropy: 0.0
val/target_match_rate: 1.0
