date: '2024-10-01 10:20:28'
test/T-mAP: 0.37394455075263977
test/T-mAP-micro: 0.5851470828056335
test/horizon-mean-time-step: 0.2780536711215973
test/loss: 2.4830830097198486
test/loss__presence: 0.22997510433197021
test/loss_labels: 1.2426471710205078
test/loss_timestamps: 1.010460615158081
test/match_cost_mean: -13.373494148254395
test/match_cost_std: 11.233901977539062
test/max_cost: 56.15189743041992
test/mean-predicted-length: 18.29952621459961
test/mean-target-length: 19.20047378540039
test/next-item-accuracy: 0.34348413348197937
test/next-item-mae: 0.2539187967777252
test/next-item-map: 0.16008307039737701
test/next-item-map-micro: 0.2806262969970703
test/next-item-mean-time-step: 0.5159170627593994
test/next-item-rmse: 0.41769734025001526
test/next-k-label-distribution-delta: 4.766143798828125
test/optimal-transport-distance: 5.918544292449951
test/prediction_match_rate: 0.5509598851203918
test/sequence-labels-entropy: 0.9204734563827515
test/target_match_rate: 1.0
val/T-mAP: 0.37104174494743347
val/T-mAP-micro: 0.5738663077354431
val/horizon-mean-time-step: 0.27853113412857056
val/loss: 2.531034469604492
val/loss__presence: 0.23304015398025513
val/loss_labels: 1.2630409002304077
val/loss_timestamps: 1.0349534749984741
val/match_cost_mean: -13.373793601989746
val/match_cost_std: 11.298405647277832
val/max_cost: 56.60298156738281
val/mean-predicted-length: 18.200305938720703
val/mean-target-length: 19.335750579833984
val/next-item-accuracy: 0.3323112428188324
val/next-item-mae: 0.25960612297058105
val/next-item-map: 0.15656378865242004
val/next-item-map-micro: 0.2703045904636383
val/next-item-mean-time-step: 0.510519802570343
val/next-item-rmse: 0.422963947057724
val/next-k-label-distribution-delta: 4.855398654937744
val/optimal-transport-distance: 5.98750114440918
val/prediction_match_rate: 0.5504153966903687
val/sequence-labels-entropy: 0.8902025818824768
val/target_match_rate: 1.0
