date: '2024-10-01 10:17:04'
test/T-mAP: 0.2951910197734833
test/T-mAP-micro: 0.4569365680217743
test/horizon-mean-time-step: 0.364777147769928
test/loss: 2.393991231918335
test/loss__presence: 0.07962972670793533
test/loss_labels: 1.3089159727096558
test/loss_timestamps: 1.0054453611373901
test/match_cost_mean: -22.21027946472168
test/match_cost_std: 11.729694366455078
test/max_cost: 59.11297607421875
test/mean-predicted-length: 11.978657722473145
test/mean-target-length: 19.20047378540039
test/next-item-accuracy: 0.3462240993976593
test/next-item-mae: 0.2526993751525879
test/next-item-map: 0.16095562279224396
test/next-item-map-micro: 0.28158092498779297
test/next-item-mean-time-step: 0.5169342756271362
test/next-item-rmse: 0.41398194432258606
test/next-k-label-distribution-delta: 4.5618391036987305
test/optimal-transport-distance: 5.80288553237915
test/prediction_match_rate: 0.72408127784729
test/sequence-labels-entropy: 0.8760528564453125
test/target_match_rate: 1.0
val/T-mAP: 0.2967459261417389
val/T-mAP-micro: 0.4515626132488251
val/horizon-mean-time-step: 0.3688094913959503
val/loss: 2.4304559230804443
val/loss__presence: 0.08103986084461212
val/loss_labels: 1.3330312967300415
val/loss_timestamps: 1.0163848400115967
val/match_cost_mean: -22.144927978515625
val/match_cost_std: 11.702851295471191
val/max_cost: 59.5147819519043
val/mean-predicted-length: 11.99122428894043
val/mean-target-length: 19.335750579833984
val/next-item-accuracy: 0.3357352614402771
val/next-item-mae: 0.2583754062652588
val/next-item-map: 0.15819516777992249
val/next-item-map-micro: 0.2719249129295349
val/next-item-mean-time-step: 0.5114996433258057
val/next-item-rmse: 0.4190129339694977
val/next-k-label-distribution-delta: 4.675314426422119
val/optimal-transport-distance: 5.90510892868042
val/prediction_match_rate: 0.7225185036659241
val/sequence-labels-entropy: 0.841916561126709
val/target_match_rate: 1.0
