date: '2025-02-08 12:02:52'
test/T-mAP: 0.09157770872116089
test/T-mAP-weighted: 0.5202910900115967
test/horizon-max-accuracy-weighted: 0.6090531349182129
test/horizon-mean-time-step: 0.16666606068611145
test/horizon-stats-roc-auc: 0.8042494058609009
test/horizon-stats-roc-auc-weighted: 0.8007707595825195
test/loss: 7.208449840545654
test/loss__presence: 0.1994103193283081
test/loss_labels: 1.7221806049346924
test/loss_log_amount: 0.6963002681732178
test/loss_next_item_labels: 2.2481656074523926
test/loss_next_item_log_amount: 0.8209185600280762
test/loss_next_item_timestamps: 0.5667191743850708
test/loss_timestamps: 0.9547563195228577
test/match_cost_mean: -5.383547306060791
test/match_cost_std: 7.066473484039307
test/max_cost: 86.36164855957031
test/mean-predicted-length: 9.165016174316406
test/mean-target-length: 9.136935234069824
test/next-item-accuracy: 0.386075496673584
test/next-item-mae: 0.6315304040908813
test/next-item-map: 0.04687805101275444
test/next-item-map-weighted: 0.3282065689563751
test/next-item-max-accuracy: 0.49173739552497864
test/next-item-mean-time-step: 0.8294031023979187
test/next-item-rmse: 1.0297616720199585
test/next-k-label-distribution-delta: 4.647266387939453
test/optimal-transport-distance: 6.72654390335083
test/prediction_match_rate: 0.27741026878356934
test/sequence-labels-entropy: 1.5373761653900146
test/target_match_rate: 1.0
val/T-mAP: 0.08971390873193741
val/T-mAP-weighted: 0.5237635374069214
val/horizon-max-accuracy-weighted: 0.6097686290740967
val/horizon-mean-time-step: 0.16696789860725403
val/horizon-stats-roc-auc: 0.8055509924888611
val/horizon-stats-roc-auc-weighted: 0.800162136554718
val/loss: 7.1590142250061035
val/loss__presence: 0.1984735131263733
val/loss_labels: 1.701596736907959
val/loss_log_amount: 0.6939241290092468
val/loss_next_item_labels: 2.2290828227996826
val/loss_next_item_log_amount: 0.8161173462867737
val/loss_next_item_timestamps: 0.5664446353912354
val/loss_timestamps: 0.9533770084381104
val/match_cost_mean: -5.42299222946167
val/match_cost_std: 7.046154499053955
val/max_cost: 86.54533386230469
val/mean-predicted-length: 9.204021453857422
val/mean-target-length: 9.149765014648438
val/next-item-accuracy: 0.38855206966400146
val/next-item-mae: 0.6313623785972595
val/next-item-map: 0.04634048789739609
val/next-item-map-weighted: 0.33140864968299866
val/next-item-max-accuracy: 0.4919359087944031
val/next-item-mean-time-step: 0.8298453688621521
val/next-item-rmse: 1.0315971374511719
val/next-k-label-distribution-delta: 4.6248040199279785
val/optimal-transport-distance: 6.711231231689453
val/prediction_match_rate: 0.27778828144073486
val/sequence-labels-entropy: 1.5296262502670288
val/target_match_rate: 1.0
