date: '2025-02-07 12:38:04'
test/T-mAP: 0.09180473536252975
test/T-mAP-weighted: 0.5189330577850342
test/horizon-max-accuracy-weighted: 0.6057668328285217
test/horizon-mean-time-step: 0.15704616904258728
test/horizon-stats-roc-auc: 0.7807607054710388
test/horizon-stats-roc-auc-weighted: 0.7802605628967285
test/loss: 3.56894588470459
test/loss__presence: 0.19918133318424225
test/loss_labels: 1.7102839946746826
test/loss_log_amount: 0.6921157836914062
test/loss_timestamps: 0.9673642516136169
test/match_cost_mean: -5.4271979331970215
test/match_cost_std: 6.88344144821167
test/max_cost: 72.95132446289062
test/mean-predicted-length: 9.302003860473633
test/mean-target-length: 9.136935234069824
test/next-item-accuracy: 0.3454734683036804
test/next-item-mae: 0.7038286328315735
test/next-item-map: 0.03812973573803902
test/next-item-map-weighted: 0.29267990589141846
test/next-item-max-accuracy: 0.4829403758049011
test/next-item-mean-time-step: 0.8316962718963623
test/next-item-rmse: 1.0481786727905273
test/next-k-label-distribution-delta: 4.646169185638428
test/optimal-transport-distance: 6.657512187957764
test/prediction_match_rate: 0.2772836983203888
test/sequence-labels-entropy: 1.5171090364456177
test/target_match_rate: 1.0
val/T-mAP: 0.0904872789978981
val/T-mAP-weighted: 0.5218364000320435
val/horizon-max-accuracy-weighted: 0.6064005494117737
val/horizon-mean-time-step: 0.15718351304531097
val/horizon-stats-roc-auc: 0.7831862568855286
val/horizon-stats-roc-auc-weighted: 0.779530942440033
val/loss: 3.544114351272583
val/loss__presence: 0.1984609216451645
val/loss_labels: 1.6915136575698853
val/loss_log_amount: 0.6892625093460083
val/loss_timestamps: 0.964877724647522
val/match_cost_mean: -5.458613395690918
val/match_cost_std: 6.855957508087158
val/max_cost: 73.03335571289062
val/mean-predicted-length: 9.349651336669922
val/mean-target-length: 9.149765014648438
val/next-item-accuracy: 0.3471653461456299
val/next-item-mae: 0.7046257853507996
val/next-item-map: 0.03660699725151062
val/next-item-map-weighted: 0.2955666780471802
val/next-item-max-accuracy: 0.48340100049972534
val/next-item-mean-time-step: 0.8319929242134094
val/next-item-rmse: 1.0506610870361328
val/next-k-label-distribution-delta: 4.626871585845947
val/optimal-transport-distance: 6.6510210037231445
val/prediction_match_rate: 0.2778702676296234
val/sequence-labels-entropy: 1.516325831413269
val/target_match_rate: 1.0
