date: '2025-02-08 12:17:41'
test/T-mAP: 0.06028559058904648
test/T-mAP-weighted: 0.38367408514022827
test/horizon-max-accuracy-weighted: 0.5403547883033752
test/horizon-mean-time-step: 0.6456815004348755
test/horizon-stats-roc-auc: 0.7901643514633179
test/horizon-stats-roc-auc-weighted: 0.7868947386741638
test/loss: 4.017829895019531
test/loss_decoder_labels: 2.4188787937164307
test/loss_decoder_log_amount: 0.838873028755188
test/loss_decoder_timestamps: 0.6184588670730591
test/loss_diffusion: 0.14161908626556396
test/loss_embedder_regularizer: 1.8941532878584324e-15
test/mean-predicted-length: 10.566286087036133
test/mean-target-length: 9.136935234069824
test/next-item-accuracy: 0.35953912138938904
test/next-item-mae: 0.6451895833015442
test/next-item-map: 0.036687664687633514
test/next-item-map-weighted: 0.2859562337398529
test/next-item-max-accuracy: 0.47604086995124817
test/next-item-mean-time-step: 0.8342271447181702
test/next-item-rmse: 1.0416889190673828
test/next-k-label-distribution-delta: 5.390820503234863
test/optimal-transport-distance: 6.870759963989258
test/sequence-labels-entropy: 0.7526875734329224
val/T-mAP: 0.05905485525727272
val/T-mAP-weighted: 0.38640090823173523
val/horizon-max-accuracy-weighted: 0.5408427119255066
val/horizon-mean-time-step: 0.6454698443412781
val/horizon-stats-roc-auc: 0.7930168509483337
val/horizon-stats-roc-auc-weighted: 0.7866897583007812
val/loss: 3.9918620586395264
val/loss_decoder_labels: 2.399219274520874
val/loss_decoder_log_amount: 0.8336093425750732
val/loss_decoder_timestamps: 0.6175388097763062
val/loss_diffusion: 0.141493558883667
val/loss_embedder_regularizer: 1.8951981029988706e-15
val/mean-predicted-length: 10.569947242736816
val/mean-target-length: 9.149765014648438
val/next-item-accuracy: 0.36191749572753906
val/next-item-mae: 0.644825279712677
val/next-item-map: 0.035840678960084915
val/next-item-map-weighted: 0.2894844710826874
val/next-item-max-accuracy: 0.476382315158844
val/next-item-mean-time-step: 0.8346210718154907
val/next-item-rmse: 1.04377019405365
val/next-k-label-distribution-delta: 5.369460105895996
val/optimal-transport-distance: 6.850089073181152
val/sequence-labels-entropy: 0.7500685453414917
