date: '2025-02-13 14:07:45'
test/T-mAP: 0.07772374898195267
test/T-mAP-weighted: 0.47179266810417175
test/horizon-max-f-score: 0.12980185449123383
test/horizon-max-f-score-weighted: 0.4941754639148712
test/horizon-mean-time-step: 0.03617711737751961
test/horizon-binary-targets-rog-auc: 0.7586325407028198
test/horizon-binary-targets-rog-auc-weighted: 0.7462059855461121
test/loss: 0.0
test/mean-predicted-length: 125.38802337646484
test/mean-target-length: 9.136935234069824
test/next-item-accuracy: 0.32767996191978455
test/next-item-mae: 0.7557968497276306
test/next-item-map: 0.008556859567761421
test/next-item-map-weighted: 0.16187423467636108
test/next-item-max-f-score: 0.019180435687303543
test/next-item-max-f-score-weighted: 0.245059072971344
test/next-item-mean-time-step: 0.82438725233078
test/next-item-rmse: 1.123003602027893
test/next-k-label-distribution-delta: 5.235599994659424
test/optimal-transport-distance: 7.854431629180908
test/sequence-labels-entropy: 3.6892051696777344
val/T-mAP: 0.08240392059087753
val/T-mAP-weighted: 0.47697657346725464
val/horizon-max-f-score: 0.13133040070533752
val/horizon-max-f-score-weighted: 0.49837374687194824
val/horizon-mean-time-step: 0.03669285401701927
val/horizon-binary-targets-rog-auc: 0.7606794834136963
val/horizon-binary-targets-rog-auc-weighted: 0.7501298785209656
val/loss: 0.0
val/mean-predicted-length: 123.63967895507812
val/mean-target-length: 9.149765014648438
val/next-item-accuracy: 0.32975196838378906
val/next-item-mae: 0.7554442882537842
val/next-item-map: 0.008594116196036339
val/next-item-map-weighted: 0.16157293319702148
val/next-item-max-f-score: 0.019047655165195465
val/next-item-max-f-score-weighted: 0.24543920159339905
val/next-item-mean-time-step: 0.8247609734535217
val/next-item-rmse: 1.1250908374786377
val/next-k-label-distribution-delta: 5.199319839477539
val/optimal-transport-distance: 7.825974464416504
val/sequence-labels-entropy: 3.6733062267303467
