date: '2025-02-07 19:56:42'
test/T-mAP: 0.07814434170722961
test/T-mAP-weighted: 0.47344326972961426
test/horizon-max-accuracy-weighted: 0.5957252383232117
test/horizon-mean-time-step: 0.025653773918747902
test/horizon-stats-roc-auc: 0.7574132084846497
test/horizon-stats-roc-auc-weighted: 0.7457496523857117
test/loss: 0.0
test/mean-predicted-length: 176.4127960205078
test/mean-target-length: 9.136935234069824
test/next-item-accuracy: 0.20478703081607819
test/next-item-mae: 0.7565631866455078
test/next-item-map: 0.005070316139608622
test/next-item-map-weighted: 0.13042469322681427
test/next-item-max-accuracy: 0.46311429142951965
test/next-item-mean-time-step: 0.8249003291130066
test/next-item-rmse: 1.1238510608673096
test/next-k-label-distribution-delta: 6.872600078582764
test/optimal-transport-distance: 8.691804885864258
test/sequence-labels-entropy: 4.056951999664307
val/T-mAP: 0.0792049691081047
val/T-mAP-weighted: 0.4774456322193146
val/horizon-max-accuracy-weighted: 0.5967614650726318
val/horizon-mean-time-step: 0.02604253962635994
val/horizon-stats-roc-auc: 0.7595887780189514
val/horizon-stats-roc-auc-weighted: 0.7484250664710999
val/loss: 0.0
val/mean-predicted-length: 173.79420471191406
val/mean-target-length: 9.149765014648438
val/next-item-accuracy: 0.2139309197664261
val/next-item-mae: 0.756131112575531
val/next-item-map: 0.0050359610468149185
val/next-item-map-weighted: 0.1303713172674179
val/next-item-max-accuracy: 0.46262457966804504
val/next-item-mean-time-step: 0.82529217004776
val/next-item-rmse: 1.1258370876312256
val/next-k-label-distribution-delta: 6.845566272735596
val/optimal-transport-distance: 8.677743911743164
val/sequence-labels-entropy: 4.040630340576172
