date: '2025-02-07 20:04:11'
test/T-mAP: 0.06307969242334366
test/T-mAP-weighted: 0.3334231376647949
test/horizon-max-accuracy-weighted: 0.5122242569923401
test/horizon-mean-time-step: 0.5837425589561462
test/horizon-stats-roc-auc: 0.7930593490600586
test/horizon-stats-roc-auc-weighted: 0.7873193621635437
test/loss: 3.635495185852051
test/loss_labels: 2.248076915740967
test/loss_log_amount: 0.8218029141426086
test/loss_timestamps: 0.5656155347824097
test/mean-predicted-length: 12.696220397949219
test/mean-target-length: 9.136935234069824
test/next-item-accuracy: 0.38646045327186584
test/next-item-mae: 0.6295562982559204
test/next-item-map: 0.04717275872826576
test/next-item-map-weighted: 0.32859617471694946
test/next-item-max-accuracy: 0.49184051156044006
test/next-item-mean-time-step: 0.8288865089416504
test/next-item-rmse: 1.0320782661437988
test/next-k-label-distribution-delta: 5.225673198699951
test/optimal-transport-distance: 6.814303398132324
test/sequence-labels-entropy: 0.802118718624115
val/T-mAP: 0.06373678892850876
val/T-mAP-weighted: 0.3345015347003937
val/horizon-max-accuracy-weighted: 0.5110763311386108
val/horizon-mean-time-step: 0.584475040435791
val/horizon-stats-roc-auc: 0.7958898544311523
val/horizon-stats-roc-auc-weighted: 0.7919167876243591
val/loss: 3.612666606903076
val/loss_labels: 2.2298967838287354
val/loss_log_amount: 0.8173536658287048
val/loss_timestamps: 0.565416157245636
val/mean-predicted-length: 12.657685279846191
val/mean-target-length: 9.149765014648438
val/next-item-accuracy: 0.3888181149959564
val/next-item-mae: 0.6294160485267639
val/next-item-map: 0.04769274219870567
val/next-item-map-weighted: 0.3316633105278015
val/next-item-max-accuracy: 0.49200862646102905
val/next-item-mean-time-step: 0.8292977809906006
val/next-item-rmse: 1.0339124202728271
val/next-k-label-distribution-delta: 5.191849708557129
val/optimal-transport-distance: 6.791910648345947
val/sequence-labels-entropy: 0.7972676753997803
