date: '2025-02-07 20:06:29'
test/T-mAP: 0.07300406694412231
test/T-mAP-weighted: 0.40424999594688416
test/horizon-max-accuracy-weighted: 0.5284833312034607
test/horizon-mean-time-step: 0.8433735370635986
test/horizon-stats-roc-auc: 0.7791858911514282
test/horizon-stats-roc-auc-weighted: 0.7768799662590027
test/loss: 3.9231150150299072
test/loss_labels: 2.2478456497192383
test/loss_log_amount: 0.8216559886932373
test/loss_timestamps: 0.8536127209663391
test/mean-predicted-length: 8.246440887451172
test/mean-target-length: 9.136935234069824
test/next-item-accuracy: 0.38640502095222473
test/next-item-mae: 0.6918222904205322
test/next-item-map: 0.04731402546167374
test/next-item-map-weighted: 0.32870611548423767
test/next-item-max-accuracy: 0.49172332882881165
test/next-item-mean-time-step: 0.841745138168335
test/next-item-rmse: 1.0348564386367798
test/next-k-label-distribution-delta: 5.209320545196533
test/optimal-transport-distance: 6.710104465484619
test/sequence-labels-entropy: 0.8207553029060364
test/timestamps-bias-mean: 0.18085992336273193
test/timestamps-current_influence: -0.04572024941444397
val/T-mAP: 0.07468322664499283
val/T-mAP-weighted: 0.40674054622650146
val/horizon-max-accuracy-weighted: 0.5276733040809631
val/horizon-mean-time-step: 0.84449702501297
val/horizon-stats-roc-auc: 0.7829213738441467
val/horizon-stats-roc-auc-weighted: 0.7794015407562256
val/loss: 3.899599313735962
val/loss_labels: 2.2297348976135254
val/loss_log_amount: 0.8171823620796204
val/loss_timestamps: 0.8526816964149475
val/mean-predicted-length: 8.239970207214355
val/mean-target-length: 9.149765014648438
val/next-item-accuracy: 0.3887697756290436
val/next-item-mae: 0.691247820854187
val/next-item-map: 0.04661060497164726
val/next-item-map-weighted: 0.331789493560791
val/next-item-max-accuracy: 0.49213072657585144
val/next-item-mean-time-step: 0.841996967792511
val/next-item-rmse: 1.0366408824920654
val/next-k-label-distribution-delta: 5.1778435707092285
val/optimal-transport-distance: 6.691586971282959
val/sequence-labels-entropy: 0.8197698593139648
val/timestamps-bias-mean: 0.18183520436286926
val/timestamps-current_influence: -0.04572024941444397
