date: '2026-02-21 17:24:01'
test/T-mAP: 0.1198577806353569
test/T-mAP-weighted: 0.39015859365463257
test/horizon-max-f-score: 0.18525665998458862
test/horizon-max-f-score-weighted: 0.45150652527809143
test/horizon-mean-time-step: 0.5164316892623901
test/loss: 3.3609817028045654
test/loss_labels: 2.6208767890930176
test/loss_timestamps: 0.740105152130127
test/mean-predicted-length: 19.624359130859375
test/mean-target-length: 15.583646774291992
test/next-item-accuracy: 0.35943472385406494
test/next-item-mae: 0.7348448634147644
test/next-item-map: 0.08360444009304047
test/next-item-map-weighted: 0.28766489028930664
test/next-item-max-f-score: 0.14229758083820343
test/next-item-max-f-score-weighted: 0.4047749638557434
test/next-item-mean-time-step: 0.9435681104660034
test/next-item-rmse: 1.142977237701416
test/next-k-label-distribution-delta: 8.257954597473145
test/optimal-transport-distance: 13.644464492797852
test/sequence-labels-entropy: 0.8834660053253174
test/target-sequence-labels-entropy: 1.4227652549743652
val/T-mAP: 0.12815743684768677
val/T-mAP-weighted: 0.3968891501426697
val/horizon-max-f-score: 0.200456440448761
val/horizon-max-f-score-weighted: 0.45556581020355225
val/horizon-mean-time-step: 0.5084743499755859
val/loss: 3.246616840362549
val/loss_labels: 2.49788761138916
val/loss_timestamps: 0.7487286329269409
val/mean-predicted-length: 20.006792068481445
val/mean-target-length: 15.263496398925781
val/next-item-accuracy: 0.3764083683490753
val/next-item-mae: 0.7412112951278687
val/next-item-map: 0.08621393889188766
val/next-item-map-weighted: 0.30709877610206604
val/next-item-max-f-score: 0.14391693472862244
val/next-item-max-f-score-weighted: 0.41807907819747925
val/next-item-mean-time-step: 0.9684413075447083
val/next-item-rmse: 1.1586858034133911
val/next-k-label-distribution-delta: 8.042902946472168
val/optimal-transport-distance: 13.499576568603516
val/sequence-labels-entropy: 0.8475517630577087
val/target-sequence-labels-entropy: 1.385812759399414
