date: '2025-12-14 06:06:43'
test/T-mAP: 0.11748430877923965
test/T-mAP-weighted: 0.3507286608219147
test/horizon-max-f-score: 0.178282231092453
test/horizon-max-f-score-weighted: 0.41201356053352356
test/horizon-mean-time-step: 0.4402000904083252
test/loss: 2.4438936710357666
test/loss_labels: 1.7671315670013428
test/loss_timestamps: 0.6767621636390686
test/mean-predicted-length: 21.172082901000977
test/mean-target-length: 15.583646774291992
test/next-item-accuracy: 0.42137739062309265
test/next-item-mae: 0.6747710704803467
test/next-item-map: 0.10795769095420837
test/next-item-map-weighted: 0.3286244869232178
test/next-item-max-f-score: 0.1684502512216568
test/next-item-max-f-score-weighted: 0.4288759231567383
test/next-item-mean-time-step: 0.898138701915741
test/next-item-rmse: 1.0865514278411865
test/next-k-label-distribution-delta: 9.488197326660156
test/optimal-transport-distance: 13.34343433380127
test/sequence-labels-entropy: 0.3823331892490387
test/target-sequence-labels-entropy: 1.4227653741836548
val/T-mAP: 0.1222645565867424
val/T-mAP-weighted: 0.35894644260406494
val/horizon-max-f-score: 0.18161562085151672
val/horizon-max-f-score-weighted: 0.4165780246257782
val/horizon-mean-time-step: 0.43849530816078186
val/loss: 2.403164863586426
val/loss_labels: 1.715301275253296
val/loss_timestamps: 0.6878631711006165
val/mean-predicted-length: 21.395780563354492
val/mean-target-length: 15.263496398925781
val/next-item-accuracy: 0.43355703353881836
val/next-item-mae: 0.6843052506446838
val/next-item-map: 0.11037570983171463
val/next-item-map-weighted: 0.34377267956733704
val/next-item-max-f-score: 0.17107969522476196
val/next-item-max-f-score-weighted: 0.44071319699287415
val/next-item-mean-time-step: 0.9244822859764099
val/next-item-rmse: 1.106479287147522
val/next-k-label-distribution-delta: 9.250625610351562
val/optimal-transport-distance: 13.217531204223633
val/sequence-labels-entropy: 0.3440774083137512
val/target-sequence-labels-entropy: 1.3858129978179932
