date: '2024-06-05 11:21:38'
test/detection-mAP: 0.20933374762535095
test/horizon-mean-time-step: .nan
test/loss: 3.298038959503174
test/loss_labels: 1.186782956123352
test/loss_timestamps: 2.111254930496216
test/mean-predicted-length: 0.9711297154426575
test/mean-target-length: 8.905867576599121
test/next-item-accuracy: 0.5732319355010986
test/next-item-mae: 2.8481454849243164
test/next-item-mean-time-step: 3.397322416305542
test/next-item-rmse: 8.585040092468262
val/detection-mAP: 0.2131623476743698
val/horizon-mean-time-step: .nan
val/loss: 3.277006149291992
val/loss_labels: 1.1836133003234863
val/loss_timestamps: 2.0933918952941895
val/mean-predicted-length: 0.9696004390716553
val/mean-target-length: 8.920743942260742
val/next-item-accuracy: 0.5747759938240051
val/next-item-mae: 2.8110294342041016
val/next-item-mean-time-step: 3.3461575508117676
val/next-item-rmse: 8.528889656066895
