date: '2024-08-09 05:05:29'
test/T-mAP: 0.19615864753723145
test/horizon-mean-time-step: 0.8931856751441956
test/loss: 4.2225775718688965
test/loss_labels: 1.824398159980774
test/loss_timestamps: 2.3981802463531494
test/mean-predicted-length: 3.824915885925293
test/mean-target-length: 8.905867576599121
test/next-item-accuracy: 0.5725070238113403
test/next-item-mae: 26.936128616333008
test/next-item-mean-time-step: 28.294269561767578
test/next-item-rmse: 183.6187744140625
val/T-mAP: 0.19926561415195465
val/horizon-mean-time-step: 0.9080029726028442
val/loss: 4.19943380355835
val/loss_labels: 1.8214939832687378
val/loss_timestamps: 2.3779399394989014
val/mean-predicted-length: 3.818760871887207
val/mean-target-length: 8.920743942260742
val/next-item-accuracy: 0.5727569460868835
val/next-item-mae: 26.43352699279785
val/next-item-mean-time-step: 27.749534606933594
val/next-item-rmse: 180.136962890625
