date: '2024-08-09 06:19:27'
test/T-mAP: 0.20905673503875732
test/horizon-mean-time-step: 0.18616457283496857
test/loss: 5.544561386108398
test/loss_labels: 2.6510348320007324
test/loss_timestamps: 2.8935275077819824
test/mean-predicted-length: 15.482484817504883
test/mean-target-length: 8.905867576599121
test/next-item-accuracy: 0.5663003325462341
test/next-item-mae: 27.049503326416016
test/next-item-mean-time-step: 28.30552101135254
test/next-item-rmse: 183.69512939453125
test/optimal-transport-distance: 14.231400489807129
val/T-mAP: 0.2099330723285675
val/horizon-mean-time-step: 0.18867769837379456
val/loss: 5.5073676109313965
val/loss_labels: 2.6418960094451904
val/loss_timestamps: 2.865471839904785
val/mean-predicted-length: 15.440431594848633
val/mean-target-length: 8.920743942260742
val/next-item-accuracy: 0.5682162642478943
val/next-item-mae: 26.55065155029297
val/next-item-mean-time-step: 27.76644515991211
val/next-item-rmse: 180.20838928222656
val/optimal-transport-distance: 14.303678512573242
