date: '2024-08-09 05:42:09'
test/T-mAP: 0.21005311608314514
test/horizon-mean-time-step: 0.44967737793922424
test/loss: 4.9072442054748535
test/loss_labels: 2.233944892883301
test/loss_timestamps: 2.6732993125915527
test/mean-predicted-length: 7.630918979644775
test/mean-target-length: 8.905867576599121
test/next-item-accuracy: 0.5711287260055542
test/next-item-mae: 26.949169158935547
test/next-item-mean-time-step: 28.30100440979004
test/next-item-rmse: 183.65359497070312
test/optimal-transport-distance: 13.86705493927002
val/T-mAP: 0.2126455157995224
val/horizon-mean-time-step: 0.45847588777542114
val/loss: 4.882717132568359
val/loss_labels: 2.2301383018493652
val/loss_timestamps: 2.6525793075561523
val/mean-predicted-length: 7.623697280883789
val/mean-target-length: 8.920743942260742
val/next-item-accuracy: 0.5722544193267822
val/next-item-mae: 26.44312858581543
val/next-item-mean-time-step: 27.756677627563477
val/next-item-rmse: 180.17144775390625
val/optimal-transport-distance: 13.903862953186035
