date: '2024-08-04 20:51:05'
test/detection-mAP: 0.1885744333267212
test/horizon-mean-time-step: 0.9965202212333679
test/loss: 4.042701721191406
test/loss_labels: 1.6922833919525146
test/loss_timestamps: 2.3504178524017334
test/mean-predicted-length: 2.895479679107666
test/mean-target-length: 8.905867576599121
test/next-item-accuracy: 0.5702695846557617
test/next-item-mae: 27.016271591186523
test/next-item-mean-time-step: 28.32016944885254
test/next-item-rmse: 183.6527862548828
val/detection-mAP: 0.1913338452577591
val/horizon-mean-time-step: 1.0090103149414062
val/loss: 4.0182952880859375
val/loss_labels: 1.6886061429977417
val/loss_timestamps: 2.3296895027160645
val/mean-predicted-length: 2.8942530155181885
val/mean-target-length: 8.920743942260742
val/next-item-accuracy: 0.5716251730918884
val/next-item-mae: 26.51519203186035
val/next-item-mean-time-step: 27.775720596313477
val/next-item-rmse: 180.17282104492188
