date: '2024-08-09 04:11:38'
test/T-mAP: 0.21051661670207977
test/horizon-mean-time-step: .nan
test/loss: 3.2936339378356934
test/loss_labels: 1.1867979764938354
test/loss_timestamps: 2.106837034225464
test/mean-predicted-length: 0.9684074521064758
test/mean-target-length: 8.905867576599121
test/next-item-accuracy: 0.5732095837593079
test/next-item-mae: 26.93016815185547
test/next-item-mean-time-step: 28.305240631103516
test/next-item-rmse: 183.58131408691406
val/T-mAP: 0.21366262435913086
val/horizon-mean-time-step: .nan
val/loss: 3.274620771408081
val/loss_labels: 1.183663249015808
val/loss_timestamps: 2.0909574031829834
val/mean-predicted-length: 0.9671395421028137
val/mean-target-length: 8.920743942260742
val/next-item-accuracy: 0.5749887824058533
val/next-item-mae: 26.428003311157227
val/next-item-mean-time-step: 27.7630615234375
val/next-item-rmse: 180.09999084472656
