date: '2024-06-05 12:01:35'
test/detection-mAP: 0.20952965319156647
test/horizon-mean-time-step: 0.4471675157546997
test/loss: 4.907052516937256
test/loss_labels: 2.233696937561035
test/loss_timestamps: 2.673356294631958
test/mean-predicted-length: 7.6375813484191895
test/mean-target-length: 8.905867576599121
test/next-item-accuracy: 0.5714151263237
test/next-item-mae: 2.850116014480591
test/next-item-mean-time-step: 3.3833627700805664
test/next-item-rmse: 8.565937995910645
test/optimal-transport-distance: 13.81650161743164
val/detection-mAP: 0.21243451535701752
val/horizon-mean-time-step: 0.45640474557876587
val/loss: 4.882514476776123
val/loss_labels: 2.230057716369629
val/loss_timestamps: 2.6524572372436523
val/mean-predicted-length: 7.626230239868164
val/mean-target-length: 8.920743942260742
val/next-item-accuracy: 0.5722906589508057
val/next-item-mae: 2.8131091594696045
val/next-item-mean-time-step: 3.335094690322876
val/next-item-rmse: 8.506924629211426
val/optimal-transport-distance: 13.857226371765137
