date: '2024-08-09 05:23:44'
test/T-mAP: 0.19822414219379425
test/horizon-mean-time-step: 0.6934053897857666
test/loss: 4.445662498474121
test/loss_labels: 1.956714391708374
test/loss_timestamps: 2.4889490604400635
test/mean-predicted-length: 4.782362461090088
test/mean-target-length: 8.905867576599121
test/next-item-accuracy: 0.5707125663757324
test/next-item-mae: 26.94509506225586
test/next-item-mean-time-step: 28.299009323120117
test/next-item-rmse: 183.6058349609375
test/optimal-transport-distance: 13.84426498413086
val/T-mAP: 0.20135831832885742
val/horizon-mean-time-step: 0.7063372135162354
val/loss: 4.425210952758789
val/loss_labels: 1.953133225440979
val/loss_timestamps: 2.472078561782837
val/mean-predicted-length: 4.776273727416992
val/mean-target-length: 8.920743942260742
val/next-item-accuracy: 0.5719828009605408
val/next-item-mae: 26.441896438598633
val/next-item-mean-time-step: 27.755809783935547
val/next-item-rmse: 180.1228485107422
val/optimal-transport-distance: 13.912104606628418
