date: '2024-06-05 11:53:41'
test/detection-mAP: 0.19860337674617767
test/horizon-mean-time-step: 0.7037485241889954
test/loss: 4.446013450622559
test/loss_labels: 1.9567192792892456
test/loss_timestamps: 2.4892945289611816
test/mean-predicted-length: 4.7804999351501465
test/mean-target-length: 8.905867576599121
test/next-item-accuracy: 0.5709721446037292
test/next-item-mae: 2.867318868637085
test/next-item-mean-time-step: 3.392719268798828
test/next-item-rmse: 8.596768379211426
test/optimal-transport-distance: 13.433259963989258
val/detection-mAP: 0.20078033208847046
val/horizon-mean-time-step: 0.716387927532196
val/loss: 4.425894737243652
val/loss_labels: 1.9532785415649414
val/loss_timestamps: 2.472614288330078
val/mean-predicted-length: 4.774319648742676
val/mean-target-length: 8.920743942260742
val/next-item-accuracy: 0.572191059589386
val/next-item-mae: 2.8319995403289795
val/next-item-mean-time-step: 3.3413679599761963
val/next-item-rmse: 8.540780067443848
val/optimal-transport-distance: 13.487988471984863
