date: '2024-08-04 21:28:42'
test/detection-mAP: 0.20258910953998566
test/horizon-mean-time-step: 0.3877982795238495
test/loss: 4.967973232269287
test/loss_labels: 2.2604496479034424
test/loss_timestamps: 2.707524538040161
test/mean-predicted-length: 7.789383411407471
test/mean-target-length: 8.905867576599121
test/next-item-accuracy: 0.5675040483474731
test/next-item-mae: 27.07640838623047
test/next-item-mean-time-step: 28.317041397094727
test/next-item-rmse: 183.71588134765625
test/optimal-transport-distance: 13.844562530517578
val/detection-mAP: 0.20438461005687714
val/horizon-mean-time-step: 0.38969185948371887
val/loss: 4.941791534423828
val/loss_labels: 2.2549843788146973
val/loss_timestamps: 2.686805486679077
val/mean-predicted-length: 7.785610675811768
val/mean-target-length: 8.920743942260742
val/next-item-accuracy: 0.5693570971488953
val/next-item-mae: 26.57182502746582
val/next-item-mean-time-step: 27.775754928588867
val/next-item-rmse: 180.22972106933594
val/optimal-transport-distance: 13.854120254516602
