date: '2024-08-09 06:00:33'
test/T-mAP: 0.21049441397190094
test/horizon-mean-time-step: 0.29272064566612244
test/loss: 5.288506031036377
test/loss_labels: 2.4711861610412598
test/loss_timestamps: 2.817321300506592
test/mean-predicted-length: 11.50927734375
test/mean-target-length: 8.905867576599121
test/next-item-accuracy: 0.5692806243896484
test/next-item-mae: 26.960142135620117
test/next-item-mean-time-step: 28.269481658935547
test/next-item-rmse: 183.70799255371094
test/optimal-transport-distance: 13.979923248291016
val/T-mAP: 0.2138424515724182
val/horizon-mean-time-step: 0.2964421808719635
val/loss: 5.252683162689209
val/loss_labels: 2.462611675262451
val/loss_timestamps: 2.790071964263916
val/mean-predicted-length: 11.492182731628418
val/mean-target-length: 8.920743942260742
val/next-item-accuracy: 0.5701085925102234
val/next-item-mae: 26.454694747924805
val/next-item-mean-time-step: 27.725126266479492
val/next-item-rmse: 180.2278594970703
val/optimal-transport-distance: 13.987585067749023
