date: '2024-08-04 21:54:07'
test/detection-mAP: 0.20208825170993805
test/horizon-mean-time-step: 0.16117556393146515
test/loss: 5.565018653869629
test/loss_labels: 2.661414384841919
test/loss_timestamps: 2.9036052227020264
test/mean-predicted-length: 15.730137825012207
test/mean-target-length: 8.905867576599121
test/next-item-accuracy: 0.5603308081626892
test/next-item-mae: 27.146255493164062
test/next-item-mean-time-step: 28.128528594970703
test/next-item-rmse: 184.3284912109375
test/optimal-transport-distance: 14.166049003601074
val/detection-mAP: 0.20301257073879242
val/horizon-mean-time-step: 0.16302676498889923
val/loss: 5.52658224105835
val/loss_labels: 2.6510159969329834
val/loss_timestamps: 2.875566005706787
val/mean-predicted-length: 15.711493492126465
val/mean-target-length: 8.920743942260742
val/next-item-accuracy: 0.562824547290802
val/next-item-mae: 26.641803741455078
val/next-item-mean-time-step: 27.592992782592773
val/next-item-rmse: 180.85243225097656
val/optimal-transport-distance: 14.183993339538574
