date: '2024-08-09 06:39:04'
test/T-mAP: 0.20240966975688934
test/horizon-mean-time-step: 0.13129813969135284
test/loss: 5.761732578277588
test/loss_labels: 2.838832139968872
test/loss_timestamps: 2.922901153564453
test/mean-predicted-length: 23.19793701171875
test/mean-target-length: 8.905867576599121
test/next-item-accuracy: 0.5648415088653564
test/next-item-mae: 27.016796112060547
test/next-item-mean-time-step: 28.214998245239258
test/next-item-rmse: 183.7407684326172
test/optimal-transport-distance: 13.847542762756348
val/T-mAP: 0.20473970472812653
val/horizon-mean-time-step: 0.1330193430185318
val/loss: 5.724294662475586
val/loss_labels: 2.8208744525909424
val/loss_timestamps: 2.903421401977539
val/mean-predicted-length: 23.175304412841797
val/mean-target-length: 8.920743942260742
val/next-item-accuracy: 0.5667857527732849
val/next-item-mae: 26.508726119995117
val/next-item-mean-time-step: 27.670475006103516
val/next-item-rmse: 180.2605743408203
val/optimal-transport-distance: 13.912137985229492
