date: '2024-06-05 11:29:38'
test/detection-mAP: 0.1957913339138031
test/horizon-mean-time-step: 1.5557281970977783
test/loss: 3.6676430702209473
test/loss_labels: 1.4719202518463135
test/loss_timestamps: 2.1957223415374756
test/mean-predicted-length: 1.922845482826233
test/mean-target-length: 8.905867576599121
test/next-item-accuracy: 0.5730977058410645
test/next-item-mae: 2.874018430709839
test/next-item-mean-time-step: 3.4060394763946533
test/next-item-rmse: 8.616043090820312
val/detection-mAP: 0.1984269917011261
val/horizon-mean-time-step: 1.5951781272888184
val/loss: 3.6429755687713623
val/loss_labels: 1.4692540168762207
val/loss_timestamps: 2.1737215518951416
val/mean-predicted-length: 1.9183555841445923
val/mean-target-length: 8.920743942260742
val/next-item-accuracy: 0.5744953155517578
val/next-item-mae: 2.8384642601013184
val/next-item-mean-time-step: 3.356421709060669
val/next-item-rmse: 8.561596870422363
