date: '2024-06-05 11:45:17'
test/detection-mAP: 0.19654615223407745
test/horizon-mean-time-step: 0.8861174583435059
test/loss: 4.2230305671691895
test/loss_labels: 1.8243669271469116
test/loss_timestamps: 2.3986637592315674
test/mean-predicted-length: 3.824342727661133
test/mean-target-length: 8.905867576599121
test/next-item-accuracy: 0.5725741386413574
test/next-item-mae: 2.8490304946899414
test/next-item-mean-time-step: 3.408212184906006
test/next-item-rmse: 8.5760498046875
val/detection-mAP: 0.19984973967075348
val/horizon-mean-time-step: 0.8986027240753174
val/loss: 4.19995641708374
val/loss_labels: 1.8215559720993042
val/loss_timestamps: 2.3784003257751465
val/mean-predicted-length: 3.818326473236084
val/mean-target-length: 8.920743942260742
val/next-item-accuracy: 0.5731145739555359
val/next-item-mae: 2.8129138946533203
val/next-item-mean-time-step: 3.3540568351745605
val/next-item-rmse: 8.517650604248047
