date: '2024-06-05 11:37:26'
test/detection-mAP: 0.19099818170070648
test/horizon-mean-time-step: 1.085200548171997
test/loss: 3.9783267974853516
test/loss_labels: 1.6756559610366821
test/loss_timestamps: 2.302669048309326
test/mean-predicted-length: 2.8754208087921143
test/mean-target-length: 8.905867576599121
test/next-item-accuracy: 0.5720058083534241
test/next-item-mae: 2.8632304668426514
test/next-item-mean-time-step: 3.405104637145996
test/next-item-rmse: 8.599733352661133
val/detection-mAP: 0.1938745230436325
val/horizon-mean-time-step: 1.110911250114441
val/loss: 3.9534647464752197
val/loss_labels: 1.6720088720321655
val/loss_timestamps: 2.2814559936523438
val/mean-predicted-length: 2.872756242752075
val/mean-target-length: 8.920743942260742
val/next-item-accuracy: 0.5732594728469849
val/next-item-mae: 2.8257803916931152
val/next-item-mean-time-step: 3.35235333442688
val/next-item-rmse: 8.54141902923584
