date: '2024-06-05 12:09:19'
test/detection-mAP: 0.2106815129518509
test/horizon-mean-time-step: 0.29335886240005493
test/loss: 5.287779808044434
test/loss_labels: 2.471061944961548
test/loss_timestamps: 2.816718101501465
test/mean-predicted-length: 11.498674392700195
test/mean-target-length: 8.905867576599121
test/next-item-accuracy: 0.570341169834137
test/next-item-mae: 2.8412728309631348
test/next-item-mean-time-step: 3.39855694770813
test/next-item-rmse: 8.531643867492676
test/optimal-transport-distance: 13.987693786621094
val/detection-mAP: 0.21393966674804688
val/horizon-mean-time-step: 0.2968428432941437
val/loss: 5.251926422119141
val/loss_labels: 2.4623868465423584
val/loss_timestamps: 2.7895400524139404
val/mean-predicted-length: 11.477128028869629
val/mean-target-length: 8.920743942260742
val/next-item-accuracy: 0.5718786716461182
val/next-item-mae: 2.8032665252685547
val/next-item-mean-time-step: 3.3481292724609375
val/next-item-rmse: 8.47157096862793
val/optimal-transport-distance: 14.036969184875488
