date: '2024-06-05 12:25:03'
test/detection-mAP: 0.2028508335351944
test/horizon-mean-time-step: 0.13104280829429626
test/loss: 5.761491298675537
test/loss_labels: 2.838707447052002
test/loss_timestamps: 2.922785997390747
test/mean-predicted-length: 23.188480377197266
test/mean-target-length: 8.905867576599121
test/next-item-accuracy: 0.5645148158073425
test/next-item-mae: 2.8716652393341064
test/next-item-mean-time-step: 3.2888295650482178
test/next-item-rmse: 8.496881484985352
test/optimal-transport-distance: 13.709293365478516
val/detection-mAP: 0.20496703684329987
val/horizon-mean-time-step: 0.13280853629112244
val/loss: 5.724226951599121
val/loss_labels: 2.8207550048828125
val/loss_timestamps: 2.903470754623413
val/mean-predicted-length: 23.171539306640625
val/mean-target-length: 8.920743942260742
val/next-item-accuracy: 0.5666544437408447
val/next-item-mae: 2.831031322479248
val/next-item-mean-time-step: 3.2382307052612305
val/next-item-rmse: 8.433117866516113
val/optimal-transport-distance: 13.764713287353516
