date: '2024-08-09 07:37:59'
test/T-mAP: 0.18451789021492004
test/horizon-mean-time-step: 3.1440937519073486
test/loss: 3.1018059253692627
test/loss_labels: 1.6901878118515015
test/loss_timestamps: 1.4116184711456299
test/mean-predicted-length: 2.9130311012268066
test/mean-target-length: 8.905867576599121
test/next-item-accuracy: 0.5697280764579773
test/next-item-mae: 27.729110717773438
test/next-item-mean-time-step: 28.15608787536621
test/next-item-rmse: 184.08433532714844
test/timestamps-bias-mean: 1.8970248699188232
test/timestamps-current_influence: -0.014075841754674911
val/T-mAP: 0.185756653547287
val/horizon-mean-time-step: 3.159162998199463
val/loss: 3.7074532508850098
val/loss_labels: 1.6866859197616577
val/loss_timestamps: 2.0207676887512207
val/mean-predicted-length: 2.9080052375793457
val/mean-target-length: 8.920743942260742
val/next-item-accuracy: 0.5708782076835632
val/next-item-mae: 27.216888427734375
val/next-item-mean-time-step: 27.626699447631836
val/next-item-rmse: 180.60577392578125
val/timestamps-bias-mean: 1.915149450302124
val/timestamps-current_influence: -0.014075844548642635
