date: '2024-08-09 07:59:15'
test/T-mAP: 0.18769972026348114
test/horizon-mean-time-step: 3.2869091033935547
test/loss: 3.8209762573242188
test/loss_labels: 1.8480933904647827
test/loss_timestamps: 1.972883701324463
test/mean-predicted-length: 3.746328592300415
test/mean-target-length: 8.905867576599121
test/next-item-accuracy: 0.568810760974884
test/next-item-mae: 27.72930335998535
test/next-item-mean-time-step: 28.14242935180664
test/next-item-rmse: 184.15090942382812
test/timestamps-bias-mean: 1.555808663368225
test/timestamps-current_influence: -0.019007869064807892
val/T-mAP: 0.18939010798931122
val/horizon-mean-time-step: 3.2996954917907715
val/loss: 3.8726511001586914
val/loss_labels: 1.8432259559631348
val/loss_timestamps: 2.0294246673583984
val/mean-predicted-length: 3.737406015396118
val/mean-target-length: 8.920743942260742
val/next-item-accuracy: 0.5700769424438477
val/next-item-mae: 27.21561050415039
val/next-item-mean-time-step: 27.61090087890625
val/next-item-rmse: 180.67312622070312
val/timestamps-bias-mean: 1.5693756341934204
val/timestamps-current_influence: -0.019007867202162743
