date: '2024-06-05 13:07:43'
test/detection-mAP: 0.21038256585597992
test/horizon-mean-time-step: 1.069536566734314
test/loss: 2.0593581199645996
test/loss_labels: 1.9577162265777588
test/loss_timestamps: 0.10164250433444977
test/mean-predicted-length: 5.0
test/mean-target-length: 8.905867576599121
test/next-item-accuracy: 0.5712361335754395
test/next-item-mae: 2.8154802322387695
test/next-item-mean-time-step: 2.7912604808807373
test/next-item-rmse: 8.24344253540039
test/optimal-transport-distance: 14.00685977935791
test/timestamps-bias-mean: 1.047015905380249
test/timestamps-current_influence: -0.1783943623304367
val/detection-mAP: 0.2113306075334549
val/horizon-mean-time-step: 1.0729743242263794
val/loss: 2.0457446575164795
val/loss_labels: 1.953256368637085
val/loss_timestamps: 0.09248773753643036
val/mean-predicted-length: 5.0
val/mean-target-length: 8.920743942260742
val/next-item-accuracy: 0.5725622773170471
val/next-item-mae: 2.783367395401001
val/next-item-mean-time-step: 2.7634778022766113
val/next-item-rmse: 8.187053680419922
val/optimal-transport-distance: 14.043924331665039
val/timestamps-bias-mean: 1.0492253303527832
val/timestamps-current_influence: -0.17839430272579193
