date: '2024-08-04 22:50:57'
test/detection-mAP: 0.18464796245098114
test/horizon-mean-time-step: 3.1173462867736816
test/loss: 3.404522657394409
test/loss_labels: 1.6922045946121216
test/loss_timestamps: 1.7123205661773682
test/mean-predicted-length: 2.912816047668457
test/mean-target-length: 8.905867576599121
test/next-item-accuracy: 0.5695714950561523
test/next-item-mae: 27.73051643371582
test/next-item-mean-time-step: 28.144145965576172
test/next-item-rmse: 184.09034729003906
test/timestamps-bias-mean: 1.9062684774398804
test/timestamps-current_influence: -0.012833025306463242
val/detection-mAP: 0.1856175810098648
val/horizon-mean-time-step: 3.140287160873413
val/loss: 3.376112937927246
val/loss_labels: 1.6883829832077026
val/loss_timestamps: 1.6877295970916748
val/mean-predicted-length: 2.9090185165405273
val/mean-target-length: 8.920743942260742
val/next-item-accuracy: 0.5699864029884338
val/next-item-mae: 27.2213191986084
val/next-item-mean-time-step: 27.614877700805664
val/next-item-rmse: 180.60952758789062
val/timestamps-bias-mean: 1.9221742153167725
val/timestamps-current_influence: -0.012833024375140667
