date: '2024-08-09 09:03:15'
test/T-mAP: 0.1940227746963501
test/horizon-mean-time-step: 3.3084616661071777
test/loss: 5.036502838134766
test/loss_labels: 2.4932403564453125
test/loss_timestamps: 2.543264150619507
test/mean-predicted-length: 7.592019557952881
test/mean-target-length: 8.905867576599121
test/next-item-accuracy: 0.5627293586730957
test/next-item-mae: 27.682113647460938
test/next-item-mean-time-step: 28.158100128173828
test/next-item-rmse: 184.24497985839844
test/optimal-transport-distance: 15.116838455200195
test/timestamps-bias-mean: 0.11655943840742111
test/timestamps-current_influence: -0.025588078424334526
val/T-mAP: 0.19362343847751617
val/horizon-mean-time-step: 3.315201997756958
val/loss: 5.476243495941162
val/loss_labels: 2.4839255809783936
val/loss_timestamps: 2.9923171997070312
val/mean-predicted-length: 7.56050968170166
val/mean-target-length: 8.920743942260742
val/next-item-accuracy: 0.5634719133377075
val/next-item-mae: 27.17039680480957
val/next-item-mean-time-step: 27.63089942932129
val/next-item-rmse: 180.7594451904297
val/optimal-transport-distance: 15.14461612701416
val/timestamps-bias-mean: 0.12904676795005798
val/timestamps-current_influence: -0.025588080286979675
