date: '2024-06-05 12:42:20'
test/detection-mAP: 0.203102707862854
test/horizon-mean-time-step: 1.1469918489456177
test/loss: 1.249194860458374
test/loss_labels: 1.4747565984725952
test/loss_timestamps: -0.22556160390377045
test/mean-predicted-length: 2.0
test/mean-target-length: 8.905867576599121
test/next-item-accuracy: 0.5721356272697449
test/next-item-mae: 2.8299145698547363
test/next-item-mean-time-step: 2.8211452960968018
test/next-item-rmse: 8.230212211608887
test/timestamps-bias-mean: 1.1804049015045166
test/timestamps-current_influence: -0.13729724287986755
val/detection-mAP: 0.20486442744731903
val/horizon-mean-time-step: 1.1502286195755005
val/loss: 1.2420616149902344
val/loss_labels: 1.4722944498062134
val/loss_timestamps: -0.23023299872875214
val/mean-predicted-length: 2.0
val/mean-target-length: 8.920743942260742
val/next-item-accuracy: 0.5735039114952087
val/next-item-mae: 2.7970356941223145
val/next-item-mean-time-step: 2.7912538051605225
val/next-item-rmse: 8.174424171447754
val/timestamps-bias-mean: 1.187303066253662
val/timestamps-current_influence: -0.13729722797870636
