date: '2024-08-09 09:44:53'
test/T-mAP: 0.19399994611740112
test/horizon-mean-time-step: 2.8097445964813232
test/loss: 5.474879264831543
test/loss_labels: 2.8488354682922363
test/loss_timestamps: 2.626044988632202
test/mean-predicted-length: 9.283401489257812
test/mean-target-length: 8.905867576599121
test/next-item-accuracy: 0.5579232573509216
test/next-item-mae: 27.540210723876953
test/next-item-mean-time-step: 28.07438850402832
test/next-item-rmse: 184.37030029296875
test/optimal-transport-distance: 14.786195755004883
test/timestamps-bias-mean: -0.3108110725879669
test/timestamps-current_influence: -0.02992946282029152
val/T-mAP: 0.19474966824054718
val/horizon-mean-time-step: 2.8096842765808105
val/loss: 5.136185169219971
val/loss_labels: 2.829615354537964
val/loss_timestamps: 2.306568145751953
val/mean-predicted-length: 9.247177124023438
val/mean-target-length: 8.920743942260742
val/next-item-accuracy: 0.5604206323623657
val/next-item-mae: 27.02825355529785
val/next-item-mean-time-step: 27.546001434326172
val/next-item-rmse: 180.89662170410156
val/optimal-transport-distance: 14.810686111450195
val/timestamps-bias-mean: -0.30777305364608765
val/timestamps-current_influence: -0.02992946468293667
