date: '2024-08-09 08:20:33'
test/T-mAP: 0.18965990841388702
test/horizon-mean-time-step: 3.2871148586273193
test/loss: 3.4543025493621826
test/loss_labels: 1.9727351665496826
test/loss_timestamps: 1.4815666675567627
test/mean-predicted-length: 4.5312700271606445
test/mean-target-length: 8.905867576599121
test/next-item-accuracy: 0.5684885382652283
test/next-item-mae: 27.718486785888672
test/next-item-mean-time-step: 28.139204025268555
test/next-item-rmse: 184.15138244628906
test/optimal-transport-distance: 15.130584716796875
test/timestamps-bias-mean: 1.1528732776641846
test/timestamps-current_influence: -0.016375547274947166
val/T-mAP: 0.19054150581359863
val/horizon-mean-time-step: 3.2960684299468994
val/loss: 3.894993305206299
val/loss_labels: 1.9672807455062866
val/loss_timestamps: 1.9277126789093018
val/mean-predicted-length: 4.529024124145508
val/mean-target-length: 8.920743942260742
val/next-item-accuracy: 0.5689858794212341
val/next-item-mae: 27.20877456665039
val/next-item-mean-time-step: 27.610586166381836
val/next-item-rmse: 180.6730194091797
val/optimal-transport-distance: 15.141697883605957
val/timestamps-bias-mean: 1.1625332832336426
val/timestamps-current_influence: -0.016375543549656868
