date: '2024-08-09 06:58:51'
test/T-mAP: 0.19641150534152985
test/horizon-mean-time-step: .nan
test/loss: 2.5169694423675537
test/loss_labels: 1.1997579336166382
test/loss_timestamps: 1.3172123432159424
test/mean-predicted-length: 1.0
test/mean-target-length: 8.905867576599121
test/next-item-accuracy: 0.5718805193901062
test/next-item-mae: 27.80549430847168
test/next-item-mean-time-step: 28.176870346069336
test/next-item-rmse: 183.99732971191406
test/timestamps-bias-mean: 2.714409112930298
test/timestamps-current_influence: -0.010404258035123348
val/T-mAP: 0.19855906069278717
val/horizon-mean-time-step: .nan
val/loss: 3.0276570320129395
val/loss_labels: 1.197605848312378
val/loss_timestamps: 1.830051064491272
val/mean-predicted-length: 1.0
val/mean-target-length: 8.920743942260742
val/next-item-accuracy: 0.5725034475326538
val/next-item-mae: 27.296337127685547
val/next-item-mean-time-step: 27.64750099182129
val/next-item-rmse: 180.51268005371094
val/timestamps-bias-mean: 2.7380056381225586
val/timestamps-current_influence: -0.010404259897768497
