date: '2024-08-04 22:36:17'
test/detection-mAP: 0.18832087516784668
test/horizon-mean-time-step: 3.249769926071167
test/loss: 3.5544471740722656
test/loss_labels: 1.4913381338119507
test/loss_timestamps: 2.0631096363067627
test/mean-predicted-length: 1.9961315393447876
test/mean-target-length: 8.905867576599121
test/next-item-accuracy: 0.5704888105392456
test/next-item-mae: 27.759639739990234
test/next-item-mean-time-step: 28.16634178161621
test/next-item-rmse: 184.03834533691406
test/timestamps-bias-mean: 2.2229506969451904
test/timestamps-current_influence: -0.01151248998939991
val/detection-mAP: 0.1882408857345581
val/horizon-mean-time-step: 3.305191993713379
val/loss: 3.8284695148468018
val/loss_labels: 1.4875168800354004
val/loss_timestamps: 2.3409523963928223
val/mean-predicted-length: 1.9938477277755737
val/mean-target-length: 8.920743942260742
val/next-item-accuracy: 0.5709370374679565
val/next-item-mae: 27.24781608581543
val/next-item-mean-time-step: 27.637056350708008
val/next-item-rmse: 180.5552215576172
val/timestamps-bias-mean: 2.2425429821014404
val/timestamps-current_influence: -0.011512490920722485
