date: '2024-06-05 13:16:54'
test/detection-mAP: 0.22043028473854065
test/horizon-mean-time-step: 0.9908612966537476
test/loss: 2.627167224884033
test/loss_labels: 2.2392425537109375
test/loss_timestamps: 0.3879242539405823
test/mean-predicted-length: 8.0
test/mean-target-length: 8.905867576599121
test/next-item-accuracy: 0.5687883496284485
test/next-item-mae: 2.8037266731262207
test/next-item-mean-time-step: 2.7795944213867188
test/next-item-rmse: 8.251324653625488
test/optimal-transport-distance: 13.912898063659668
test/timestamps-bias-mean: 0.9253594279289246
test/timestamps-current_influence: -0.19164061546325684
val/detection-mAP: 0.22079519927501678
val/horizon-mean-time-step: 0.9905945062637329
val/loss: 2.610187292098999
val/loss_labels: 2.2341907024383545
val/loss_timestamps: 0.37599655985832214
val/mean-predicted-length: 8.0
val/mean-target-length: 8.920743942260742
val/next-item-accuracy: 0.5704255104064941
val/next-item-mae: 2.770993947982788
val/next-item-mean-time-step: 2.751040458679199
val/next-item-rmse: 8.194416999816895
val/optimal-transport-distance: 13.941343307495117
val/timestamps-bias-mean: 0.9314762353897095
val/timestamps-current_influence: -0.19164060056209564
