date: '2024-08-04 23:35:20'
test/detection-mAP: 0.1967456042766571
test/horizon-mean-time-step: 3.328634738922119
test/loss: 5.1715216636657715
test/loss_labels: 2.2574827671051025
test/loss_timestamps: 2.914036273956299
test/mean-predicted-length: 6.348592281341553
test/mean-target-length: 8.905867576599121
test/next-item-accuracy: 0.5636019706726074
test/next-item-mae: 27.64576530456543
test/next-item-mean-time-step: 28.122621536254883
test/next-item-rmse: 184.17852783203125
test/optimal-transport-distance: 14.949102401733398
test/timestamps-bias-mean: 0.7208098769187927
test/timestamps-current_influence: -0.019318806007504463
val/detection-mAP: 0.19702701270580292
val/horizon-mean-time-step: 3.3333871364593506
val/loss: 6.0056562423706055
val/loss_labels: 2.2512989044189453
val/loss_timestamps: 3.7543556690216064
val/mean-predicted-length: 6.342501640319824
val/mean-target-length: 8.920743942260742
val/next-item-accuracy: 0.5649930238723755
val/next-item-mae: 27.1334228515625
val/next-item-mean-time-step: 27.592126846313477
val/next-item-rmse: 180.70172119140625
val/optimal-transport-distance: 14.98167896270752
val/timestamps-bias-mean: 0.7381275296211243
val/timestamps-current_influence: -0.019318804144859314
