date: '2024-08-04 23:20:37'
test/detection-mAP: 0.19024720788002014
test/horizon-mean-time-step: 2.8505563735961914
test/loss: 4.049734115600586
test/loss_labels: 1.992587685585022
test/loss_timestamps: 2.057147264480591
test/mean-predicted-length: 4.62153434753418
test/mean-target-length: 8.905867576599121
test/next-item-accuracy: 0.5630784034729004
test/next-item-mae: 27.670040130615234
test/next-item-mean-time-step: 28.112890243530273
test/next-item-rmse: 184.17649841308594
test/optimal-transport-distance: 14.886093139648438
test/timestamps-bias-mean: 1.5481560230255127
test/timestamps-current_influence: -0.018710356205701828
val/detection-mAP: 0.1917075365781784
val/horizon-mean-time-step: 2.840144395828247
val/loss: 4.977680206298828
val/loss_labels: 1.9871777296066284
val/loss_timestamps: 2.9905014038085938
val/mean-predicted-length: 4.612695217132568
val/mean-target-length: 8.920743942260742
val/next-item-accuracy: 0.5638340711593628
val/next-item-mae: 27.157787322998047
val/next-item-mean-time-step: 27.582319259643555
val/next-item-rmse: 180.69424438476562
val/optimal-transport-distance: 14.93514347076416
val/timestamps-bias-mean: 1.5558736324310303
val/timestamps-current_influence: -0.018710358068346977
