date: '2024-08-05 00:05:29'
test/detection-mAP: 0.19318298995494843
test/horizon-mean-time-step: 3.0069658756256104
test/loss: 5.891221046447754
test/loss_labels: 2.6591856479644775
test/loss_timestamps: 3.232036590576172
test/mean-predicted-length: 8.645246505737305
test/mean-target-length: 8.905867576599121
test/next-item-accuracy: 0.5624966621398926
test/next-item-mae: 27.567707061767578
test/next-item-mean-time-step: 28.105928421020508
test/next-item-rmse: 184.34153747558594
test/optimal-transport-distance: 14.802614212036133
test/timestamps-bias-mean: 0.012887541204690933
test/timestamps-current_influence: -0.025846809148788452
val/detection-mAP: 0.19415445625782013
val/horizon-mean-time-step: 3.0081710815429688
val/loss: 6.47587776184082
val/loss_labels: 2.6450018882751465
val/loss_timestamps: 3.830876588821411
val/mean-predicted-length: 8.604227066040039
val/mean-target-length: 8.920743942260742
val/next-item-accuracy: 0.5639200806617737
val/next-item-mae: 27.05474281311035
val/next-item-mean-time-step: 27.573930740356445
val/next-item-rmse: 180.85792541503906
val/optimal-transport-distance: 14.822599411010742
val/timestamps-bias-mean: 0.01804709993302822
val/timestamps-current_influence: -0.02584681287407875
