date: '2024-08-09 08:41:57'
test/T-mAP: 0.19359295070171356
test/horizon-mean-time-step: 3.298198938369751
test/loss: 5.461158275604248
test/loss_labels: 2.252610445022583
test/loss_timestamps: 3.2085490226745605
test/mean-predicted-length: 6.349452018737793
test/mean-target-length: 8.905867576599121
test/next-item-accuracy: 0.5663226842880249
test/next-item-mae: 27.678003311157227
test/next-item-mean-time-step: 28.122148513793945
test/next-item-rmse: 184.20889282226562
test/optimal-transport-distance: 15.023974418640137
test/timestamps-bias-mean: 0.6473827362060547
test/timestamps-current_influence: -0.019960638135671616
val/T-mAP: 0.19376008212566376
val/horizon-mean-time-step: 3.3057608604431152
val/loss: 5.602906703948975
val/loss_labels: 2.2468576431274414
val/loss_timestamps: 3.356050491333008
val/mean-predicted-length: 6.352055549621582
val/mean-target-length: 8.920743942260742
val/next-item-accuracy: 0.5678405165672302
val/next-item-mae: 27.167558670043945
val/next-item-mean-time-step: 27.59368324279785
val/next-item-rmse: 180.73782348632812
val/optimal-transport-distance: 15.05668830871582
val/timestamps-bias-mean: 0.664411723613739
val/timestamps-current_influence: -0.019960638135671616
