date: '2024-08-09 09:24:18'
test/T-mAP: 0.19597876071929932
test/horizon-mean-time-step: 3.105621814727783
test/loss: 5.2145819664001465
test/loss_labels: 2.650921583175659
test/loss_timestamps: 2.5636603832244873
test/mean-predicted-length: 8.424529075622559
test/mean-target-length: 8.905867576599121
test/next-item-accuracy: 0.5604739785194397
test/next-item-mae: 27.624958038330078
test/next-item-mean-time-step: 28.10779571533203
test/next-item-rmse: 184.32444763183594
test/optimal-transport-distance: 14.922473907470703
test/timestamps-bias-mean: -0.09311594814062119
test/timestamps-current_influence: -0.02545452117919922
val/T-mAP: 0.1944732517004013
val/horizon-mean-time-step: 3.108386993408203
val/loss: 5.555391311645508
val/loss_labels: 2.6393141746520996
val/loss_timestamps: 2.9160780906677246
val/mean-predicted-length: 8.360958099365234
val/mean-target-length: 8.920743942260742
val/next-item-accuracy: 0.5631188154220581
val/next-item-mae: 27.112180709838867
val/next-item-mean-time-step: 27.582117080688477
val/next-item-rmse: 180.8466339111328
val/optimal-transport-distance: 14.957616806030273
val/timestamps-bias-mean: -0.09237777441740036
val/timestamps-current_influence: -0.02545452117919922
