date: '2024-06-05 12:59:08'
test/detection-mAP: 0.20422370731830597
test/horizon-mean-time-step: 1.1487057209014893
test/loss: 1.8534623384475708
test/loss_labels: 1.8442614078521729
test/loss_timestamps: 0.009200507774949074
test/mean-predicted-length: 4.0
test/mean-target-length: 8.905867576599121
test/next-item-accuracy: 0.5693566799163818
test/next-item-mae: 2.848886728286743
test/next-item-mean-time-step: 2.8064162731170654
test/next-item-rmse: 8.242773056030273
test/timestamps-bias-mean: 1.0566866397857666
test/timestamps-current_influence: -0.17024219036102295
val/detection-mAP: 0.20546621084213257
val/horizon-mean-time-step: 1.1460750102996826
val/loss: 1.8397560119628906
val/loss_labels: 1.8402764797210693
val/loss_timestamps: -0.0005210274830460548
val/mean-predicted-length: 4.0
val/mean-target-length: 8.920743942260742
val/next-item-accuracy: 0.5704934000968933
val/next-item-mae: 2.815114736557007
val/next-item-mean-time-step: 2.777656078338623
val/next-item-rmse: 8.186468124389648
val/timestamps-bias-mean: 1.0611693859100342
val/timestamps-current_influence: -0.17024217545986176
