date: '2024-08-09 07:18:16'
test/T-mAP: 0.18579019606113434
test/horizon-mean-time-step: 3.1597988605499268
test/loss: 4.11848258972168
test/loss_labels: 1.4926575422286987
test/loss_timestamps: 2.625825881958008
test/mean-predicted-length: 1.995271921157837
test/mean-target-length: 8.905867576599121
test/next-item-accuracy: 0.5697728395462036
test/next-item-mae: 27.763456344604492
test/next-item-mean-time-step: 28.15104103088379
test/next-item-rmse: 184.04217529296875
test/timestamps-bias-mean: 2.348266124725342
test/timestamps-current_influence: -0.013303523883223534
val/T-mAP: 0.18733254075050354
val/horizon-mean-time-step: 3.208854913711548
val/loss: 4.572990417480469
val/loss_labels: 1.4893487691879272
val/loss_timestamps: 3.0836431980133057
val/mean-predicted-length: 1.9936305284500122
val/mean-target-length: 8.920743942260742
val/next-item-accuracy: 0.5707604885101318
val/next-item-mae: 27.252185821533203
val/next-item-mean-time-step: 27.62015724182129
val/next-item-rmse: 180.5628204345703
val/timestamps-bias-mean: 2.3709142208099365
val/timestamps-current_influence: -0.013303523883223534
