date: '2024-06-05 13:26:49'
test/detection-mAP: 0.22607526183128357
test/horizon-mean-time-step: 0.9381345510482788
test/loss: 3.10286545753479
test/loss_labels: 2.4746081829071045
test/loss_timestamps: 0.6282566785812378
test/mean-predicted-length: 12.0
test/mean-target-length: 8.905867576599121
test/next-item-accuracy: 0.5698936581611633
test/next-item-mae: 2.7884504795074463
test/next-item-mean-time-step: 2.7758047580718994
test/next-item-rmse: 8.255874633789062
test/optimal-transport-distance: 13.886866569519043
test/timestamps-bias-mean: 0.8110000491142273
test/timestamps-current_influence: -0.20436598360538483
val/detection-mAP: 0.22742609679698944
val/horizon-mean-time-step: 0.9389200210571289
val/loss: 3.069704055786133
val/loss_labels: 2.464728355407715
val/loss_timestamps: 0.6049777269363403
val/mean-predicted-length: 12.0
val/mean-target-length: 8.920743942260742
val/next-item-accuracy: 0.5707967281341553
val/next-item-mae: 2.7552390098571777
val/next-item-mean-time-step: 2.7465314865112305
val/next-item-rmse: 8.199684143066406
val/optimal-transport-distance: 13.9256591796875
val/timestamps-bias-mean: 0.8171103596687317
val/timestamps-current_influence: -0.20436596870422363
