date: '2024-06-05 13:45:19'
test/detection-mAP: 0.22487828135490417
test/horizon-mean-time-step: 0.8355595469474792
test/loss: 3.8128716945648193
test/loss_labels: 2.8389225006103516
test/loss_timestamps: 0.9739487767219543
test/mean-predicted-length: 23.96568489074707
test/mean-target-length: 8.905867576599121
test/next-item-accuracy: 0.5678530931472778
test/next-item-mae: 2.7737796306610107
test/next-item-mean-time-step: 2.7537670135498047
test/next-item-rmse: 8.263568878173828
test/optimal-transport-distance: 13.776762962341309
test/timestamps-bias-mean: 0.6492299437522888
test/timestamps-current_influence: -0.22799290716648102
val/detection-mAP: 0.22704289853572845
val/horizon-mean-time-step: 0.835265040397644
val/loss: 3.7639858722686768
val/loss_labels: 2.8206777572631836
val/loss_timestamps: 0.9433082342147827
val/mean-predicted-length: 23.96728515625
val/mean-target-length: 8.920743942260742
val/next-item-accuracy: 0.5686191916465759
val/next-item-mae: 2.7416458129882812
val/next-item-mean-time-step: 2.7264294624328613
val/next-item-rmse: 8.207667350769043
val/optimal-transport-distance: 13.801920890808105
val/timestamps-bias-mean: 0.6529602408409119
val/timestamps-current_influence: -0.2279929369688034
