date: '2024-09-23 11:31:51'
test/T-mAP: 3.860819560941309e-05
test/T-mAP-micro: 1.719849751680158e-05
test/horizon-mean-time-step: -0.012458588927984238
test/loss: 2.3630378246307373
test/loss_nhp: 2.3630378246307373
test/mean-predicted-length: 32.0
test/mean-target-length: 15.583646774291992
test/next-item-accuracy: 0.4511544704437256
test/next-item-mae: 0.7330214381217957
test/next-item-map: 0.12612217664718628
test/next-item-map-micro: 0.36076992750167847
test/next-item-mean-time-step: 0.9185383319854736
test/next-item-rmse: 1.0894091129302979
test/next-k-label-distribution-delta: 10.52822494506836
test/optimal-transport-distance: 19.98128318786621
test/thinning_accepted: 8.916237831115723
val/T-mAP: 7.797933903930243e-06
val/T-mAP-micro: 8.430776688328478e-06
val/horizon-mean-time-step: -0.012616678141057491
val/loss: 2.3484110832214355
val/loss_nhp: 2.3484110832214355
val/mean-predicted-length: 32.0
val/mean-target-length: 15.263496398925781
val/next-item-accuracy: 0.4694732427597046
val/next-item-mae: 0.741205096244812
val/next-item-map: 0.1273425668478012
val/next-item-map-micro: 0.3758595883846283
val/next-item-mean-time-step: 0.9441149830818176
val/next-item-rmse: 1.1148844957351685
val/next-k-label-distribution-delta: 10.170897483825684
val/optimal-transport-distance: 19.981754302978516
val/thinning_accepted: 8.836573600769043
