date: '2024-09-20 19:11:43'
test/T-mAP: 1.786269604053814e-05
test/T-mAP-micro: 1.4610381185775623e-05
test/horizon-mean-time-step: -0.015871142968535423
test/loss: 2.3401827812194824
test/loss_nhp: 2.3401827812194824
test/mean-predicted-length: 31.999658584594727
test/mean-target-length: 15.583646774291992
test/next-item-accuracy: 0.4521098732948303
test/next-item-mae: 0.7439737915992737
test/next-item-map: 0.12348300963640213
test/next-item-map-micro: 0.359529972076416
test/next-item-mean-time-step: 0.9314612746238708
test/next-item-rmse: 1.1426726579666138
test/next-k-label-distribution-delta: 10.580225944519043
test/optimal-transport-distance: 19.982881546020508
test/thinning_accepted: 8.56086254119873
val/T-mAP: 4.2355422920081764e-06
val/T-mAP-micro: 6.2950966821517795e-06
val/horizon-mean-time-step: -0.01603877544403076
val/loss: 2.330568313598633
val/loss_nhp: 2.330568313598633
val/mean-predicted-length: 32.0
val/mean-target-length: 15.263496398925781
val/next-item-accuracy: 0.4682123363018036
val/next-item-mae: 0.7504003047943115
val/next-item-map: 0.12279351055622101
val/next-item-map-micro: 0.37454482913017273
val/next-item-mean-time-step: 0.9576849341392517
val/next-item-rmse: 1.1369869709014893
val/next-k-label-distribution-delta: 10.27243423461914
val/optimal-transport-distance: 19.982961654663086
val/thinning_accepted: 8.452375411987305
