date: '2024-09-23 12:56:10'
test/T-mAP: 0.11301255226135254
test/T-mAP-micro: 0.38260573148727417
test/horizon-mean-time-step: 0.5750046968460083
test/loss: 2.3494951725006104
test/loss_nhp: 2.3494951725006104
test/mean-predicted-length: 15.741019248962402
test/mean-target-length: 15.583646774291992
test/next-item-accuracy: 0.45330414175987244
test/next-item-mae: 0.7317412495613098
test/next-item-map: 0.127938374876976
test/next-item-map-micro: 0.36290377378463745
test/next-item-mean-time-step: 0.9264965057373047
test/next-item-rmse: 1.1201061010360718
test/next-k-label-distribution-delta: 10.550804138183594
test/optimal-transport-distance: 13.416893005371094
test/thinning_accepted: 8.236346244812012
val/T-mAP: 0.12282238155603409
val/T-mAP-micro: 0.394020140171051
val/horizon-mean-time-step: 0.576193630695343
val/loss: 2.3442537784576416
val/loss_nhp: 2.3442537784576416
val/mean-predicted-length: 15.604218482971191
val/mean-target-length: 15.263496398925781
val/next-item-accuracy: 0.46796828508377075
val/next-item-mae: 0.7432390451431274
val/next-item-map: 0.1274711936712265
val/next-item-map-micro: 0.37698760628700256
val/next-item-mean-time-step: 0.951162576675415
val/next-item-rmse: 1.1364774703979492
val/next-k-label-distribution-delta: 10.240257263183594
val/optimal-transport-distance: 13.265844345092773
val/thinning_accepted: 8.105094909667969
