date: '2024-09-23 14:10:14'
test/T-mAP: 0.11796791851520538
test/T-mAP-micro: 0.3880997598171234
test/horizon-mean-time-step: 0.5922834873199463
test/loss: 2.3204174041748047
test/loss_nhp: 2.3204174041748047
test/mean-predicted-length: 15.385220527648926
test/mean-target-length: 15.583646774291992
test/next-item-accuracy: 0.4534633755683899
test/next-item-mae: 0.7434534430503845
test/next-item-map: 0.1271580308675766
test/next-item-map-micro: 0.3630673885345459
test/next-item-mean-time-step: 0.9377788305282593
test/next-item-rmse: 1.1772204637527466
test/next-k-label-distribution-delta: 10.388642311096191
test/optimal-transport-distance: 13.360401153564453
test/thinning_accepted: 7.97477388381958
val/T-mAP: 0.12653274834156036
val/T-mAP-micro: 0.39938604831695557
val/horizon-mean-time-step: 0.59706711769104
val/loss: 2.3168561458587646
val/loss_nhp: 2.3168561458587646
val/mean-predicted-length: 15.169824600219727
val/mean-target-length: 15.263496398925781
val/next-item-accuracy: 0.4687817692756653
val/next-item-mae: 0.7548855543136597
val/next-item-map: 0.12716875970363617
val/next-item-map-micro: 0.3775365948677063
val/next-item-mean-time-step: 0.9618143439292908
val/next-item-rmse: 1.1860562562942505
val/next-k-label-distribution-delta: 10.005720138549805
val/optimal-transport-distance: 13.138517379760742
val/thinning_accepted: 7.818360805511475
