date: '2026-04-17 10:40:20'
test/T-mAP: 0.05340560898184776
test/T-mAP-weighted: 0.19927552342414856
test/horizon-max-f-score: 0.17156554758548737
test/horizon-max-f-score-weighted: 0.45892655849456787
test/horizon-mean-time-step: 0.05093785747885704
test/loss: 5.6925787925720215
test/loss__presence: 0.5614870190620422
test/loss_labels: 2.499821424484253
test/loss_timestamps: 2.631270408630371
test/match_cost_mean: 5.589407920837402
test/match_cost_std: 4.732300758361816
test/max_cost: 29.27075958251953
test/mean-predicted-length: 0.0
test/mean-target-length: 15.583646774291992
test/next-item-accuracy: 0.16190285980701447
test/next-item-mae: 0.7303334474563599
test/next-item-map: 0.0554959774017334
test/next-item-map-weighted: 0.28622856736183167
test/next-item-max-f-score: 0.09836766868829727
test/next-item-max-f-score-weighted: 0.38932880759239197
test/next-item-mean-time-step: 0.8710047602653503
test/next-item-rmse: 1.1518888473510742
test/next-k-label-distribution-delta: 10.298323631286621
test/optimal-transport-distance: 16.065046310424805
test/prediction_match_rate: 0.24627770483493805
test/sequence-labels-entropy: 0.0
test/target-sequence-labels-entropy: 1.4227653741836548
test/target_match_rate: 1.0
val/T-mAP: 0.05118153244256973
val/T-mAP-weighted: 0.18741998076438904
val/horizon-max-f-score: 0.17340733110904694
val/horizon-max-f-score-weighted: 0.4614174962043762
val/horizon-mean-time-step: 0.050534438341856
val/loss: 5.730465888977051
val/loss__presence: 0.5613658428192139
val/loss_labels: 2.487776041030884
val/loss_timestamps: 2.6813242435455322
val/match_cost_mean: 5.672162055969238
val/match_cost_std: 4.767077922821045
val/max_cost: 29.259639739990234
val/mean-predicted-length: 0.0
val/mean-target-length: 14.982795715332031
val/next-item-accuracy: 0.16454114019870758
val/next-item-mae: 0.7244443893432617
val/next-item-map: 0.055992938578128815
val/next-item-map-weighted: 0.2983677387237549
val/next-item-max-f-score: 0.09897264838218689
val/next-item-max-f-score-weighted: 0.4039735198020935
val/next-item-mean-time-step: 0.8894803524017334
val/next-item-rmse: 1.136187195777893
val/next-k-label-distribution-delta: 10.17634391784668
val/optimal-transport-distance: 16.149011611938477
val/prediction_match_rate: 0.24021145701408386
val/sequence-labels-entropy: 0.0
val/target-sequence-labels-entropy: 1.4012805223464966
val/target_match_rate: 1.0
