date: '2026-04-24 10:50:39'
test/T-mAP: 0.025134744122624397
test/T-mAP-weighted: 0.13393117487430573
test/horizon-max-f-score: 0.108113594353199
test/horizon-max-f-score-weighted: 0.4224066138267517
test/horizon-mean-time-step: 0.03397609665989876
test/loss: 10.783428192138672
test/loss__presence: 0.5139591097831726
test/loss_labels: 2.5169036388397217
test/loss_next_item_labels: 2.9943628311157227
test/loss_next_item_timestamps: 0.7593337893486023
test/loss_timestamps: 3.998867988586426
test/match_cost_mean: 10.144954681396484
test/match_cost_std: 5.7591962814331055
test/max_cost: 30.607810974121094
test/mean-predicted-length: 0.0
test/mean-target-length: 15.583646774291992
test/next-item-accuracy: 0.2261146456003189
test/next-item-mae: 0.7587448954582214
test/next-item-map: 0.04786094278097153
test/next-item-map-weighted: 0.23605990409851074
test/next-item-max-f-score: 0.08858273923397064
test/next-item-max-f-score-weighted: 0.3706014156341553
test/next-item-mean-time-step: 0.8736401200294495
test/next-item-rmse: 1.0842019319534302
test/next-k-label-distribution-delta: 13.070817947387695
test/optimal-transport-distance: 17.536134719848633
test/prediction_match_rate: 0.24627770483493805
test/sequence-labels-entropy: 0.0
test/target-sequence-labels-entropy: 1.4227653741836548
test/target_match_rate: 1.0
val/T-mAP: 0.024747805669903755
val/T-mAP-weighted: 0.13209176063537598
val/horizon-max-f-score: 0.10758368670940399
val/horizon-max-f-score-weighted: 0.4259859025478363
val/horizon-mean-time-step: 0.03379593789577484
val/loss: 10.834980964660645
val/loss__presence: 0.5142461061477661
val/loss_labels: 2.5184693336486816
val/loss_next_item_labels: 3.002376079559326
val/loss_next_item_timestamps: 0.7436105608940125
val/loss_timestamps: 4.056279182434082
val/match_cost_mean: 10.263518333435059
val/match_cost_std: 5.7779059410095215
val/max_cost: 30.42083740234375
val/mean-predicted-length: 0.0
val/mean-target-length: 14.982795715332031
val/next-item-accuracy: 0.22455613315105438
val/next-item-mae: 0.7436105608940125
val/next-item-map: 0.048899922519922256
val/next-item-map-weighted: 0.24498572945594788
val/next-item-max-f-score: 0.08924426883459091
val/next-item-max-f-score-weighted: 0.3869873881340027
val/next-item-mean-time-step: 0.8899914026260376
val/next-item-rmse: 1.0675815343856812
val/next-k-label-distribution-delta: 13.01075267791748
val/optimal-transport-distance: 17.67587661743164
val/prediction_match_rate: 0.24021145701408386
val/sequence-labels-entropy: 0.0
val/target-sequence-labels-entropy: 1.4012805223464966
val/target_match_rate: 1.0
