date: '2026-02-10 23:29:47'
test/T-mAP: 0.2285684049129486
test/T-mAP-weighted: 0.6539582014083862
test/horizon-max-f-score: 0.27985861897468567
test/horizon-max-f-score-weighted: 0.6318872570991516
test/horizon-mean-time-step: 0.15245705842971802
test/loss: 3.577572822570801
test/loss__presence: 0.28354284167289734
test/loss_labels: 0.3982720375061035
test/loss_next_item_labels: 1.5748906135559082
test/loss_next_item_timestamps: 0.6394568085670471
test/loss_timestamps: 0.6814101338386536
test/match_cost_mean: 0.9113470911979675
test/match_cost_std: 1.8671865463256836
test/max_cost: 28.429248809814453
test/mean-predicted-length: 17.48853874206543
test/mean-target-length: 15.583646774291992
test/next-item-accuracy: 0.45525476336479187
test/next-item-mae: 0.6386265754699707
test/next-item-map: 0.13979847729206085
test/next-item-map-weighted: 0.36949026584625244
test/next-item-max-f-score: 0.2009507119655609
test/next-item-max-f-score-weighted: 0.4523412585258484
test/next-item-mean-time-step: 0.8713712692260742
test/next-item-rmse: 1.0705831050872803
test/next-k-label-distribution-delta: 6.165583610534668
test/optimal-transport-distance: 12.470280647277832
test/prediction_match_rate: 0.1971529722213745
test/sequence-labels-entropy: 1.118931531906128
test/target-sequence-labels-entropy: 1.4227652549743652
test/target_match_rate: 1.0
val/T-mAP: 0.24342289566993713
val/T-mAP-weighted: 0.6671890020370483
val/horizon-max-f-score: 0.2964027225971222
val/horizon-max-f-score-weighted: 0.6446196436882019
val/horizon-mean-time-step: 0.15246790647506714
val/loss: 3.4961276054382324
val/loss__presence: 0.27285027503967285
val/loss_labels: 0.36277157068252563
val/loss_next_item_labels: 1.5263081789016724
val/loss_next_item_timestamps: 0.6535499095916748
val/loss_timestamps: 0.6806477904319763
val/match_cost_mean: 0.8869616985321045
val/match_cost_std: 1.795235276222229
val/max_cost: 28.035146713256836
val/mean-predicted-length: 17.024311065673828
val/mean-target-length: 15.263496398925781
val/next-item-accuracy: 0.47199511528015137
val/next-item-mae: 0.6509118676185608
val/next-item-map: 0.14246971905231476
val/next-item-map-weighted: 0.3845851421356201
val/next-item-max-f-score: 0.20541198551654816
val/next-item-max-f-score-weighted: 0.4649495482444763
val/next-item-mean-time-step: 0.8991143703460693
val/next-item-rmse: 1.0915557146072388
val/next-k-label-distribution-delta: 5.930639743804932
val/optimal-transport-distance: 12.38424015045166
val/prediction_match_rate: 0.18724994361400604
val/sequence-labels-entropy: 1.0796948671340942
val/target-sequence-labels-entropy: 1.385812759399414
val/target_match_rate: 1.0
