date: '2026-02-10 00:21:50'
test/T-mAP: 0.024292560294270515
test/T-mAP-weighted: 0.08719806373119354
test/decoder_match_cost_mean: -5.9961161613464355
test/decoder_match_cost_std: 7.52299165725708
test/decoder_max_cost: 53.660682678222656
test/decoder_prediction_match_rate: 0.2189357727766037
test/decoder_target_match_rate: 1.0
test/horizon-max-f-score: 0.13029788434505463
test/horizon-max-f-score-weighted: 0.3787872791290283
test/horizon-mean-time-step: 0.0499238483607769
test/loss: 2.9769911766052246
test/loss_decoder__presence: 0.12938417494297028
test/loss_decoder_labels: 1.2456859350204468
test/loss_decoder_timestamps: 0.9983055591583252
test/loss_diffusion: 0.5724480748176575
test/loss_embedder_regularizer: 0.031167173758149147
test/match_cost_mean: -5.9961161613464355
test/match_cost_std: 7.52299165725708
test/max_cost: 53.660682678222656
test/mean-predicted-length: 16.0
test/mean-target-length: 15.583646774291992
test/next-item-accuracy: 0.3122611343860626
test/next-item-mae: 0.873869001865387
test/next-item-map: 0.05336760729551315
test/next-item-map-weighted: 0.28300002217292786
test/next-item-max-f-score: 0.08554331958293915
test/next-item-max-f-score-weighted: 0.3772936761379242
test/next-item-mean-time-step: 0.8713107705116272
test/next-item-rmse: 1.3842430114746094
test/next-k-label-distribution-delta: 8.063633918762207
test/optimal-transport-distance: 17.37830352783203
test/prediction_match_rate: 0.2189357727766037
test/sequence-labels-entropy: 0.8575352430343628
test/target-sequence-labels-entropy: 1.4227652549743652
test/target_match_rate: 1.0
val/T-mAP: 0.026402054354548454
val/T-mAP-weighted: 0.08688025921583176
val/decoder_match_cost_mean: -6.195975303649902
val/decoder_match_cost_std: 7.549988746643066
val/decoder_max_cost: 53.839454650878906
val/decoder_prediction_match_rate: 0.21570271253585815
val/decoder_target_match_rate: 1.0
val/horizon-max-f-score: 0.13616837561130524
val/horizon-max-f-score-weighted: 0.38386696577072144
val/horizon-mean-time-step: 0.0498453788459301
val/loss: 2.9308903217315674
val/loss_decoder__presence: 0.13034582138061523
val/loss_decoder_labels: 1.2008919715881348
val/loss_decoder_timestamps: 1.0028382539749146
val/loss_diffusion: 0.5655784606933594
val/loss_embedder_regularizer: 0.03123559057712555
val/match_cost_mean: -6.195975303649902
val/match_cost_std: 7.549988746643066
val/max_cost: 53.839454650878906
val/mean-predicted-length: 16.0
val/mean-target-length: 15.263496398925781
val/next-item-accuracy: 0.3215782046318054
val/next-item-mae: 0.9032747745513916
val/next-item-map: 0.054997120052576065
val/next-item-map-weighted: 0.29081445932388306
val/next-item-max-f-score: 0.08790277689695358
val/next-item-max-f-score-weighted: 0.3913000822067261
val/next-item-mean-time-step: 0.901066243648529
val/next-item-rmse: 1.4207943677902222
val/next-k-label-distribution-delta: 7.805505752563477
val/optimal-transport-distance: 17.494503021240234
val/prediction_match_rate: 0.21570271253585815
val/sequence-labels-entropy: 0.8221735954284668
val/target-sequence-labels-entropy: 1.385812759399414
val/target_match_rate: 1.0
