date: '2025-01-27 17:51:06'
test/T-mAP: 0.12159717082977295
test/T-mAP-micro: 0.486490935087204
test/horizon-max-accuracy-micro: 0.5563392639160156
test/horizon-mean-time-step: 0.6645057201385498
test/loss: 0.6842419505119324
test/loss_decoder_labels: 0.030659016221761703
test/loss_decoder_timestamps: 0.03981270268559456
test/loss_diffusion: 0.6126528978347778
test/loss_embedder_regularizer: 0.0011173766106367111
test/mean-predicted-length: 13.98768424987793
test/mean-target-length: 15.583646774291992
test/next-item-accuracy: 0.3315286636352539
test/next-item-mae: 0.6908077001571655
test/next-item-map: 0.0619547963142395
test/next-item-map-micro: 0.2965163290500641
test/next-item-max-accuracy: 0.442619264125824
test/next-item-mean-time-step: 0.8952723741531372
test/next-item-rmse: 1.0976721048355103
test/next-k-label-distribution-delta: 8.487854957580566
test/optimal-transport-distance: 13.544168472290039
test/sequence-labels-entropy: 0.974428117275238
val/T-mAP: 0.1226489320397377
val/T-mAP-micro: 0.4914415180683136
val/horizon-max-accuracy-micro: 0.5612625479698181
val/horizon-mean-time-step: 0.6761577129364014
val/loss: 0.6779093146324158
val/loss_decoder_labels: 0.03058396838605404
val/loss_decoder_timestamps: 0.039449650794267654
val/loss_diffusion: 0.6067571043968201
val/loss_embedder_regularizer: 0.0011186418123543262
val/mean-predicted-length: 13.846263885498047
val/mean-target-length: 15.263496398925781
val/next-item-accuracy: 0.34883058071136475
val/next-item-mae: 0.7024040222167969
val/next-item-map: 0.06349849700927734
val/next-item-map-micro: 0.310699462890625
val/next-item-max-accuracy: 0.4460827112197876
val/next-item-mean-time-step: 0.9231622219085693
val/next-item-rmse: 1.1237858533859253
val/next-k-label-distribution-delta: 8.277440071105957
val/optimal-transport-distance: 13.351438522338867
val/sequence-labels-entropy: 0.932707667350769
