date: '2026-02-10 22:54:05'
test/T-mAP: 0.14784616231918335
test/T-mAP-weighted: 0.5118937492370605
test/horizon-max-f-score: 0.20292510092258453
test/horizon-max-f-score-weighted: 0.5615259408950806
test/horizon-mean-time-step: 0.5848610997200012
test/loss: 2.9590539932250977
test/loss_decoder_labels: 1.3818124532699585
test/loss_decoder_timestamps: 0.5787819623947144
test/loss_diffusion: 0.9984160661697388
test/loss_embedder_regularizer: 4.344525223132223e-05
test/mean-predicted-length: 14.843653678894043
test/mean-target-length: 15.583646774291992
test/next-item-accuracy: 0.3682723045349121
test/next-item-mae: 0.6595759391784668
test/next-item-map: 0.07279305160045624
test/next-item-map-weighted: 0.3101203143596649
test/next-item-max-f-score: 0.11483024805784225
test/next-item-max-f-score-weighted: 0.40215349197387695
test/next-item-mean-time-step: 0.8834072351455688
test/next-item-rmse: 1.0747491121292114
test/next-k-label-distribution-delta: 7.473828315734863
test/optimal-transport-distance: 13.036453247070312
test/sequence-labels-entropy: 1.0844504833221436
test/target-sequence-labels-entropy: 1.4227652549743652
val/T-mAP: 0.15885992348194122
val/T-mAP-weighted: 0.5251542329788208
val/horizon-max-f-score: 0.2151699960231781
val/horizon-max-f-score-weighted: 0.5747483968734741
val/horizon-mean-time-step: 0.585774838924408
val/loss: 2.9107666015625
val/loss_decoder_labels: 1.3282195329666138
val/loss_decoder_timestamps: 0.5961776971817017
val/loss_diffusion: 0.9863260984420776
val/loss_embedder_regularizer: 4.35544025094714e-05
val/mean-predicted-length: 14.867000579833984
val/mean-target-length: 15.263496398925781
val/next-item-accuracy: 0.3828350603580475
val/next-item-mae: 0.6724691390991211
val/next-item-map: 0.07607094198465347
val/next-item-map-weighted: 0.32402876019477844
val/next-item-max-f-score: 0.12071597576141357
val/next-item-max-f-score-weighted: 0.419474720954895
val/next-item-mean-time-step: 0.9117311835289001
val/next-item-rmse: 1.1025283336639404
val/next-k-label-distribution-delta: 7.120486259460449
val/optimal-transport-distance: 12.87077808380127
val/sequence-labels-entropy: 1.057515263557434
val/target-sequence-labels-entropy: 1.385812759399414
