date: '2025-01-24 20:23:16'
test/T-mAP: 0.07135865837335587
test/T-mAP-micro: 0.28365832567214966
test/horizon-max-accuracy-micro: 0.5538930892944336
test/horizon-mean-time-step: 0.43444210290908813
test/loss: 0.4977073669433594
test/loss_decoder_labels: 0.013266078196465969
test/loss_decoder_timestamps: 0.015161140821874142
test/loss_diffusion: 0.4692801833152771
test/loss_embedder: 6.253984136117552e-11
test/mean-predicted-length: 9.99657917022705
test/mean-target-length: 15.583646774291992
test/next-item-accuracy: 0.3611465096473694
test/next-item-mae: 0.6923311352729797
test/next-item-map: 0.07399275153875351
test/next-item-map-micro: 0.31044459342956543
test/next-item-max-accuracy: 0.4397220015525818
test/next-item-mean-time-step: 0.8756828308105469
test/next-item-rmse: 1.137589931488037
test/next-k-label-distribution-delta: 7.581252574920654
test/optimal-transport-distance: 13.651866912841797
test/sequence-labels-entropy: 0.8032545447349548
val/T-mAP: 0.07251998782157898
val/T-mAP-micro: 0.283944696187973
val/horizon-max-accuracy-micro: 0.5590721964836121
val/horizon-mean-time-step: 0.4400991201400757
val/loss: 0.4919501841068268
val/loss_decoder_labels: 0.01414513774216175
val/loss_decoder_timestamps: 0.015517301857471466
val/loss_diffusion: 0.46228766441345215
val/loss_embedder: 6.249849943129604e-11
val/mean-predicted-length: 9.996782302856445
val/mean-target-length: 15.263496398925781
val/next-item-accuracy: 0.37392720580101013
val/next-item-mae: 0.7073518633842468
val/next-item-map: 0.07860811054706573
val/next-item-map-micro: 0.3266216218471527
val/next-item-max-accuracy: 0.4411104619503021
val/next-item-mean-time-step: 0.905232310295105
val/next-item-rmse: 1.1619638204574585
val/next-k-label-distribution-delta: 7.3435821533203125
val/optimal-transport-distance: 13.584370613098145
val/sequence-labels-entropy: 0.774308443069458
