date: '2024-06-01 06:03:05'
test/detection-mAP: 0.13607123494148254
test/horizon-mean-time-step: 0.812055230140686
test/loss: 5.426047325134277
test/loss_hypro-bce: 5.426047325134277
test/mean-noise-energy: 1.4859659671783447
test/mean-predicted-length: 11.779335975646973
test/mean-target-energy: 0.7861424684524536
test/mean-target-length: 15.583646774291992
test/next-item-accuracy: 0.4542197585105896
test/next-item-mae: 0.7164739966392517
test/next-item-mean-time-step: 0.8818258047103882
test/next-item-rmse: 1.0374616384506226
test/optimal-transport-distance: 13.245917320251465
val/detection-mAP: 0.1350880265235901
val/horizon-mean-time-step: 0.8095712661743164
val/loss: 5.447939395904541
val/loss_hypro-bce: 5.447939395904541
val/mean-noise-energy: 1.4811493158340454
val/mean-predicted-length: 11.844476699829102
val/mean-target-energy: 0.7967154383659363
val/mean-target-length: 15.263496398925781
val/next-item-accuracy: 0.46918854117393494
val/next-item-mae: 0.7211873531341553
val/next-item-mean-time-step: 0.9098286628723145
val/next-item-rmse: 1.051643967628479
val/optimal-transport-distance: 13.05191421508789
