date: '2024-09-13 22:09:31'
test/T-mAP: 0.14690636098384857
test/T-mAP-micro: 0.4858575761318207
test/horizon-mean-time-step: 0.9421635270118713
test/loss: 11.360136032104492
test/loss_hypro-bce: 11.360136032104492
test/mean-noise-energy: 0.3734470307826996
test/mean-predicted-length: 11.797810554504395
test/mean-target-energy: 0.3467576205730438
test/mean-target-length: 15.583646774291992
test/next-item-accuracy: 0.45175158977508545
test/next-item-mae: 0.7152165770530701
test/next-item-map: 0.12879666686058044
test/next-item-map-micro: 0.36377692222595215
test/next-item-mean-time-step: 0.8829155564308167
test/next-item-rmse: 1.036795973777771
test/next-k-label-distribution-delta: 10.125213623046875
test/optimal-transport-distance: 13.263487815856934
val/T-mAP: 0.1557309478521347
val/T-mAP-micro: 0.49248388409614563
val/horizon-mean-time-step: 0.9339444637298584
val/loss: 11.35513973236084
val/loss_hypro-bce: 11.35513973236084
val/mean-noise-energy: 0.374094694852829
val/mean-predicted-length: 11.726850509643555
val/mean-target-energy: 0.3472541868686676
val/mean-target-length: 15.263496398925781
val/next-item-accuracy: 0.469554603099823
val/next-item-mae: 0.7178384065628052
val/next-item-map: 0.13286449015140533
val/next-item-map-micro: 0.3790484666824341
val/next-item-mean-time-step: 0.910555362701416
val/next-item-rmse: 1.0495083332061768
val/next-k-label-distribution-delta: 9.806221008300781
val/optimal-transport-distance: 13.03903865814209
