date: '2025-01-29 17:23:17'
num_seeds: 5
test/T-mAP: 0.12765825390815735
test/T-mAP-micro: 0.4888809025287628
test/T-mAP-micro-std: 0.014127440463090604
test/T-mAP-std: 0.0025320933753473877
test/horizon-max-accuracy-micro: 0.5643638253211976
test/horizon-max-accuracy-micro-std: 0.004951807429298308
test/horizon-mean-time-step: 0.5487439811229706
test/horizon-mean-time-step-std: 0.0423582716001733
test/loss: 0.8565761089324951
test/loss-std: 0.051022718368375526
test/loss_decoder_labels: 0.014594809710979461
test/loss_decoder_labels-std: 0.0026087292299505614
test/loss_decoder_timestamps: 0.030365950614213943
test/loss_decoder_timestamps-std: 0.005489153884731962
test/loss_diffusion: 0.8115721583366394
test/loss_diffusion-std: 0.05423217481030169
test/loss_embedder_regularizer: 4.317782440921292e-05
test/loss_embedder_regularizer-std: 5.62402201683747e-06
test/mean-predicted-length: 15.17865219116211
test/mean-predicted-length-std: 0.4503537602353425
test/mean-target-length: 15.583646774291992
test/mean-target-length-std: 0.0
test/next-item-accuracy: 0.3017356753349304
test/next-item-accuracy-std: 0.03344564075356694
test/next-item-mae: 0.6916047692298889
test/next-item-mae-std: 0.009485172393517401
test/next-item-map: 0.06300152540206909
test/next-item-map-micro: 0.2947788119316101
test/next-item-map-micro-std: 0.0015042647881983093
test/next-item-map-std: 0.0013820278156975294
test/next-item-max-accuracy: 0.43221460580825805
test/next-item-max-accuracy-std: 0.0010685702045702193
test/next-item-mean-time-step: 0.8943687081336975
test/next-item-mean-time-step-std: 0.0031382694651769646
test/next-item-rmse: 1.1100582122802733
test/next-item-rmse-std: 0.02282239511108576
test/next-k-label-distribution-delta: 8.569278240203857
test/next-k-label-distribution-delta-std: 0.9362602566835366
test/optimal-transport-distance: 13.993884658813476
test/optimal-transport-distance-std: 0.5441842674816906
test/sequence-labels-entropy: 1.291461133956909
test/sequence-labels-entropy-std: 0.07429651373986837
val/T-mAP: 0.13131189048290254
val/T-mAP-micro: 0.49456634521484377
val/T-mAP-micro-std: 0.012674987007688461
val/T-mAP-std: 0.0033991601939414614
val/horizon-max-accuracy-micro: 0.5746343493461609
val/horizon-max-accuracy-micro-std: 0.004622541328637786
val/horizon-mean-time-step: 0.5513541877269745
val/horizon-mean-time-step-std: 0.044239806127979404
val/loss: 0.8489734172821045
val/loss-std: 0.04892242858681168
val/loss_decoder_labels: 0.015010053291916847
val/loss_decoder_labels-std: 0.00255911358665438
val/loss_decoder_timestamps: 0.03049469515681267
val/loss_decoder_timestamps-std: 0.005399788277326235
val/loss_diffusion: 0.8034252166748047
val/loss_diffusion-std: 0.05217846909357402
val/loss_embedder_regularizer: 4.3445388291729615e-05
val/loss_embedder_regularizer-std: 5.7762775550748126e-06
val/mean-predicted-length: 15.136288833618163
val/mean-predicted-length-std: 0.4729120748044047
val/mean-target-length: 15.263496398925781
val/mean-target-length-std: 0.0
val/next-item-accuracy: 0.31690054535865786
val/next-item-accuracy-std: 0.03464864110766164
val/next-item-mae: 0.7053120136260986
val/next-item-mae-std: 0.010818514699454058
val/next-item-map: 0.06574722528457641
val/next-item-map-micro: 0.31031263470649717
val/next-item-map-micro-std: 0.001813392265057496
val/next-item-map-std: 0.0016396766691084749
val/next-item-max-accuracy: 0.43564841747283933
val/next-item-max-accuracy-std: 0.0017247467496069684
val/next-item-mean-time-step: 0.9222069501876831
val/next-item-mean-time-step-std: 0.0035564830964103637
val/next-item-rmse: 1.1343517065048219
val/next-item-rmse-std: 0.02484710763752486
val/next-k-label-distribution-delta: 8.333070945739745
val/next-k-label-distribution-delta-std: 0.9398069309509637
val/optimal-transport-distance: 13.851673889160157
val/optimal-transport-distance-std: 0.5193733864177895
val/sequence-labels-entropy: 1.2598642349243163
val/sequence-labels-entropy-std: 0.08059542283281262
