date: '2025-02-12 12:40:51'
num_seeds: 5
test/T-mAP: 0.1478579193353653
test/T-mAP-std: 0.0
test/T-mAP-weighted: 0.49682456254959106
test/T-mAP-weighted-std: 0.0
test/horizon-max-f-score: 0.2086988091468811
test/horizon-max-f-score-std: 0.0
test/horizon-max-f-score-weighted: 0.523000180721283
test/horizon-max-f-score-weighted-std: 0.0
test/horizon-mean-time-step: 0.07036663591861725
test/horizon-mean-time-step-std: 0.0
test/loss: 0.0
test/loss-std: 0.0
test/mean-predicted-length: 100.47895812988281
test/mean-predicted-length-std: 0.0
test/mean-target-length: 15.583646774291992
test/mean-target-length-std: 0.0
test/next-item-accuracy: 0.21926751732826233
test/next-item-accuracy-std: 0.0
test/next-item-mae: 0.6774866580963135
test/next-item-mae-std: 0.0
test/next-item-map: 0.05122664198279381
test/next-item-map-std: 0.0
test/next-item-map-weighted: 0.27205368876457214
test/next-item-map-weighted-std: 0.0
test/next-item-max-f-score: 0.08500726521015167
test/next-item-max-f-score-std: 0.0
test/next-item-max-f-score-weighted: 0.3696092963218689
test/next-item-max-f-score-weighted-std: 0.0
test/next-item-mean-time-step: 0.8847661018371582
test/next-item-mean-time-step-std: 0.0
test/next-item-rmse: 1.1501729488372803
test/next-item-rmse-std: 0.0
test/next-k-label-distribution-delta: 12.8682861328125
test/next-k-label-distribution-delta-std: 0.0
test/optimal-transport-distance: 17.288814544677734
test/optimal-transport-distance-std: 0.0
test/sequence-labels-entropy: 2.9989137649536133
test/sequence-labels-entropy-std: 0.0
val/T-mAP: 0.15576796233654022
val/T-mAP-std: 0.0
val/T-mAP-weighted: 0.498607337474823
val/T-mAP-weighted-std: 0.0
val/horizon-max-f-score: 0.22790588438510895
val/horizon-max-f-score-std: 0.0
val/horizon-max-f-score-weighted: 0.5236688256263733
val/horizon-max-f-score-weighted-std: 0.0
val/horizon-mean-time-step: 0.06992924213409424
val/horizon-mean-time-step-std: 0.0
val/loss: 0.0
val/loss-std: 0.0
val/mean-predicted-length: 101.10118103027344
val/mean-predicted-length-std: 0.0
val/mean-target-length: 15.263496398925781
val/mean-target-length-std: 0.0
val/next-item-accuracy: 0.22847265005111694
val/next-item-accuracy-std: 0.0
val/next-item-mae: 0.6943236589431763
val/next-item-mae-std: 0.0
val/next-item-map: 0.05164824426174164
val/next-item-map-std: 0.0
val/next-item-map-weighted: 0.2831204831600189
val/next-item-map-weighted-std: 0.0
val/next-item-max-f-score: 0.08533959835767746
val/next-item-max-f-score-std: 0.0
val/next-item-max-f-score-weighted: 0.3793186545372009
val/next-item-max-f-score-weighted-std: 0.0
val/next-item-mean-time-step: 0.9162442684173584
val/next-item-mean-time-step-std: 0.0
val/next-item-rmse: 1.1810868978500366
val/next-item-rmse-std: 0.0
val/next-k-label-distribution-delta: 13.10189437866211
val/next-k-label-distribution-delta-std: 0.0
val/optimal-transport-distance: 17.41134262084961
val/optimal-transport-distance-std: 0.0
val/sequence-labels-entropy: 3.005939245223999
val/sequence-labels-entropy-std: 0.0
