date: '2025-01-27 18:40:06'
num_seeds: 5
test/T-mAP: 0.12145017683506013
test/T-mAP-micro: 0.48726012110710143
test/T-mAP-micro-std: 0.013430665505922956
test/T-mAP-std: 0.00930411084310673
test/horizon-max-accuracy-micro: 0.5622828722000122
test/horizon-max-accuracy-micro-std: 0.01256077685423091
test/horizon-mean-time-step: 0.707930076122284
test/horizon-mean-time-step-std: 0.05240238699510154
test/loss: 0.7484201908111572
test/loss-std: 0.061195724822630075
test/loss_decoder_labels: 0.013764576055109501
test/loss_decoder_labels-std: 0.0015110403279067054
test/loss_decoder_timestamps: 0.029606932029128074
test/loss_decoder_timestamps-std: 0.004259186441867601
test/loss_diffusion: 0.7050099492073059
test/loss_diffusion-std: 0.06359043496030145
test/loss_embedder_regularizer: 3.8686354309902525e-05
test/loss_embedder_regularizer-std: 6.172219109701855e-06
test/mean-predicted-length: 13.257817459106445
test/mean-predicted-length-std: 0.5127651469849412
test/mean-target-length: 15.583646774291992
test/mean-target-length-std: 0.0
test/next-item-accuracy: 0.3090684711933136
test/next-item-accuracy-std: 0.02924088410131362
test/next-item-mae: 0.690049922466278
test/next-item-mae-std: 0.006677175783867353
test/next-item-map: 0.06361411958932876
test/next-item-map-micro: 0.2939016580581665
test/next-item-map-micro-std: 0.0031441627213467482
test/next-item-map-std: 0.0014947635181171235
test/next-item-max-accuracy: 0.43869401812553405
test/next-item-max-accuracy-std: 0.0013533546339786298
test/next-item-mean-time-step: 0.8879005670547485
test/next-item-mean-time-step-std: 0.002391398270392022
test/next-item-rmse: 1.0808212995529174
test/next-item-rmse-std: 0.013851089107526946
test/next-k-label-distribution-delta: 8.813274383544922
test/next-k-label-distribution-delta-std: 0.8253032656406459
test/optimal-transport-distance: 13.910189247131347
test/optimal-transport-distance-std: 0.5063312615454792
test/sequence-labels-entropy: 0.9980842590332031
test/sequence-labels-entropy-std: 0.0950519512972483
val/T-mAP: 0.12444352358579636
val/T-mAP-micro: 0.4962873637676239
val/T-mAP-micro-std: 0.013978946988922224
val/T-mAP-std: 0.009506902687399224
val/horizon-max-accuracy-micro: 0.5735431909561157
val/horizon-max-accuracy-micro-std: 0.012305180443276232
val/horizon-mean-time-step: 0.7166563034057617
val/horizon-mean-time-step-std: 0.050005155636324274
val/loss: 0.7409559965133667
val/loss-std: 0.05885675587751049
val/loss_decoder_labels: 0.014195840805768967
val/loss_decoder_labels-std: 0.0015375630350089645
val/loss_decoder_timestamps: 0.02961851954460144
val/loss_decoder_timestamps-std: 0.004204826901269996
val/loss_diffusion: 0.6971027016639709
val/loss_diffusion-std: 0.06137314525098271
val/loss_embedder_regularizer: 3.893183748004958e-05
val/loss_embedder_regularizer-std: 6.304572199626439e-06
val/mean-predicted-length: 13.150947380065919
val/mean-predicted-length-std: 0.4973801648304043
val/mean-target-length: 15.263496398925781
val/mean-target-length-std: 0.0
val/next-item-accuracy: 0.3225218653678894
val/next-item-accuracy-std: 0.0283073594043107
val/next-item-mae: 0.6998623490333558
val/next-item-mae-std: 0.006451494172323567
val/next-item-map: 0.06615729331970215
val/next-item-map-micro: 0.3073976576328278
val/next-item-map-micro-std: 0.0035463781984050547
val/next-item-map-std: 0.0014868241827144997
val/next-item-max-accuracy: 0.4400371849536896
val/next-item-max-accuracy-std: 0.002763446382191378
val/next-item-mean-time-step: 0.9156142354011536
val/next-item-mean-time-step-std: 0.0021881864481912002
val/next-item-rmse: 1.1028737545013427
val/next-item-rmse-std: 0.012866981473892425
val/next-k-label-distribution-delta: 8.491669654846191
val/next-k-label-distribution-delta-std: 0.7798978163496669
val/optimal-transport-distance: 13.67501449584961
val/optimal-transport-distance-std: 0.4815569889062108
val/sequence-labels-entropy: 0.9576123833656311
val/sequence-labels-entropy-std: 0.10161923857783288
