date: '2025-02-24 07:11:46'
num_seeds: 5
test/T-mAP: 0.11145961731672287
test/T-mAP-std: 0.002885604486486142
test/T-mAP-weighted: 0.38545358180999756
test/T-mAP-weighted-std: 0.004121854110603457
test/horizon-max-f-score: 0.17130827009677888
test/horizon-max-f-score-std: 0.0042827233681616995
test/horizon-max-f-score-weighted: 0.46611654162406924
test/horizon-max-f-score-weighted-std: 0.003022397780840189
test/horizon-mean-time-step: 0.5734259366989136
test/horizon-mean-time-step-std: 0.012617199680369758
test/loss: 2.3248477935791017
test/loss-std: 0.006615704007450177
test/loss_nhp: 2.3248477935791017
test/loss_nhp-std: 0.006615704007450177
test/mean-predicted-length: 15.615189933776856
test/mean-predicted-length-std: 0.1817976648544165
test/mean-target-length: 15.583646774291992
test/mean-target-length-std: 0.0
test/next-item-accuracy: 0.45171178579330445
test/next-item-accuracy-std: 0.0015841742316163726
test/next-item-mae: 0.7032807469367981
test/next-item-mae-std: 0.00045068399972674736
test/next-item-map: 0.1255737066268921
test/next-item-map-std: 0.0015276643626595072
test/next-item-map-weighted: 0.3629309356212616
test/next-item-map-weighted-std: 0.0015444020193371606
test/next-item-max-f-score: 0.18449111580848693
test/next-item-max-f-score-std: 0.002865673026653387
test/next-item-max-f-score-weighted: 0.4482845187187195
test/next-item-max-f-score-weighted-std: 0.0008399087287727078
test/next-item-mean-time-step: 0.8762297749519348
test/next-item-mean-time-step-std: 0.0005253093864173641
test/next-item-rmse: 1.0287184238433837
test/next-item-rmse-std: 0.0009543526966595668
test/next-k-label-distribution-delta: 10.58624725341797
test/next-k-label-distribution-delta-std: 0.02165189591748095
test/optimal-transport-distance: 13.311175346374512
test/optimal-transport-distance-std: 0.011138643741546009
test/sequence-labels-entropy: 0.21247725188732147
test/sequence-labels-entropy-std: 0.01159463738943314
test/thinning_accepted: 40.50487518310547
test/thinning_accepted-std: 0.7482400363830146
val/T-mAP: 0.11950903832912445
val/T-mAP-std: 0.003775811315954605
val/T-mAP-weighted: 0.39476953744888305
val/T-mAP-weighted-std: 0.00517660900987401
val/horizon-max-f-score: 0.17953872680664062
val/horizon-max-f-score-std: 0.004999759798938635
val/horizon-max-f-score-weighted: 0.4754024565219879
val/horizon-max-f-score-weighted-std: 0.004880753853781142
val/horizon-mean-time-step: 0.5770842432975769
val/horizon-mean-time-step-std: 0.01369718251159499
val/loss: 2.3158617496490477
val/loss-std: 0.00617246263270906
val/loss_nhp: 2.3158617496490477
val/loss_nhp-std: 0.00617246263270906
val/mean-predicted-length: 15.33814811706543
val/mean-predicted-length-std: 0.23691568994229698
val/mean-target-length: 15.263496398925781
val/mean-target-length-std: 0.0
val/next-item-accuracy: 0.46803335547447206
val/next-item-accuracy-std: 0.0009600054972969753
val/next-item-mae: 0.7100278973579407
val/next-item-mae-std: 0.0013471007735845486
val/next-item-map: 0.12727993130683898
val/next-item-map-std: 0.001186916645837037
val/next-item-map-weighted: 0.377038961648941
val/next-item-map-weighted-std: 0.0008284086313814878
val/next-item-max-f-score: 0.18708769977092743
val/next-item-max-f-score-std: 0.0015834670333778047
val/next-item-max-f-score-weighted: 0.4611272394657135
val/next-item-max-f-score-weighted-std: 0.0011786544103659531
val/next-item-mean-time-step: 0.9039193987846375
val/next-item-mean-time-step-std: 0.0005049626876157648
val/next-item-rmse: 1.0464125156402588
val/next-item-rmse-std: 0.0011124039126139086
val/next-k-label-distribution-delta: 10.217661666870118
val/next-k-label-distribution-delta-std: 0.037422700859864905
val/optimal-transport-distance: 13.0971435546875
val/optimal-transport-distance-std: 0.030171694186296977
val/sequence-labels-entropy: 0.19852804243564606
val/sequence-labels-entropy-std: 0.016495503423640562
val/thinning_accepted: 40.04203796386719
val/thinning_accepted-std: 0.650385951759794
