date: '2025-01-31 18:00:10'
num_seeds: 5
test/T-mAP: 0.08806058764457703
test/T-mAP-micro: 0.28966077566146853
test/T-mAP-micro-std: 0.011613075668991892
test/T-mAP-std: 0.0020086590693919317
test/horizon-max-accuracy-micro: 0.45222635865211486
test/horizon-max-accuracy-micro-std: 0.0018482375939810611
test/horizon-mean-time-step: 0.39419559240341184
test/horizon-mean-time-step-std: 0.010458167039104986
test/loss: 2.240582275390625
test/loss-std: 0.010453254369301125
test/loss_labels: 1.6007986783981323
test/loss_labels-std: 0.009900465140339253
test/loss_timestamps: 0.63978351354599
test/loss_timestamps-std: 0.0005953908657595596
test/mean-predicted-length: 22.984331130981445
test/mean-predicted-length-std: 0.40662262105605984
test/mean-target-length: 15.583646774291992
test/mean-target-length-std: 0.0
test/next-item-accuracy: 0.45398885011672974
test/next-item-accuracy-std: 0.00037716006022987754
test/next-item-mae: 0.6389073967933655
test/next-item-mae-std: 0.0005998915466453136
test/next-item-map: 0.12783365100622177
test/next-item-map-micro: 0.3645243406295776
test/next-item-map-micro-std: 0.002794327387955274
test/next-item-map-std: 0.0029047169461077042
test/next-item-max-accuracy: 0.4562378466129303
test/next-item-max-accuracy-std: 0.0002627287872671517
test/next-item-mean-time-step: 0.8744904160499573
test/next-item-mean-time-step-std: 0.0006423300395721406
test/next-item-rmse: 1.0663935899734498
test/next-item-rmse-std: 0.002057264548505162
test/next-k-label-distribution-delta: 10.395210647583008
test/next-k-label-distribution-delta-std: 0.01757591624630228
test/optimal-transport-distance: 13.609003448486328
test/optimal-transport-distance-std: 0.04786498296671509
test/sequence-labels-entropy: 0.13984191715717315
test/sequence-labels-entropy-std: 0.009204586300452008
val/T-mAP: 0.09619521349668503
val/T-mAP-micro: 0.2963301718235016
val/T-mAP-micro-std: 0.010864902856316213
val/T-mAP-std: 0.0014981642144539535
val/horizon-max-accuracy-micro: 0.45545840859413145
val/horizon-max-accuracy-micro-std: 0.0015300582900486333
val/horizon-mean-time-step: 0.3945127069950104
val/horizon-mean-time-step-std: 0.01110879330156941
val/loss: 2.2116610050201415
val/loss-std: 0.011057685439732493
val/loss_labels: 1.5565487146377563
val/loss_labels-std: 0.010358305764151057
val/loss_timestamps: 0.6551123142242432
val/loss_timestamps-std: 0.000772082029365644
val/mean-predicted-length: 23.083589553833008
val/mean-predicted-length-std: 0.433901895806226
val/mean-target-length: 15.263496398925781
val/mean-target-length-std: 0.0
val/next-item-accuracy: 0.4710595905780792
val/next-item-accuracy-std: 0.0006431326855638249
val/next-item-mae: 0.6524858355522156
val/next-item-mae-std: 0.0007688000427481991
val/next-item-map: 0.1300520896911621
val/next-item-map-micro: 0.37836838364601133
val/next-item-map-micro-std: 0.0025294361167349354
val/next-item-map-std: 0.0037198599765560256
val/next-item-max-accuracy: 0.4628157079219818
val/next-item-max-accuracy-std: 0.00040989096682162606
val/next-item-mean-time-step: 0.9029810309410096
val/next-item-mean-time-step-std: 0.0005927745859262562
val/next-item-rmse: 1.091179084777832
val/next-item-rmse-std: 0.0020367192733019065
val/next-k-label-distribution-delta: 10.05491600036621
val/next-k-label-distribution-delta-std: 0.014733496582172507
val/optimal-transport-distance: 13.511128044128418
val/optimal-transport-distance-std: 0.06717250937579076
val/sequence-labels-entropy: 0.1232006460428238
val/sequence-labels-entropy-std: 0.0053158823707946
