date: '2025-02-12 15:25:27'
num_seeds: 5
test/T-mAP: 0.07826276868581772
test/T-mAP-std: 0.0
test/T-mAP-weighted: 0.3603588342666626
test/T-mAP-weighted-std: 0.0
test/horizon-max-f-score: 0.1610376238822937
test/horizon-max-f-score-std: 0.0
test/horizon-max-f-score-weighted: 0.5168984532356262
test/horizon-max-f-score-weighted-std: 0.0
test/horizon-mean-time-step: 0.88936847448349
test/horizon-mean-time-step-std: 0.0
test/loss: 0.0
test/loss-std: 0.0
test/mean-predicted-length: 9.026342391967773
test/mean-predicted-length-std: 0.0
test/mean-target-length: 15.583646774291992
test/mean-target-length-std: 0.0
test/next-item-accuracy: 0.3072054088115692
test/next-item-accuracy-std: 0.0
test/next-item-mae: 0.7435668110847473
test/next-item-mae-std: 0.0
test/next-item-map: 0.05312441661953926
test/next-item-map-std: 0.0
test/next-item-map-weighted: 0.27374327182769775
test/next-item-map-weighted-std: 0.0
test/next-item-max-f-score: 0.09346995502710342
test/next-item-max-f-score-std: 0.0
test/next-item-max-f-score-weighted: 0.3767436146736145
test/next-item-max-f-score-weighted-std: 0.0
test/next-item-mean-time-step: 0.8922115564346313
test/next-item-mean-time-step-std: 0.0
test/next-item-rmse: 1.1040865182876587
test/next-item-rmse-std: 0.0
test/next-k-label-distribution-delta: 8.223742485046387
test/next-k-label-distribution-delta-std: 0.0
test/optimal-transport-distance: 14.047242164611816
test/optimal-transport-distance-std: 0.0
test/sequence-labels-entropy: 1.2862935066223145
test/sequence-labels-entropy-std: 0.0
val/T-mAP: 0.09076827019453049
val/T-mAP-std: 0.0
val/T-mAP-weighted: 0.3633064329624176
val/T-mAP-weighted-std: 0.0
val/horizon-max-f-score: 0.1837298721075058
val/horizon-max-f-score-std: 0.0
val/horizon-max-f-score-weighted: 0.5223521590232849
val/horizon-max-f-score-weighted-std: 0.0
val/horizon-mean-time-step: 0.9204935431480408
val/horizon-mean-time-step-std: 0.0
val/loss: 0.0
val/loss-std: 0.0
val/mean-predicted-length: 8.894530296325684
val/mean-predicted-length-std: 0.0
val/mean-target-length: 15.263496398925781
val/mean-target-length-std: 0.0
val/next-item-accuracy: 0.31714460253715515
val/next-item-accuracy-std: 0.0
val/next-item-mae: 0.7623066902160645
val/next-item-mae-std: 0.0
val/next-item-map: 0.054533932358026505
val/next-item-map-std: 0.0
val/next-item-map-weighted: 0.28522032499313354
val/next-item-map-weighted-std: 0.0
val/next-item-max-f-score: 0.09796655178070068
val/next-item-max-f-score-std: 0.0
val/next-item-max-f-score-weighted: 0.387345552444458
val/next-item-max-f-score-weighted-std: 0.0
val/next-item-mean-time-step: 0.9225617051124573
val/next-item-mean-time-step-std: 0.0
val/next-item-rmse: 1.1301665306091309
val/next-item-rmse-std: 0.0
val/next-k-label-distribution-delta: 8.010010719299316
val/next-k-label-distribution-delta-std: 0.0
val/optimal-transport-distance: 13.86563491821289
val/optimal-transport-distance-std: 0.0
val/sequence-labels-entropy: 1.2146289348602295
val/sequence-labels-entropy-std: 0.0
