date: '2025-02-13 14:55:46'
num_seeds: 1
test/T-mAP: 0.055633679032325745
test/T-mAP-std: 0.0
test/T-mAP-weighted: 0.3010726273059845
test/T-mAP-weighted-std: 0.0
test/horizon-max-f-score: 0.09971506148576736
test/horizon-max-f-score-std: 0.0
test/horizon-max-f-score-weighted: 0.4398704171180725
test/horizon-max-f-score-weighted-std: 0.0
test/horizon-mean-time-step: 0.88936847448349
test/horizon-mean-time-step-std: 0.0
test/loss: 0.0
test/loss-std: 0.0
test/mean-predicted-length: 14.027027130126953
test/mean-predicted-length-std: 0.0
test/mean-target-length: 15.583646774291992
test/mean-target-length-std: 0.0
test/next-item-accuracy: 0.42898088693618774
test/next-item-accuracy-std: 0.0
test/next-item-mae: 0.7435668110847473
test/next-item-mae-std: 0.0
test/next-item-map: 0.054535601288080215
test/next-item-map-std: 0.0
test/next-item-map-weighted: 0.27423617243766785
test/next-item-map-weighted-std: 0.0
test/next-item-max-f-score: 0.09506861865520477
test/next-item-max-f-score-std: 0.0
test/next-item-max-f-score-weighted: 0.39313074946403503
test/next-item-max-f-score-weighted-std: 0.0
test/next-item-mean-time-step: 0.8922115564346313
test/next-item-mean-time-step-std: 0.0
test/next-item-rmse: 1.1040865182876587
test/next-item-rmse-std: 0.0
test/next-k-label-distribution-delta: 11.06808090209961
test/next-k-label-distribution-delta-std: 0.0
test/optimal-transport-distance: 13.770866394042969
test/optimal-transport-distance-std: 0.0
test/sequence-labels-entropy: 0.17723289132118225
test/sequence-labels-entropy-std: 0.0
val/T-mAP: 0.06103243678808212
val/T-mAP-std: 0.0
val/T-mAP-weighted: 0.305495023727417
val/T-mAP-weighted-std: 0.0
val/horizon-max-f-score: 0.1095229908823967
val/horizon-max-f-score-std: 0.0
val/horizon-max-f-score-weighted: 0.4490203261375427
val/horizon-max-f-score-weighted-std: 0.0
val/horizon-mean-time-step: 0.9204935431480408
val/horizon-mean-time-step-std: 0.0
val/loss: 0.0
val/loss-std: 0.0
val/mean-predicted-length: 13.702180862426758
val/mean-predicted-length-std: 0.0
val/mean-target-length: 15.263496398925781
val/mean-target-length-std: 0.0
val/next-item-accuracy: 0.44815945625305176
val/next-item-accuracy-std: 0.0
val/next-item-mae: 0.7623066902160645
val/next-item-mae-std: 0.0
val/next-item-map: 0.057115063071250916
val/next-item-map-std: 0.0
val/next-item-map-weighted: 0.28657278418540955
val/next-item-map-weighted-std: 0.0
val/next-item-max-f-score: 0.09860556572675705
val/next-item-max-f-score-std: 0.0
val/next-item-max-f-score-weighted: 0.4079955220222473
val/next-item-max-f-score-weighted-std: 0.0
val/next-item-mean-time-step: 0.9225617051124573
val/next-item-mean-time-step-std: 0.0
val/next-item-rmse: 1.1301665306091309
val/next-item-rmse-std: 0.0
val/next-k-label-distribution-delta: 10.675008773803711
val/next-k-label-distribution-delta-std: 0.0
val/optimal-transport-distance: 13.56153678894043
val/optimal-transport-distance-std: 0.0
val/sequence-labels-entropy: 0.1545664668083191
val/sequence-labels-entropy-std: 0.0
