date: '2025-01-27 18:27:05'
num_seeds: 5
test/T-mAP: 0.1279226392507553
test/T-mAP-micro: 0.4900053679943085
test/T-mAP-micro-std: 0.013412054689794919
test/T-mAP-std: 0.0024880686144526155
test/horizon-max-accuracy-micro: 0.5640127420425415
test/horizon-max-accuracy-micro-std: 0.00523600061145672
test/horizon-mean-time-step: 0.5507734775543213
test/horizon-mean-time-step-std: 0.0389650728353722
test/loss: 0.8578606963157653
test/loss-std: 0.052216862043726664
test/loss_decoder_labels: 0.014433830045163631
test/loss_decoder_labels-std: 0.0027044402521577676
test/loss_decoder_timestamps: 0.029972202330827712
test/loss_decoder_timestamps-std: 0.005468088641229633
test/loss_diffusion: 0.8134113669395446
test/loss_diffusion-std: 0.055872842616882475
test/loss_embedder_regularizer: 4.3289622408337894e-05
test/loss_embedder_regularizer-std: 5.730915241288953e-06
test/mean-predicted-length: 15.175504684448242
test/mean-predicted-length-std: 0.4392077813406522
test/mean-target-length: 15.583646774291992
test/mean-target-length-std: 0.0
test/next-item-accuracy: 0.2997850328683853
test/next-item-accuracy-std: 0.03657482337358847
test/next-item-mae: 0.691072154045105
test/next-item-mae-std: 0.00866364699625437
test/next-item-map: 0.06295666098594666
test/next-item-map-micro: 0.29459574818611145
test/next-item-map-micro-std: 0.0013593397447124339
test/next-item-map-std: 0.0013467929072436772
test/next-item-max-accuracy: 0.43208314180374147
test/next-item-max-accuracy-std: 0.0011107890879407814
test/next-item-mean-time-step: 0.8944096207618714
test/next-item-mean-time-step-std: 0.0032366552300107797
test/next-item-rmse: 1.1090601921081542
test/next-item-rmse-std: 0.02134233567764725
test/next-k-label-distribution-delta: 8.61279525756836
test/next-k-label-distribution-delta-std: 0.9902165288804389
test/optimal-transport-distance: 14.016903114318847
test/optimal-transport-distance-std: 0.5794426035766116
test/sequence-labels-entropy: 1.2980370283126832
test/sequence-labels-entropy-std: 0.084067438864709
val/T-mAP: 0.13169216513633727
val/T-mAP-micro: 0.49598516821861266
val/T-mAP-micro-std: 0.011911664239550887
val/T-mAP-std: 0.0036115481380187245
val/horizon-max-accuracy-micro: 0.5742860555648803
val/horizon-max-accuracy-micro-std: 0.004894887515481917
val/horizon-mean-time-step: 0.5531857013702393
val/horizon-mean-time-step-std: 0.041031447163710905
val/loss: 0.850269103050232
val/loss-std: 0.05004398685342844
val/loss_decoder_labels: 0.01485274750739336
val/loss_decoder_labels-std: 0.00264662254486445
val/loss_decoder_timestamps: 0.030084001645445824
val/loss_decoder_timestamps-std: 0.00536622136700013
val/loss_diffusion: 0.8052887916564941
val/loss_diffusion-std: 0.053719116296117045
val/loss_embedder_regularizer: 4.355798591859639e-05
val/loss_embedder_regularizer-std: 5.8810060559564405e-06
val/mean-predicted-length: 15.132284545898438
val/mean-predicted-length-std: 0.46322268831610464
val/mean-target-length: 15.263496398925781
val/mean-target-length-std: 0.0
val/next-item-accuracy: 0.31476916670799254
val/next-item-accuracy-std: 0.03825744770582374
val/next-item-mae: 0.7046546220779419
val/next-item-mae-std: 0.009801989251727088
val/next-item-map: 0.06575214266777038
val/next-item-map-micro: 0.31010045409202575
val/next-item-map-micro-std: 0.001722099054338358
val/next-item-map-std: 0.0016465467722208275
val/next-item-max-accuracy: 0.43538901805877683
val/next-item-max-accuracy-std: 0.0018438260187671055
val/next-item-mean-time-step: 0.9222341418266297
val/next-item-mean-time-step-std: 0.00366590200064884
val/next-item-rmse: 1.1333183526992798
val/next-item-rmse-std: 0.023346581272523485
val/next-k-label-distribution-delta: 8.37711820602417
val/next-k-label-distribution-delta-std: 0.9857056644063523
val/optimal-transport-distance: 13.87406005859375
val/optimal-transport-distance-std: 0.5491801585819457
val/sequence-labels-entropy: 1.2659210205078124
val/sequence-labels-entropy-std: 0.09028885959715911
