date: '2025-01-30 15:43:21'
num_seeds: 5
test/T-mAP: 0.14053749144077302
test/T-mAP-micro: 0.5089452981948852
test/T-mAP-micro-std: 0.0014305909936380339
test/T-mAP-std: 0.0017531997786096047
test/horizon-max-accuracy-micro: 0.5649346351623535
test/horizon-max-accuracy-micro-std: 0.004585501089491707
test/horizon-mean-time-step: 0.5108306765556335
test/horizon-mean-time-step-std: 0.012175875534201054
test/loss: 2.7836225986480714
test/loss-std: 0.06638347983099764
test/loss_decoder_labels: 1.466427755355835
test/loss_decoder_labels-std: 0.07113989362512062
test/loss_decoder_timestamps: 0.6008760690689087
test/loss_decoder_timestamps-std: 0.003790407040796879
test/loss_diffusion: 0.7162810444831849
test/loss_diffusion-std: 0.1320510529645367
test/loss_embedder_regularizer: 3.771937954297755e-05
test/loss_embedder_regularizer-std: 1.0134361068847848e-05
test/mean-predicted-length: 15.845637893676757
test/mean-predicted-length-std: 0.09660019696919192
test/mean-target-length: 15.583646774291992
test/mean-target-length-std: 0.0
test/next-item-accuracy: 0.3522133767604828
test/next-item-accuracy-std: 0.05007794719896223
test/next-item-mae: 0.6649672865867615
test/next-item-mae-std: 0.0036606504996559166
test/next-item-map: 0.07107334285974502
test/next-item-map-micro: 0.30536429286003114
test/next-item-map-micro-std: 0.005913402478919886
test/next-item-map-std: 0.00352894407956832
test/next-item-max-accuracy: 0.4343597888946533
test/next-item-max-accuracy-std: 0.002810068206467304
test/next-item-mean-time-step: 0.8794748306274414
test/next-item-mean-time-step-std: 0.002768275198798574
test/next-item-rmse: 1.097802186012268
test/next-item-rmse-std: 0.010797062496637198
test/next-k-label-distribution-delta: 7.879712772369385
test/next-k-label-distribution-delta-std: 0.7536145509349355
test/optimal-transport-distance: 13.582578468322755
test/optimal-transport-distance-std: 0.598288322916604
test/sequence-labels-entropy: 1.16196928024292
test/sequence-labels-entropy-std: 0.3248376494475372
val/T-mAP: 0.14923282265663146
val/T-mAP-micro: 0.5196780920028686
val/T-mAP-micro-std: 0.0025006522126229005
val/T-mAP-std: 0.00220488525855621
val/horizon-max-accuracy-micro: 0.5749457240104675
val/horizon-max-accuracy-micro-std: 0.004353275898635089
val/horizon-mean-time-step: 0.5138518750667572
val/horizon-mean-time-step-std: 0.01262255667350926
val/loss: 2.742113542556763
val/loss-std: 0.06527383993004633
val/loss_decoder_labels: 1.4140007734298705
val/loss_decoder_labels-std: 0.07099854934178697
val/loss_decoder_timestamps: 0.6194156169891357
val/loss_decoder_timestamps-std: 0.0039150388836120134
val/loss_diffusion: 0.7086592197418213
val/loss_diffusion-std: 0.12929864329262283
val/loss_embedder_regularizer: 3.7943933784845284e-05
val/loss_embedder_regularizer-std: 1.0294664117818744e-05
val/mean-predicted-length: 15.823381996154785
val/mean-predicted-length-std: 0.1132347539678517
val/mean-target-length: 15.263496398925781
val/mean-target-length-std: 0.0
val/next-item-accuracy: 0.36791540384292604
val/next-item-accuracy-std: 0.05207279945229045
val/next-item-mae: 0.6780875205993653
val/next-item-mae-std: 0.0037954037919837955
val/next-item-map: 0.07443204522132874
val/next-item-map-micro: 0.3201647877693176
val/next-item-map-micro-std: 0.007915208784393554
val/next-item-map-std: 0.003946981566373716
val/next-item-max-accuracy: 0.43816753625869753
val/next-item-max-accuracy-std: 0.0036467508945498156
val/next-item-mean-time-step: 0.9078527927398682
val/next-item-mean-time-step-std: 0.0026923196565043477
val/next-item-rmse: 1.124701237678528
val/next-item-rmse-std: 0.011505448010961653
val/next-k-label-distribution-delta: 7.62531270980835
val/next-k-label-distribution-delta-std: 0.7723477073262932
val/optimal-transport-distance: 13.420422172546386
val/optimal-transport-distance-std: 0.6026074029166136
val/sequence-labels-entropy: 1.1358723163604736
val/sequence-labels-entropy-std: 0.3283311322280634
