date: '2025-02-12 15:53:07'
num_seeds: 5
test/T-mAP: 0.08513211458921432
test/T-mAP-std: 0.0
test/T-mAP-weighted: 0.37172770500183105
test/T-mAP-weighted-std: 0.0
test/horizon-max-f-score: 0.16783949732780457
test/horizon-max-f-score-std: 0.0
test/horizon-max-f-score-weighted: 0.5321323275566101
test/horizon-max-f-score-weighted-std: 0.0
test/horizon-mean-time-step: 0.88936847448349
test/horizon-mean-time-step-std: 0.0
test/loss: 0.0
test/loss-std: 0.0
test/mean-predicted-length: 9.026342391967773
test/mean-predicted-length-std: 0.0
test/mean-target-length: 15.583646774291992
test/mean-target-length-std: 0.0
test/next-item-accuracy: 0.42898088693618774
test/next-item-accuracy-std: 0.0
test/next-item-mae: 0.7435668110847473
test/next-item-mae-std: 0.0
test/next-item-map: 0.054535601288080215
test/next-item-map-std: 0.0
test/next-item-map-weighted: 0.27423617243766785
test/next-item-map-weighted-std: 0.0
test/next-item-max-f-score: 0.09506861865520477
test/next-item-max-f-score-std: 0.0
test/next-item-max-f-score-weighted: 0.39313074946403503
test/next-item-max-f-score-weighted-std: 0.0
test/next-item-mean-time-step: 0.8922115564346313
test/next-item-mean-time-step-std: 0.0
test/next-item-rmse: 1.1040865182876587
test/next-item-rmse-std: 0.0
test/next-k-label-distribution-delta: 7.082449913024902
test/next-k-label-distribution-delta-std: 0.0
test/optimal-transport-distance: 13.379034996032715
test/optimal-transport-distance-std: 0.0
test/sequence-labels-entropy: 1.1367449760437012
test/sequence-labels-entropy-std: 0.0
val/T-mAP: 0.09455354511737823
val/T-mAP-std: 0.0
val/T-mAP-weighted: 0.37030842900276184
val/T-mAP-weighted-std: 0.0
val/horizon-max-f-score: 0.19723953306674957
val/horizon-max-f-score-std: 0.0
val/horizon-max-f-score-weighted: 0.535045325756073
val/horizon-max-f-score-weighted-std: 0.0
val/horizon-mean-time-step: 0.9204935431480408
val/horizon-mean-time-step-std: 0.0
val/loss: 0.0
val/loss-std: 0.0
val/mean-predicted-length: 8.894530296325684
val/mean-predicted-length-std: 0.0
val/mean-target-length: 15.263496398925781
val/mean-target-length-std: 0.0
val/next-item-accuracy: 0.44815945625305176
val/next-item-accuracy-std: 0.0
val/next-item-mae: 0.7623066902160645
val/next-item-mae-std: 0.0
val/next-item-map: 0.057115063071250916
val/next-item-map-std: 0.0
val/next-item-map-weighted: 0.28657278418540955
val/next-item-map-weighted-std: 0.0
val/next-item-max-f-score: 0.09860556572675705
val/next-item-max-f-score-std: 0.0
val/next-item-max-f-score-weighted: 0.4079955220222473
val/next-item-max-f-score-weighted-std: 0.0
val/next-item-mean-time-step: 0.9225617051124573
val/next-item-mean-time-step-std: 0.0
val/next-item-rmse: 1.1301665306091309
val/next-item-rmse-std: 0.0
val/next-k-label-distribution-delta: 6.978906154632568
val/next-k-label-distribution-delta-std: 0.0
val/optimal-transport-distance: 13.39340877532959
val/optimal-transport-distance-std: 0.0
val/sequence-labels-entropy: 1.0623948574066162
val/sequence-labels-entropy-std: 0.0
