date: '2025-02-13 13:11:29'
num_seeds: 1
test/T-mAP: 0.1452770084142685
test/T-mAP-std: 0.0
test/T-mAP-weighted: 0.5002155900001526
test/T-mAP-weighted-std: 0.0
test/horizon-max-f-score: 0.2090204805135727
test/horizon-max-f-score-std: 0.0
test/horizon-max-f-score-weighted: 0.5251343846321106
test/horizon-max-f-score-weighted-std: 0.0
test/horizon-mean-time-step: 0.07036663591861725
test/horizon-mean-time-step-std: 0.0
test/loss: 0.0
test/loss-std: 0.0
test/mean-predicted-length: 100.47895812988281
test/mean-predicted-length-std: 0.0
test/mean-target-length: 15.583646774291992
test/mean-target-length-std: 0.0
test/next-item-accuracy: 0.4267117977142334
test/next-item-accuracy-std: 0.0
test/next-item-mae: 0.6693169474601746
test/next-item-mae-std: 0.0
test/next-item-map: 0.05518491566181183
test/next-item-map-std: 0.0
test/next-item-map-weighted: 0.27547910809516907
test/next-item-map-weighted-std: 0.0
test/next-item-max-f-score: 0.09653747826814651
test/next-item-max-f-score-std: 0.0
test/next-item-max-f-score-weighted: 0.3939089775085449
test/next-item-max-f-score-weighted-std: 0.0
test/next-item-mean-time-step: 0.8713108897209167
test/next-item-mean-time-step-std: 0.0
test/next-item-rmse: 1.137034296989441
test/next-item-rmse-std: 0.0
test/next-k-label-distribution-delta: 13.942524909973145
test/next-k-label-distribution-delta-std: 0.0
test/optimal-transport-distance: 17.509300231933594
test/optimal-transport-distance-std: 0.0
test/sequence-labels-entropy: 2.9989137649536133
test/sequence-labels-entropy-std: 0.0
val/T-mAP: 0.15847250819206238
val/T-mAP-std: 0.0
val/T-mAP-weighted: 0.503205418586731
val/T-mAP-weighted-std: 0.0
val/horizon-max-f-score: 0.2293446660041809
val/horizon-max-f-score-std: 0.0
val/horizon-max-f-score-weighted: 0.5298411846160889
val/horizon-max-f-score-weighted-std: 0.0
val/horizon-mean-time-step: 0.06992924213409424
val/horizon-mean-time-step-std: 0.0
val/loss: 0.0
val/loss-std: 0.0
val/mean-predicted-length: 101.10118103027344
val/mean-predicted-length-std: 0.0
val/mean-target-length: 15.263496398925781
val/mean-target-length-std: 0.0
val/next-item-accuracy: 0.4452308416366577
val/next-item-accuracy-std: 0.0
val/next-item-mae: 0.6850649118423462
val/next-item-mae-std: 0.0
val/next-item-map: 0.05765585973858833
val/next-item-map-std: 0.0
val/next-item-map-weighted: 0.28736621141433716
val/next-item-map-weighted-std: 0.0
val/next-item-max-f-score: 0.1000206395983696
val/next-item-max-f-score-std: 0.0
val/next-item-max-f-score-weighted: 0.4077061414718628
val/next-item-max-f-score-weighted-std: 0.0
val/next-item-mean-time-step: 0.9010663628578186
val/next-item-mean-time-step-std: 0.0
val/next-item-rmse: 1.1687521934509277
val/next-item-rmse-std: 0.0
val/next-k-label-distribution-delta: 14.070075035095215
val/next-k-label-distribution-delta-std: 0.0
val/optimal-transport-distance: 17.58806800842285
val/optimal-transport-distance-std: 0.0
val/sequence-labels-entropy: 3.005939245223999
val/sequence-labels-entropy-std: 0.0
