date: '2025-02-19 15:03:17'
num_seeds: 5
test/T-mAP: 0.1334680885076523
test/T-mAP-micro: 0.4347847759723663
test/T-mAP-micro-std: 0.010796224936952776
test/T-mAP-std: 0.0027833436476863357
test/horizon-max-accuracy-micro: 0.49388105869293214
test/horizon-max-accuracy-micro-std: 0.007936772405055342
test/horizon-mean-time-step: 0.7138057112693786
test/horizon-mean-time-step-std: 0.03272318567885527
test/loss: 2.405052423477173
test/loss-std: 0.013463972523894948
test/loss_labels: 1.6186590194702148
test/loss_labels-std: 0.013016769192188865
test/loss_timestamps: 0.7863934636116028
test/loss_timestamps-std: 0.0028623807737281747
test/mean-predicted-length: 12.733561515808105
test/mean-predicted-length-std: 0.40445337735466963
test/mean-target-length: 15.583646774291992
test/mean-target-length-std: 0.0
test/next-item-accuracy: 0.45300158858299255
test/next-item-accuracy-std: 0.0006673715862098018
test/next-item-mae: 0.7170103430747986
test/next-item-mae-std: 0.005833816691894
test/next-item-map: 0.12608107328414916
test/next-item-map-micro: 0.3616628348827362
test/next-item-map-micro-std: 0.0025874487689888344
test/next-item-map-std: 0.003990531255259175
test/next-item-max-accuracy: 0.45469016432762144
test/next-item-max-accuracy-std: 0.0011872635962720055
test/next-item-mean-time-step: 0.8825632214546204
test/next-item-mean-time-step-std: 0.0008415378861744178
test/next-item-rmse: 1.0375248908996582
test/next-item-rmse-std: 0.0016686507291013562
test/next-k-label-distribution-delta: 10.374136352539063
test/next-k-label-distribution-delta-std: 0.009651215210212297
test/optimal-transport-distance: 13.247594833374023
test/optimal-transport-distance-std: 0.04060647437412669
test/sequence-labels-entropy: 0.15924839973449706
test/sequence-labels-entropy-std: 0.008281526758687102
test/timestamps-bias-mean: 0.19843958616256713
test/timestamps-bias-mean-std: 0.018889836551929638
test/timestamps-current_influence: -0.07450177073478699
test/timestamps-current_influence-std: 0.004338436315998832
val/T-mAP: 0.13813436031341553
val/T-mAP-micro: 0.44153430461883547
val/T-mAP-micro-std: 0.009624259233184555
val/T-mAP-std: 0.0029590595481853665
val/horizon-max-accuracy-micro: 0.5056282997131347
val/horizon-max-accuracy-micro-std: 0.009354083489844987
val/horizon-mean-time-step: 0.7096912741661072
val/horizon-mean-time-step-std: 0.03238506232044405
val/loss: 2.3978598594665526
val/loss-std: 0.014352372199917774
val/loss_labels: 1.572498893737793
val/loss_labels-std: 0.013860597056881963
val/loss_timestamps: 0.8253610968589783
val/loss_timestamps-std: 0.002247225122902362
val/mean-predicted-length: 12.666499900817872
val/mean-predicted-length-std: 0.3457626006408144
val/mean-target-length: 15.263496398925781
val/mean-target-length-std: 0.0
val/next-item-accuracy: 0.4696278214454651
val/next-item-accuracy-std: 0.0006392045267800467
val/next-item-mae: 0.7215604543685913
val/next-item-mae-std: 0.005002862601011788
val/next-item-map: 0.12771371752023697
val/next-item-map-micro: 0.37538952827453614
val/next-item-map-micro-std: 0.0027180750114886767
val/next-item-map-std: 0.004006605297226929
val/next-item-max-accuracy: 0.46091659665107726
val/next-item-max-accuracy-std: 0.0005602687464032661
val/next-item-mean-time-step: 0.9095436692237854
val/next-item-mean-time-step-std: 0.0008383745086257504
val/next-item-rmse: 1.0520868062973023
val/next-item-rmse-std: 0.0015517746856710914
val/next-k-label-distribution-delta: 10.074937438964843
val/next-k-label-distribution-delta-std: 0.023260449415314726
val/optimal-transport-distance: 13.002702140808106
val/optimal-transport-distance-std: 0.03185612551044765
val/sequence-labels-entropy: 0.1493564635515213
val/sequence-labels-entropy-std: 0.0060973316484585335
val/timestamps-bias-mean: 0.18211451172828674
val/timestamps-bias-mean-std: 0.0167070949414751
val/timestamps-current_influence: -0.07450177073478699
val/timestamps-current_influence-std: 0.004338436315998832
