date: '2025-02-20 14:25:38'
num_seeds: 5
test/T-mAP: 0.1241062417626381
test/T-mAP-std: 0.00308189679421788
test/T-mAP-weighted: 0.4428143084049225
test/T-mAP-weighted-std: 0.031551712134558894
test/horizon-max-f-score: 0.18151726722717285
test/horizon-max-f-score-std: 0.00462827613412282
test/horizon-max-f-score-weighted: 0.5239001274108886
test/horizon-max-f-score-weighted-std: 0.011621884988724717
test/horizon-mean-time-step: 0.8003907561302185
test/horizon-mean-time-step-std: 0.04082257956839722
test/loss: 2.476525402069092
test/loss-std: 0.11779696604778511
test/loss_nhp: 2.476525402069092
test/loss_nhp-std: 0.11779696604778511
test/mean-predicted-length: 11.894355010986327
test/mean-predicted-length-std: 0.7535514520741275
test/mean-target-length: 15.583646774291992
test/mean-target-length-std: 0.0
test/next-item-accuracy: 0.44117834568023684
test/next-item-accuracy-std: 0.007857496475795969
test/next-item-mae: 0.7353363871574402
test/next-item-mae-std: 0.020974066659020463
test/next-item-map: 0.09895084351301194
test/next-item-map-std: 0.011645182799194184
test/next-item-map-weighted: 0.3375968039035797
test/next-item-map-weighted-std: 0.01170538757774383
test/next-item-max-f-score: 0.15213598906993867
test/next-item-max-f-score-std: 0.015984038097259786
test/next-item-max-f-score-weighted: 0.42879143357276917
test/next-item-max-f-score-weighted-std: 0.008682640126319169
test/next-item-mean-time-step: 0.8796396851539612
test/next-item-mean-time-step-std: 0.0012123742191638947
test/next-item-rmse: 1.0545756101608277
test/next-item-rmse-std: 0.018575717475311577
test/next-k-label-distribution-delta: 10.699418640136718
test/next-k-label-distribution-delta-std: 0.13889686421844785
test/optimal-transport-distance: 13.457738494873047
test/optimal-transport-distance-std: 0.2688214487116697
test/sequence-labels-entropy: 0.035346243530511856
test/sequence-labels-entropy-std: 0.018234296582646817
test/thinning_accepted: 49.53465728759765
test/thinning_accepted-std: 0.3315396266278624
val/T-mAP: 0.13119252324104308
val/T-mAP-std: 0.002554125455597721
val/T-mAP-weighted: 0.4511506199836731
val/T-mAP-weighted-std: 0.0331821905466289
val/horizon-max-f-score: 0.18880915343761445
val/horizon-max-f-score-std: 0.0068838392233277505
val/horizon-max-f-score-weighted: 0.5332848429679871
val/horizon-max-f-score-weighted-std: 0.011847490259667977
val/horizon-mean-time-step: 0.8014089822769165
val/horizon-mean-time-step-std: 0.039293146300351765
val/loss: 2.4687644958496096
val/loss-std: 0.1189980047119145
val/loss_nhp: 2.4687644958496096
val/loss_nhp-std: 0.1189980047119145
val/mean-predicted-length: 11.848051643371582
val/mean-predicted-length-std: 0.6954009230517816
val/mean-target-length: 15.263496398925781
val/mean-target-length-std: 0.0
val/next-item-accuracy: 0.45928817987442017
val/next-item-accuracy-std: 0.011220444167028788
val/next-item-mae: 0.7397600412368774
val/next-item-mae-std: 0.019079443188094635
val/next-item-map: 0.10133876949548722
val/next-item-map-std: 0.01148633001915766
val/next-item-map-weighted: 0.35219213366508484
val/next-item-map-weighted-std: 0.01363391900650771
val/next-item-max-f-score: 0.15765824615955354
val/next-item-max-f-score-std: 0.016261464160249376
val/next-item-max-f-score-weighted: 0.4434284567832947
val/next-item-max-f-score-weighted-std: 0.008692245126640682
val/next-item-mean-time-step: 0.9082124352455139
val/next-item-mean-time-step-std: 0.0011448193012674503
val/next-item-rmse: 1.073262095451355
val/next-item-rmse-std: 0.01897441794186184
val/next-k-label-distribution-delta: 10.437039566040038
val/next-k-label-distribution-delta-std: 0.22984359295067236
val/optimal-transport-distance: 13.266320991516114
val/optimal-transport-distance-std: 0.30969431443419276
val/sequence-labels-entropy: 0.03184082687366754
val/sequence-labels-entropy-std: 0.016907532341616727
val/thinning_accepted: 49.54762496948242
val/thinning_accepted-std: 0.37126965348499924
