date: '2025-01-27 13:03:22'
num_seeds: 5
test/T-mAP: 0.12405433356761933
test/T-mAP-micro: 0.47543073892593385
test/T-mAP-micro-std: 0.02323910415387056
test/T-mAP-std: 0.005067125613971133
test/horizon-max-accuracy-micro: 0.5659941673278809
test/horizon-max-accuracy-micro-std: 0.003641175862939173
test/horizon-mean-time-step: 0.5225409150123597
test/horizon-mean-time-step-std: 0.0657613198322959
test/loss: 0.8259267568588257
test/loss-std: 0.03827424626921336
test/loss_decoder_labels: 0.018054911866784096
test/loss_decoder_labels-std: 0.0036130985474906625
test/loss_decoder_timestamps: 0.01767727453261614
test/loss_decoder_timestamps-std: 0.007206396069390245
test/loss_diffusion: 0.7901524543762207
test/loss_diffusion-std: 0.042865856523019684
test/loss_embedder: 4.2153201502515006e-05
test/loss_embedder-std: 4.782166773244881e-06
test/mean-predicted-length: 15.264727973937989
test/mean-predicted-length-std: 0.5812649944367747
test/mean-target-length: 15.583646774291992
test/mean-target-length-std: 0.0
test/next-item-accuracy: 0.29860668182373046
test/next-item-accuracy-std: 0.03795402148024535
test/next-item-mae: 0.694744610786438
test/next-item-mae-std: 0.009718721572310478
test/next-item-map: 0.06481538116931915
test/next-item-map-micro: 0.29685219526290896
test/next-item-map-micro-std: 0.0032293634147264787
test/next-item-map-std: 0.0018124932431661665
test/next-item-max-accuracy: 0.43317527174949644
test/next-item-max-accuracy-std: 0.0014850323062842105
test/next-item-mean-time-step: 0.8934704422950744
test/next-item-mean-time-step-std: 0.0033748389297213444
test/next-item-rmse: 1.1221073627471925
test/next-item-rmse-std: 0.028804820520045054
test/next-k-label-distribution-delta: 8.649880504608154
test/next-k-label-distribution-delta-std: 0.9854422274104331
test/optimal-transport-distance: 14.073028373718262
test/optimal-transport-distance-std: 0.5734553271740958
test/sequence-labels-entropy: 1.2740347385406494
test/sequence-labels-entropy-std: 0.08862823967312107
val/T-mAP: 0.12830019146203994
val/T-mAP-micro: 0.48038139939308167
val/T-mAP-micro-std: 0.023621381602469342
val/T-mAP-std: 0.004379231569308069
val/horizon-max-accuracy-micro: 0.5766348838806152
val/horizon-max-accuracy-micro-std: 0.003836773745561293
val/horizon-mean-time-step: 0.5270211517810821
val/horizon-mean-time-step-std: 0.0666548546438208
val/loss: 0.8170695781707764
val/loss-std: 0.03622410346724045
val/loss_decoder_labels: 0.018480725958943366
val/loss_decoder_labels-std: 0.0035252137485110376
val/loss_decoder_timestamps: 0.017831647023558616
val/loss_decoder_timestamps-std: 0.007178172682522874
val/loss_diffusion: 0.7807148098945618
val/loss_diffusion-std: 0.040947458793043574
val/loss_embedder: 4.241863134666346e-05
val/loss_embedder-std: 4.9249921543754766e-06
val/mean-predicted-length: 15.22045021057129
val/mean-predicted-length-std: 0.6189182591873534
val/mean-target-length: 15.263496398925781
val/mean-target-length-std: 0.0
val/next-item-accuracy: 0.3143217384815216
val/next-item-accuracy-std: 0.0392183362853817
val/next-item-mae: 0.710072910785675
val/next-item-mae-std: 0.012408029258119057
val/next-item-map: 0.06790774166584015
val/next-item-map-micro: 0.314056932926178
val/next-item-map-micro-std: 0.002052535705408355
val/next-item-map-std: 0.001407115863037257
val/next-item-max-accuracy: 0.4365538775920868
val/next-item-max-accuracy-std: 0.002764269803021482
val/next-item-mean-time-step: 0.9216347217559815
val/next-item-mean-time-step-std: 0.0034170780270824635
val/next-item-rmse: 1.148484468460083
val/next-item-rmse-std: 0.03115451260639135
val/next-k-label-distribution-delta: 8.45977849960327
val/next-k-label-distribution-delta-std: 0.9403216289804868
val/optimal-transport-distance: 13.943877410888671
val/optimal-transport-distance-std: 0.5840241102555881
val/sequence-labels-entropy: 1.2501353740692138
val/sequence-labels-entropy-std: 0.08643849476826354
