date: '2025-02-12 17:30:04'
num_seeds: 1
test/T-mAP: 0.08157821744680405
test/T-mAP-std: 0.0
test/T-mAP-weighted: 0.3611506521701813
test/T-mAP-weighted-std: 0.0
test/horizon-max-f-score: 0.17022976279258728
test/horizon-max-f-score-std: 0.0
test/horizon-max-f-score-weighted: 0.5258626341819763
test/horizon-max-f-score-weighted-std: 0.0
test/horizon-mean-time-step: 0.7066007256507874
test/horizon-mean-time-step-std: 0.0
test/loss: 0.0
test/loss-std: 0.0
test/mean-predicted-length: 9.76154613494873
test/mean-predicted-length-std: 0.0
test/mean-target-length: 15.583646774291992
test/mean-target-length-std: 0.0
test/next-item-accuracy: 0.42898088693618774
test/next-item-accuracy-std: 0.0
test/next-item-mae: 0.6024281978607178
test/next-item-mae-std: 0.0
test/next-item-map: 0.054535601288080215
test/next-item-map-std: 0.0
test/next-item-map-weighted: 0.27423617243766785
test/next-item-map-weighted-std: 0.0
test/next-item-max-f-score: 0.09506861865520477
test/next-item-max-f-score-std: 0.0
test/next-item-max-f-score-weighted: 0.39313074946403503
test/next-item-max-f-score-weighted-std: 0.0
test/next-item-mean-time-step: 0.8867343068122864
test/next-item-mean-time-step-std: 0.0
test/next-item-rmse: 0.7922180891036987
test/next-item-rmse-std: 0.0
test/next-k-label-distribution-delta: 7.082449913024902
test/next-k-label-distribution-delta-std: 0.0
test/optimal-transport-distance: 13.149943351745605
test/optimal-transport-distance-std: 0.0
test/sequence-labels-entropy: 1.2911454439163208
test/sequence-labels-entropy-std: 0.0
val/T-mAP: 0.08969986438751221
val/T-mAP-std: 0.0
val/T-mAP-weighted: 0.361416757106781
val/T-mAP-weighted-std: 0.0
val/horizon-max-f-score: 0.19695383310317993
val/horizon-max-f-score-std: 0.0
val/horizon-max-f-score-weighted: 0.5315685868263245
val/horizon-max-f-score-weighted-std: 0.0
val/horizon-mean-time-step: 0.7267296314239502
val/horizon-mean-time-step-std: 0.0
val/loss: 0.0
val/loss-std: 0.0
val/mean-predicted-length: 9.723275184631348
val/mean-predicted-length-std: 0.0
val/mean-target-length: 15.263496398925781
val/mean-target-length-std: 0.0
val/next-item-accuracy: 0.44815945625305176
val/next-item-accuracy-std: 0.0
val/next-item-mae: 0.613935649394989
val/next-item-mae-std: 0.0
val/next-item-map: 0.057115063071250916
val/next-item-map-std: 0.0
val/next-item-map-weighted: 0.28657278418540955
val/next-item-map-weighted-std: 0.0
val/next-item-max-f-score: 0.09860556572675705
val/next-item-max-f-score-std: 0.0
val/next-item-max-f-score-weighted: 0.4079955220222473
val/next-item-max-f-score-weighted-std: 0.0
val/next-item-mean-time-step: 0.9170283675193787
val/next-item-mean-time-step-std: 0.0
val/next-item-rmse: 0.8028814792633057
val/next-item-rmse-std: 0.0
val/next-k-label-distribution-delta: 6.978906154632568
val/next-k-label-distribution-delta-std: 0.0
val/optimal-transport-distance: 13.115029335021973
val/optimal-transport-distance-std: 0.0
val/sequence-labels-entropy: 1.2361440658569336
val/sequence-labels-entropy-std: 0.0
