date: '2025-01-23 15:45:48'
num_seeds: 5
test/T-mAP: 0.0925249844789505
test/T-mAP-micro: 0.3094090521335602
test/T-mAP-micro-std: 0.02908776908324005
test/T-mAP-std: 0.0048601408875327
test/horizon-max-accuracy-micro: 0.45532447695732114
test/horizon-max-accuracy-micro-std: 0.0034100421815726673
test/horizon-mean-time-step: 0.4100025475025177
test/horizon-mean-time-step-std: 0.05139107892486762
test/loss: 2.2747750759124754
test/loss-std: 0.029305427256281238
test/loss_labels: 1.628861927986145
test/loss_labels-std: 0.026653019775790553
test/loss_timestamps: 0.6459131121635437
test/loss_timestamps-std: 0.0034486372436679405
test/mean-predicted-length: 22.186520767211913
test/mean-predicted-length-std: 1.9984263184534552
test/mean-target-length: 15.583646774291992
test/mean-target-length-std: 0.0
test/next-item-accuracy: 0.4528025448322296
test/next-item-accuracy-std: 0.0012747772350395511
test/next-item-mae: 0.6449957966804505
test/next-item-mae-std: 0.0034730295259606486
test/next-item-map: 0.12492886036634446
test/next-item-map-micro: 0.3605292856693268
test/next-item-map-micro-std: 0.00542832228126751
test/next-item-map-std: 0.007562786167119214
test/next-item-max-accuracy: 0.45432098507881163
test/next-item-max-accuracy-std: 0.0013317344608356596
test/next-item-mean-time-step: 0.8730102777481079
test/next-item-mean-time-step-std: 0.0013046559629273952
test/next-item-rmse: 1.070034122467041
test/next-item-rmse-std: 0.009715918799670788
test/next-k-label-distribution-delta: 10.38125228881836
test/next-k-label-distribution-delta-std: 0.0422638354494752
test/optimal-transport-distance: 13.511821937561034
test/optimal-transport-distance-std: 0.1355452104745171
test/sequence-labels-entropy: 0.14857160449028015
test/sequence-labels-entropy-std: 0.004228046106317159
val/T-mAP: 0.09690915495157242
val/T-mAP-micro: 0.3090408146381378
val/T-mAP-micro-std: 0.027261314410544454
val/T-mAP-std: 0.005619367321010261
val/horizon-max-accuracy-micro: 0.4571250379085541
val/horizon-max-accuracy-micro-std: 0.004646756638072843
val/horizon-mean-time-step: 0.4088562190532684
val/horizon-mean-time-step-std: 0.050493250678893264
val/loss: 2.2440719604492188
val/loss-std: 0.02839532922613273
val/loss_labels: 1.5830359220504762
val/loss_labels-std: 0.025910377623037207
val/loss_timestamps: 0.6610361695289612
val/loss_timestamps-std: 0.0035456753747053205
val/mean-predicted-length: 22.29352912902832
val/mean-predicted-length-std: 1.9603198560658155
val/mean-target-length: 15.263496398925781
val/mean-target-length-std: 0.0
val/next-item-accuracy: 0.4689200758934021
val/next-item-accuracy-std: 0.0009824896950921932
val/next-item-mae: 0.6584033370018005
val/next-item-mae-std: 0.0035711004106092313
val/next-item-map: 0.12655770033597946
val/next-item-map-micro: 0.3746138036251068
val/next-item-map-micro-std: 0.005957289377014827
val/next-item-map-std: 0.007039592663510077
val/next-item-max-accuracy: 0.4613525152206421
val/next-item-max-accuracy-std: 0.0018305223449649518
val/next-item-mean-time-step: 0.9018831491470337
val/next-item-mean-time-step-std: 0.0014888179219550595
val/next-item-rmse: 1.0949734449386597
val/next-item-rmse-std: 0.010135452784167037
val/next-k-label-distribution-delta: 10.067071723937989
val/next-k-label-distribution-delta-std: 0.03852117901690682
val/optimal-transport-distance: 13.394966506958008
val/optimal-transport-distance-std: 0.16313280158348858
val/sequence-labels-entropy: 0.14107437431812286
val/sequence-labels-entropy-std: 0.004291500644346005
