date: '2025-01-31 17:44:41'
num_seeds: 5
test/T-mAP: 0.15072798430919648
test/T-mAP-micro: 0.5201624095439911
test/T-mAP-micro-std: 0.023631770937650853
test/T-mAP-std: 0.007446929567520414
test/horizon-max-accuracy-micro: 0.5728723883628846
test/horizon-max-accuracy-micro-std: 0.004165622400741893
test/horizon-mean-time-step: 0.6119160652160645
test/horizon-mean-time-step-std: 0.04039799224755343
test/loss: 2.9073016166687013
test/loss-std: 0.02950952041026041
test/loss_decoder_labels: 1.3815784692764281
test/loss_decoder_labels-std: 0.020769706098150417
test/loss_decoder_timestamps: 0.5767284154891967
test/loss_decoder_timestamps-std: 0.0029325220376268594
test/loss_diffusion: 0.9489481210708618
test/loss_diffusion-std: 0.03592827545474556
test/loss_embedder_regularizer: 4.6637104969704526e-05
test/loss_embedder_regularizer-std: 4.880659699377804e-06
test/mean-predicted-length: 14.410537147521973
test/mean-predicted-length-std: 0.38238666591560544
test/mean-target-length: 15.583646774291992
test/mean-target-length-std: 0.0
test/next-item-accuracy: 0.3703343987464905
test/next-item-accuracy-std: 0.012365591351150958
test/next-item-mae: 0.6679861307144165
test/next-item-mae-std: 0.00579306289364646
test/next-item-map: 0.07476695775985717
test/next-item-map-micro: 0.3070864975452423
test/next-item-map-micro-std: 0.0033189129294214225
test/next-item-map-std: 0.0016286616903122835
test/next-item-max-accuracy: 0.4334588885307312
test/next-item-max-accuracy-std: 0.001574036980447064
test/next-item-mean-time-step: 0.8885485649108886
test/next-item-mean-time-step-std: 0.0029918349689580827
test/next-item-rmse: 1.080188226699829
test/next-item-rmse-std: 0.016110701861669414
test/next-k-label-distribution-delta: 7.252685832977295
test/next-k-label-distribution-delta-std: 0.16812119231457517
test/optimal-transport-distance: 13.01436252593994
test/optimal-transport-distance-std: 0.15808083714466517
test/sequence-labels-entropy: 1.053275465965271
test/sequence-labels-entropy-std: 0.05669303626336462
val/T-mAP: 0.15803132355213165
val/T-mAP-micro: 0.5269872307777405
val/T-mAP-micro-std: 0.025480114960535087
val/T-mAP-std: 0.008543075465111223
val/horizon-max-accuracy-micro: 0.5835079550743103
val/horizon-max-accuracy-micro-std: 0.0038729340100828215
val/horizon-mean-time-step: 0.6112551212310791
val/horizon-mean-time-step-std: 0.04045915531813427
val/loss: 2.869500970840454
val/loss-std: 0.024648155190072928
val/loss_decoder_labels: 1.3342175960540772
val/loss_decoder_labels-std: 0.020204704046195596
val/loss_decoder_timestamps: 0.5945953607559205
val/loss_decoder_timestamps-std: 0.0028102904311903647
val/loss_diffusion: 0.9406411409378052
val/loss_diffusion-std: 0.033348944645968194
val/loss_embedder_regularizer: 4.694175731856376e-05
val/loss_embedder_regularizer-std: 5.026170513632273e-06
val/mean-predicted-length: 14.427029037475586
val/mean-predicted-length-std: 0.3905166827357341
val/mean-target-length: 15.263496398925781
val/mean-target-length-std: 0.0
val/next-item-accuracy: 0.3857555389404297
val/next-item-accuracy-std: 0.015001854624475574
val/next-item-mae: 0.6802897810935974
val/next-item-mae-std: 0.005077334325474936
val/next-item-map: 0.07850888818502426
val/next-item-map-micro: 0.32239781618118285
val/next-item-map-micro-std: 0.0017050619636054271
val/next-item-map-std: 0.0006738939907869533
val/next-item-max-accuracy: 0.4367899179458618
val/next-item-max-accuracy-std: 0.001985697461166274
val/next-item-mean-time-step: 0.916281008720398
val/next-item-mean-time-step-std: 0.002767727952648725
val/next-item-rmse: 1.106162428855896
val/next-item-rmse-std: 0.017166782808434044
val/next-k-label-distribution-delta: 6.9982123374938965
val/next-k-label-distribution-delta-std: 0.15486373415193333
val/optimal-transport-distance: 12.867492294311523
val/optimal-transport-distance-std: 0.16718533730376256
val/sequence-labels-entropy: 1.0252260088920593
val/sequence-labels-entropy-std: 0.057566817798427074
