date: '2025-02-13 13:58:12'
num_seeds: 1
test/T-mAP: 0.14897491037845612
test/T-mAP-std: 0.0
test/T-mAP-weighted: 0.4991776943206787
test/T-mAP-weighted-std: 0.0
test/horizon-max-f-score: 0.2107134461402893
test/horizon-max-f-score-std: 0.0
test/horizon-max-f-score-weighted: 0.5254015922546387
test/horizon-max-f-score-weighted-std: 0.0
test/horizon-mean-time-step: 0.0958418995141983
test/horizon-mean-time-step-std: 0.0
test/loss: 0.0
test/loss-std: 0.0
test/mean-predicted-length: 74.03694915771484
test/mean-predicted-length-std: 0.0
test/mean-target-length: 15.583646774291992
test/mean-target-length-std: 0.0
test/next-item-accuracy: 0.42511942982673645
test/next-item-accuracy-std: 0.0
test/next-item-mae: 0.6693170666694641
test/next-item-mae-std: 0.0
test/next-item-map: 0.05607367679476738
test/next-item-map-std: 0.0
test/next-item-map-weighted: 0.27356794476509094
test/next-item-map-weighted-std: 0.0
test/next-item-max-f-score: 0.09898494929075241
test/next-item-max-f-score-std: 0.0
test/next-item-max-f-score-weighted: 0.3932129144668579
test/next-item-max-f-score-weighted-std: 0.0
test/next-item-mean-time-step: 0.8713107109069824
test/next-item-mean-time-step-std: 0.0
test/next-item-rmse: 1.137034296989441
test/next-item-rmse-std: 0.0
test/next-k-label-distribution-delta: 13.009237289428711
test/next-k-label-distribution-delta-std: 0.0
test/optimal-transport-distance: 17.286712646484375
test/optimal-transport-distance-std: 0.0
test/sequence-labels-entropy: 2.6795730590820312
test/sequence-labels-entropy-std: 0.0
val/T-mAP: 0.16227294504642487
val/T-mAP-std: 0.0
val/T-mAP-weighted: 0.5061533451080322
val/T-mAP-weighted-std: 0.0
val/horizon-max-f-score: 0.23307155072689056
val/horizon-max-f-score-std: 0.0
val/horizon-max-f-score-weighted: 0.5301313400268555
val/horizon-max-f-score-weighted-std: 0.0
val/horizon-mean-time-step: 0.10177623480558395
val/horizon-mean-time-step-std: 0.0
val/loss: 0.0
val/loss-std: 0.0
val/mean-predicted-length: 69.77833557128906
val/mean-predicted-length-std: 0.0
val/mean-target-length: 15.263496398925781
val/mean-target-length-std: 0.0
val/next-item-accuracy: 0.44425463676452637
val/next-item-accuracy-std: 0.0
val/next-item-mae: 0.685064971446991
val/next-item-mae-std: 0.0
val/next-item-map: 0.05716729536652565
val/next-item-map-std: 0.0
val/next-item-map-weighted: 0.2887149751186371
val/next-item-map-weighted-std: 0.0
val/next-item-max-f-score: 0.09973099082708359
val/next-item-max-f-score-std: 0.0
val/next-item-max-f-score-weighted: 0.4066978693008423
val/next-item-max-f-score-weighted-std: 0.0
val/next-item-mean-time-step: 0.9010663628578186
val/next-item-mean-time-step-std: 0.0
val/next-item-rmse: 1.1687521934509277
val/next-item-rmse-std: 0.0
val/next-k-label-distribution-delta: 12.976760864257812
val/next-k-label-distribution-delta-std: 0.0
val/optimal-transport-distance: 17.30023193359375
val/optimal-transport-distance-std: 0.0
val/sequence-labels-entropy: 2.625316858291626
val/sequence-labels-entropy-std: 0.0
