date: '2025-02-12 13:44:35'
num_seeds: 5
test/T-mAP: 0.14785736799240112
test/T-mAP-std: 0.0
test/T-mAP-weighted: 0.49682295322418213
test/T-mAP-weighted-std: 0.0
test/horizon-max-f-score: 0.2086988091468811
test/horizon-max-f-score-std: 0.0
test/horizon-max-f-score-weighted: 0.523000180721283
test/horizon-max-f-score-weighted-std: 0.0
test/horizon-mean-time-step: 0.07036663591861725
test/horizon-mean-time-step-std: 0.0
test/loss: 0.0
test/loss-std: 0.0
test/mean-predicted-length: 100.47895812988281
test/mean-predicted-length-std: 0.0
test/mean-target-length: 15.583646774291992
test/mean-target-length-std: 0.0
test/next-item-accuracy: 0.38925158977508545
test/next-item-accuracy-std: 0.0
test/next-item-mae: 0.6774866580963135
test/next-item-mae-std: 0.0
test/next-item-map: 0.05427506938576698
test/next-item-map-std: 0.0
test/next-item-map-weighted: 0.27616408467292786
test/next-item-map-weighted-std: 0.0
test/next-item-max-f-score: 0.09239956736564636
test/next-item-max-f-score-std: 0.0
test/next-item-max-f-score-weighted: 0.38292044401168823
test/next-item-max-f-score-weighted-std: 0.0
test/next-item-mean-time-step: 0.8847661018371582
test/next-item-mean-time-step-std: 0.0
test/next-item-rmse: 1.1501729488372803
test/next-item-rmse-std: 0.0
test/next-k-label-distribution-delta: 14.401642799377441
test/next-k-label-distribution-delta-std: 0.0
test/optimal-transport-distance: 17.645740509033203
test/optimal-transport-distance-std: 0.0
test/sequence-labels-entropy: 2.9989137649536133
test/sequence-labels-entropy-std: 0.0
val/T-mAP: 0.15576675534248352
val/T-mAP-std: 0.0
val/T-mAP-weighted: 0.4986056089401245
val/T-mAP-weighted-std: 0.0
val/horizon-max-f-score: 0.22790588438510895
val/horizon-max-f-score-std: 0.0
val/horizon-max-f-score-weighted: 0.5236688256263733
val/horizon-max-f-score-weighted-std: 0.0
val/horizon-mean-time-step: 0.06992924213409424
val/horizon-mean-time-step-std: 0.0
val/loss: 0.0
val/loss-std: 0.0
val/mean-predicted-length: 101.10118103027344
val/mean-predicted-length-std: 0.0
val/mean-target-length: 15.263496398925781
val/mean-target-length-std: 0.0
val/next-item-accuracy: 0.4087451696395874
val/next-item-accuracy-std: 0.0
val/next-item-mae: 0.6943236589431763
val/next-item-mae-std: 0.0
val/next-item-map: 0.05559368431568146
val/next-item-map-std: 0.0
val/next-item-map-weighted: 0.2862917482852936
val/next-item-map-weighted-std: 0.0
val/next-item-max-f-score: 0.09592241793870926
val/next-item-max-f-score-std: 0.0
val/next-item-max-f-score-weighted: 0.3981481194496155
val/next-item-max-f-score-weighted-std: 0.0
val/next-item-mean-time-step: 0.9162442684173584
val/next-item-mean-time-step-std: 0.0
val/next-item-rmse: 1.1810868978500366
val/next-item-rmse-std: 0.0
val/next-k-label-distribution-delta: 14.51912784576416
val/next-k-label-distribution-delta-std: 0.0
val/optimal-transport-distance: 17.715866088867188
val/optimal-transport-distance-std: 0.0
val/sequence-labels-entropy: 3.005939245223999
val/sequence-labels-entropy-std: 0.0
