date: '2025-01-30 16:01:07'
num_seeds: 5
test/T-mAP: 0.14464449584484101
test/T-mAP-micro: 0.5171692490577697
test/T-mAP-micro-std: 0.000572294653321416
test/T-mAP-std: 0.002167325102504214
test/horizon-max-accuracy-micro: 0.5673597097396851
test/horizon-max-accuracy-micro-std: 0.0022342854190703283
test/horizon-mean-time-step: 0.527660608291626
test/horizon-mean-time-step-std: 0.01410096765864562
test/loss: 2.4906959533691406
test/loss-std: 0.08328936006928983
test/loss_decoder_labels: 1.5264381885528564
test/loss_decoder_labels-std: 0.010655653784406896
test/loss_decoder_timestamps: 0.5974254846572876
test/loss_decoder_timestamps-std: 0.005168507747848083
test/loss_diffusion: 0.3668109655380249
test/loss_diffusion-std: 0.07037440627548056
test/loss_embedder_regularizer: 2.1272596131893807e-05
test/loss_embedder_regularizer-std: 4.534534243330434e-06
test/mean-predicted-length: 15.720355606079101
test/mean-predicted-length-std: 0.19662937072615516
test/mean-target-length: 15.583646774291992
test/mean-target-length-std: 0.0
test/next-item-accuracy: 0.3694984018802643
test/next-item-accuracy-std: 0.01810927084167259
test/next-item-mae: 0.6643187761306762
test/next-item-mae-std: 0.0015733258846863322
test/next-item-map: 0.0730546087026596
test/next-item-map-micro: 0.3076935946941376
test/next-item-map-micro-std: 0.004159699197287166
test/next-item-map-std: 0.002199895127427508
test/next-item-max-accuracy: 0.4337962865829468
test/next-item-max-accuracy-std: 0.0025693340773455804
test/next-item-mean-time-step: 0.8815997123718262
test/next-item-mean-time-step-std: 0.0029751875205350346
test/next-item-rmse: 1.0958131551742554
test/next-item-rmse-std: 0.008725954026522575
test/next-k-label-distribution-delta: 7.45699634552002
test/next-k-label-distribution-delta-std: 0.28553208358536514
test/optimal-transport-distance: 13.272644996643066
test/optimal-transport-distance-std: 0.23825569984118947
test/sequence-labels-entropy: 1.103196954727173
test/sequence-labels-entropy-std: 0.16456866524822997
val/T-mAP: 0.1530807077884674
val/T-mAP-micro: 0.5274296283721924
val/T-mAP-micro-std: 0.0015464971041181073
val/T-mAP-std: 0.003922287684515274
val/horizon-max-accuracy-micro: 0.5769070625305176
val/horizon-max-accuracy-micro-std: 0.0015142883056805116
val/horizon-mean-time-step: 0.5317198872566223
val/horizon-mean-time-step-std: 0.014671862492396078
val/loss: 2.449462890625
val/loss-std: 0.08143810156086224
val/loss_decoder_labels: 1.4727125406265258
val/loss_decoder_labels-std: 0.010210460279647095
val/loss_decoder_timestamps: 0.6155115008354187
val/loss_decoder_timestamps-std: 0.004999528858152079
val/loss_diffusion: 0.3612174689769745
val/loss_diffusion-std: 0.06986365727032377
val/loss_embedder_regularizer: 2.135427057510242e-05
val/loss_embedder_regularizer-std: 4.627703887448945e-06
val/mean-predicted-length: 15.69638900756836
val/mean-predicted-length-std: 0.2090986785468224
val/mean-target-length: 15.263496398925781
val/mean-target-length-std: 0.0
val/next-item-accuracy: 0.38602399826049805
val/next-item-accuracy-std: 0.01844541631573292
val/next-item-mae: 0.6783907771110534
val/next-item-mae-std: 0.002671131563760916
val/next-item-map: 0.07644442915916443
val/next-item-map-micro: 0.32213475108146666
val/next-item-map-micro-std: 0.0036588663184232368
val/next-item-map-std: 0.0023577159929949647
val/next-item-max-accuracy: 0.43776185512542726
val/next-item-max-accuracy-std: 0.002205233940567604
val/next-item-mean-time-step: 0.910045325756073
val/next-item-mean-time-step-std: 0.0028828625590148044
val/next-item-rmse: 1.1223246574401855
val/next-item-rmse-std: 0.010177734523244266
val/next-k-label-distribution-delta: 7.197282695770264
val/next-k-label-distribution-delta-std: 0.3327746661642824
val/optimal-transport-distance: 13.104387855529785
val/optimal-transport-distance-std: 0.24223075674248445
val/sequence-labels-entropy: 1.0744621634483338
val/sequence-labels-entropy-std: 0.16397772711903286
