date: '2025-01-25 09:42:55'
num_seeds: 5
test/T-mAP: 0.11855965405702591
test/T-mAP-micro: 0.45030552744865415
test/T-mAP-micro-std: 0.016426189544218227
test/T-mAP-std: 0.005959128010807291
test/horizon-max-accuracy-micro: 0.5585777163505554
test/horizon-max-accuracy-micro-std: 0.005847378137695149
test/horizon-mean-time-step: 0.5357795596122742
test/horizon-mean-time-step-std: 0.029562733837057723
test/loss: 0.736716628074646
test/loss-std: 0.06936146309127224
test/loss_decoder_labels: 0.034696048498153685
test/loss_decoder_labels-std: 0.019505817408159046
test/loss_decoder_timestamps: 0.029041063599288465
test/loss_decoder_timestamps-std: 0.013958100394372591
test/loss_diffusion: 0.672943651676178
test/loss_diffusion-std: 0.09785232058830491
test/loss_embedder: 3.586148050089832e-05
test/loss_embedder-std: 8.147657728381664e-06
test/mean-predicted-length: 15.027916526794433
test/mean-predicted-length-std: 0.24744165505279556
test/mean-target-length: 15.583646774291992
test/mean-target-length-std: 0.0
test/next-item-accuracy: 0.33194267749786377
test/next-item-accuracy-std: 0.02538918448367194
test/next-item-mae: 0.6957517623901367
test/next-item-mae-std: 0.0132247785790724
test/next-item-map: 0.07003575265407562
test/next-item-map-micro: 0.3062953889369965
test/next-item-map-micro-std: 0.0036278245260641722
test/next-item-map-std: 0.003366206495288322
test/next-item-max-accuracy: 0.43653374910354614
test/next-item-max-accuracy-std: 0.0023671597417033656
test/next-item-mean-time-step: 0.8857862234115601
test/next-item-mean-time-step-std: 0.006781143637028059
test/next-item-rmse: 1.1237003326416015
test/next-item-rmse-std: 0.023822052960480164
test/next-k-label-distribution-delta: 8.471296787261963
test/next-k-label-distribution-delta-std: 1.0196179218645816
test/optimal-transport-distance: 13.732242965698243
test/optimal-transport-distance-std: 0.5544740271390288
test/sequence-labels-entropy: 1.007710087299347
test/sequence-labels-entropy-std: 0.13586106805995385
val/T-mAP: 0.1236318826675415
val/T-mAP-micro: 0.4539367198944092
val/T-mAP-micro-std: 0.016057021620449956
val/T-mAP-std: 0.005855764116153383
val/horizon-max-accuracy-micro: 0.569354259967804
val/horizon-max-accuracy-micro-std: 0.008121536391635141
val/horizon-mean-time-step: 0.5342984557151794
val/horizon-mean-time-step-std: 0.02862224163498558
val/loss: 0.7280978441238404
val/loss-std: 0.06855042846222432
val/loss_decoder_labels: 0.034282220900058745
val/loss_decoder_labels-std: 0.01819423818643984
val/loss_decoder_timestamps: 0.029058418050408364
val/loss_decoder_timestamps-std: 0.013625659614663194
val/loss_diffusion: 0.664721143245697
val/loss_diffusion-std: 0.09580692217627357
val/loss_embedder: 3.608941951824818e-05
val/loss_embedder-std: 8.314768140996492e-06
val/mean-predicted-length: 15.006364250183106
val/mean-predicted-length-std: 0.2447051287489683
val/mean-target-length: 15.263496398925781
val/mean-target-length-std: 0.0
val/next-item-accuracy: 0.35032743215560913
val/next-item-accuracy-std: 0.027209884922670652
val/next-item-mae: 0.7102389454841613
val/next-item-mae-std: 0.01536587233705252
val/next-item-map: 0.07354885041713714
val/next-item-map-micro: 0.3236627638339996
val/next-item-map-micro-std: 0.0042225612171917695
val/next-item-map-std: 0.0031581358365668955
val/next-item-max-accuracy: 0.44169360399246216
val/next-item-max-accuracy-std: 0.0015899474580468047
val/next-item-mean-time-step: 0.9140400767326355
val/next-item-mean-time-step-std: 0.006077748812872085
val/next-item-rmse: 1.1500957250595092
val/next-item-rmse-std: 0.025336790080015315
val/next-k-label-distribution-delta: 8.258419704437255
val/next-k-label-distribution-delta-std: 1.0206811647164578
val/optimal-transport-distance: 13.671966743469238
val/optimal-transport-distance-std: 0.5688721950528751
val/sequence-labels-entropy: 0.9860585927963257
val/sequence-labels-entropy-std: 0.13227621750952254
