date: '2025-11-21 08:48:55'
num_seeds: 5
test/T-mAP: 0.08524920791387558
test/T-mAP-std: 0.0
test/T-mAP-weighted: 0.37198004126548767
test/T-mAP-weighted-std: 0.0
test/horizon-edit-distance: 0.6421154141426086
test/horizon-edit-distance-std: 0.0
test/horizon-f1-score-micro: 0.4439542591571808
test/horizon-f1-score-micro-std: 0.0
test/horizon-max-f-score: 0.1696465164422989
test/horizon-max-f-score-std: 0.0
test/horizon-max-f-score-weighted: 0.5269994139671326
test/horizon-max-f-score-weighted-std: 0.0
test/horizon-mean-time-step: 0.7714990973472595
test/horizon-mean-time-step-std: 0.0
test/loss: 0.0
test/loss-std: 0.0
test/mean-predicted-length: 9.541224479675293
test/mean-predicted-length-std: 0.0
test/mean-target-length: 15.583646774291992
test/mean-target-length-std: 0.0
test/next-item-accuracy: 0.42898088693618774
test/next-item-accuracy-std: 0.0
test/next-item-mae: 0.6160727143287659
test/next-item-mae-std: 0.0
test/next-item-map: 0.054801661521196365
test/next-item-map-std: 0.0
test/next-item-map-weighted: 0.2733115255832672
test/next-item-map-weighted-std: 0.0
test/next-item-max-f-score: 0.09511425346136093
test/next-item-max-f-score-std: 0.0
test/next-item-max-f-score-weighted: 0.39325737953186035
test/next-item-max-f-score-weighted-std: 0.0
test/next-item-mean-time-step: 0.8899652361869812
test/next-item-mean-time-step-std: 0.0
test/next-item-rmse: 0.8012419939041138
test/next-item-rmse-std: 0.0
test/next-k-label-distribution-delta: 7.082449913024902
test/next-k-label-distribution-delta-std: 0.0
test/optimal-transport-distance: 13.17590045928955
test/optimal-transport-distance-std: 0.0
test/sequence-labels-entropy: 1.2605336904525757
test/sequence-labels-entropy-std: 0.0
test/sequence-unique-labels: 7.204488754272461
test/sequence-unique-labels-std: 0.0
test/target-sequence-labels-entropy: 1.4227653741836548
test/target-sequence-labels-entropy-std: 0.0
test/target-sequence-unique-labels: 9.152119636535645
test/target-sequence-unique-labels-std: 0.0
val/T-mAP: 0.09402354061603546
val/T-mAP-std: 0.0
val/T-mAP-weighted: 0.377748042345047
val/T-mAP-weighted-std: 0.0
val/horizon-edit-distance: 0.6308910250663757
val/horizon-edit-distance-std: 0.0
val/horizon-f1-score-micro: 0.4555191099643707
val/horizon-f1-score-micro-std: 0.0
val/horizon-max-f-score: 0.19758985936641693
val/horizon-max-f-score-std: 0.0
val/horizon-max-f-score-weighted: 0.5363401770591736
val/horizon-max-f-score-weighted-std: 0.0
val/horizon-mean-time-step: 0.7952931523323059
val/horizon-mean-time-step-std: 0.0
val/loss: 0.0
val/loss-std: 0.0
val/mean-predicted-length: 9.472649574279785
val/mean-predicted-length-std: 0.0
val/mean-target-length: 15.263496398925781
val/mean-target-length-std: 0.0
val/next-item-accuracy: 0.44815945625305176
val/next-item-accuracy-std: 0.0
val/next-item-mae: 0.6278271675109863
val/next-item-mae-std: 0.0
val/next-item-map: 0.05691901221871376
val/next-item-map-std: 0.0
val/next-item-map-weighted: 0.2865571677684784
val/next-item-map-weighted-std: 0.0
val/next-item-max-f-score: 0.09858483821153641
val/next-item-max-f-score-std: 0.0
val/next-item-max-f-score-weighted: 0.4079994559288025
val/next-item-max-f-score-weighted-std: 0.0
val/next-item-mean-time-step: 0.9200851917266846
val/next-item-mean-time-step-std: 0.0
val/next-item-rmse: 0.8117085695266724
val/next-item-rmse-std: 0.0
val/next-k-label-distribution-delta: 6.978906154632568
val/next-k-label-distribution-delta-std: 0.0
val/optimal-transport-distance: 13.141218185424805
val/optimal-transport-distance-std: 0.0
val/sequence-labels-entropy: 1.1982223987579346
val/sequence-labels-entropy-std: 0.0
val/sequence-unique-labels: 7.0374064445495605
val/sequence-unique-labels-std: 0.0
val/target-sequence-labels-entropy: 1.385812759399414
val/target-sequence-labels-entropy-std: 0.0
val/target-sequence-unique-labels: 8.775561332702637
val/target-sequence-unique-labels-std: 0.0
