date: '2025-01-30 17:20:20'
num_seeds: 5
test/T-mAP: 0.1453510731458664
test/T-mAP-micro: 0.5106891989707947
test/T-mAP-micro-std: 0.010521945369123068
test/T-mAP-std: 0.005800305646335284
test/horizon-max-accuracy-micro: 0.5733330130577088
test/horizon-max-accuracy-micro-std: 0.0014338476014832454
test/horizon-mean-time-step: 0.545595395565033
test/horizon-mean-time-step-std: 0.019853508467736335
test/loss: 2.5224578857421873
test/loss-std: 0.02923519474833271
test/loss_decoder_labels: 1.5092934608459472
test/loss_decoder_labels-std: 0.004079362908782399
test/loss_decoder_timestamps: 0.5870018720626831
test/loss_decoder_timestamps-std: 0.0006104727276474815
test/loss_diffusion: 0.426138699054718
test/loss_diffusion-std: 0.03193450186721136
test/loss_embedder_regularizer: 2.385916086495854e-05
test/loss_embedder_regularizer-std: 3.6193100930778782e-06
test/mean-predicted-length: 15.316934585571289
test/mean-predicted-length-std: 0.17422644672723583
test/mean-target-length: 15.583646774291992
test/mean-target-length-std: 0.0
test/next-item-accuracy: 0.3778582751750946
test/next-item-accuracy-std: 0.013145972388154074
test/next-item-mae: 0.6531764984130859
test/next-item-mae-std: 0.0011956397431622213
test/next-item-map: 0.0777832254767418
test/next-item-map-micro: 0.3108974575996399
test/next-item-map-micro-std: 0.0030886014376814907
test/next-item-map-std: 0.001551251858592882
test/next-item-max-accuracy: 0.4335295557975769
test/next-item-max-accuracy-std: 0.0016089266460716186
test/next-item-mean-time-step: 0.8778269648551941
test/next-item-mean-time-step-std: 0.000960634108551144
test/next-item-rmse: 1.0861185550689698
test/next-item-rmse-std: 0.012783820600989234
test/next-k-label-distribution-delta: 7.377078533172607
test/next-k-label-distribution-delta-std: 0.10891631122762659
test/optimal-transport-distance: 12.893453216552734
test/optimal-transport-distance-std: 0.1326975832770347
test/sequence-labels-entropy: 0.9118425369262695
test/sequence-labels-entropy-std: 0.050483643728646825
val/T-mAP: 0.15079982578754425
val/T-mAP-micro: 0.5142307877540588
val/T-mAP-micro-std: 0.010272166049242639
val/T-mAP-std: 0.007301332642947531
val/horizon-max-accuracy-micro: 0.582586920261383
val/horizon-max-accuracy-micro-std: 0.0027347159994925057
val/horizon-mean-time-step: 0.54603590965271
val/horizon-mean-time-step-std: 0.019767590260780538
val/loss: 2.485534429550171
val/loss-std: 0.026973258286350464
val/loss_decoder_labels: 1.459513211250305
val/loss_decoder_labels-std: 0.004339789509097307
val/loss_decoder_timestamps: 0.6057523131370545
val/loss_decoder_timestamps-std: 0.0006206962057047906
val/loss_diffusion: 0.4202448606491089
val/loss_diffusion-std: 0.03129615854600016
val/loss_embedder_regularizer: 2.3975113435881212e-05
val/loss_embedder_regularizer-std: 3.707462608489244e-06
val/mean-predicted-length: 15.312406158447265
val/mean-predicted-length-std: 0.17663342568289592
val/mean-target-length: 15.263496398925781
val/mean-target-length-std: 0.0
val/next-item-accuracy: 0.39548504948616026
val/next-item-accuracy-std: 0.0130840911078042
val/next-item-mae: 0.667749035358429
val/next-item-mae-std: 0.0011427457359091933
val/next-item-map: 0.08131719380617142
val/next-item-map-micro: 0.32559571862220765
val/next-item-map-micro-std: 0.0021905961097768802
val/next-item-map-std: 0.00041274740719599934
val/next-item-max-accuracy: 0.43708435297012327
val/next-item-max-accuracy-std: 0.0011985850935486435
val/next-item-mean-time-step: 0.9064174056053161
val/next-item-mean-time-step-std: 0.000889322607734978
val/next-item-rmse: 1.1141160249710083
val/next-item-rmse-std: 0.0137669016678426
val/next-k-label-distribution-delta: 7.142795753479004
val/next-k-label-distribution-delta-std: 0.1080854071771259
val/optimal-transport-distance: 12.77637939453125
val/optimal-transport-distance-std: 0.15909305629681347
val/sequence-labels-entropy: 0.8844502449035645
val/sequence-labels-entropy-std: 0.052041813073718565
