date: '2025-01-30 16:59:24'
num_seeds: 5
test/T-mAP: 0.1463391065597534
test/T-mAP-micro: 0.5152273178100586
test/T-mAP-micro-std: 0.0040913771436421565
test/T-mAP-std: 0.0014089081589117901
test/horizon-max-accuracy-micro: 0.5579949378967285
test/horizon-max-accuracy-micro-std: 0.0015438952306929706
test/horizon-mean-time-step: 0.5123388826847076
test/horizon-mean-time-step-std: 0.01526181983066908
test/loss: 2.469638729095459
test/loss-std: 0.021864214804046593
test/loss_decoder_labels: 1.5945923805236817
test/loss_decoder_labels-std: 0.0142688102777901
test/loss_decoder_timestamps: 0.5984521389007569
test/loss_decoder_timestamps-std: 0.0025680566934797922
test/loss_diffusion: 0.2765760749578476
test/loss_diffusion-std: 0.033887157150972305
test/loss_embedder_regularizer: 1.821656678657746e-05
test/loss_embedder_regularizer-std: 3.5539299660893417e-06
test/mean-predicted-length: 15.984057426452637
test/mean-predicted-length-std: 0.016227117961222146
test/mean-target-length: 15.583646774291992
test/mean-target-length-std: 0.0
test/next-item-accuracy: 0.38950636982917786
test/next-item-accuracy-std: 0.017087896078867237
test/next-item-mae: 0.659711766242981
test/next-item-mae-std: 0.0030403933633751145
test/next-item-map: 0.07349509596824647
test/next-item-map-micro: 0.30572589635849
test/next-item-map-micro-std: 0.0032094425081330546
test/next-item-map-std: 0.0018930924925752636
test/next-item-max-accuracy: 0.43271122574806214
test/next-item-max-accuracy-std: 0.0013384749507666163
test/next-item-mean-time-step: 0.8732591032981872
test/next-item-mean-time-step-std: 0.000631075672311801
test/next-item-rmse: 1.1127296686172485
test/next-item-rmse-std: 0.010521323596766222
test/next-k-label-distribution-delta: 7.790489387512207
test/next-k-label-distribution-delta-std: 0.2585313459631652
test/optimal-transport-distance: 13.170546340942384
test/optimal-transport-distance-std: 0.15686902979397213
test/sequence-labels-entropy: 0.7579192757606507
test/sequence-labels-entropy-std: 0.10591873244991748
val/T-mAP: 0.15601068139076232
val/T-mAP-micro: 0.5270123481750488
val/T-mAP-micro-std: 0.0029155961832431293
val/T-mAP-std: 0.0019536836819583855
val/horizon-max-accuracy-micro: 0.5676858186721802
val/horizon-max-accuracy-micro-std: 0.0012311752780921387
val/horizon-mean-time-step: 0.5120804250240326
val/horizon-mean-time-step-std: 0.01549524940351671
val/loss: 2.43363037109375
val/loss-std: 0.019625235235596547
val/loss_decoder_labels: 1.544449543952942
val/loss_decoder_labels-std: 0.015517395686220889
val/loss_decoder_timestamps: 0.6174464344978332
val/loss_decoder_timestamps-std: 0.002748707176749139
val/loss_diffusion: 0.2717161178588867
val/loss_diffusion-std: 0.03271372101899813
val/loss_embedder_regularizer: 1.8283638382854406e-05
val/loss_embedder_regularizer-std: 3.6153761636587703e-06
val/mean-predicted-length: 15.985484504699707
val/mean-predicted-length-std: 0.014151310503426879
val/mean-target-length: 15.263496398925781
val/mean-target-length-std: 0.0
val/next-item-accuracy: 0.4057352066040039
val/next-item-accuracy-std: 0.018578610910520075
val/next-item-mae: 0.675350034236908
val/next-item-mae-std: 0.0038041881195913538
val/next-item-map: 0.07736446410417556
val/next-item-map-micro: 0.32091190218925475
val/next-item-map-micro-std: 0.003101995721084114
val/next-item-map-std: 0.0019295538233821813
val/next-item-max-accuracy: 0.43512065410614015
val/next-item-max-accuracy-std: 0.00253496706490226
val/next-item-mean-time-step: 0.9026232242584229
val/next-item-mean-time-step-std: 0.0007943209942583561
val/next-item-rmse: 1.1429118156433105
val/next-item-rmse-std: 0.011582518467484364
val/next-k-label-distribution-delta: 7.548659133911133
val/next-k-label-distribution-delta-std: 0.2776947181126498
val/optimal-transport-distance: 13.029569816589355
val/optimal-transport-distance-std: 0.19677133884390188
val/sequence-labels-entropy: 0.741348135471344
val/sequence-labels-entropy-std: 0.10501893559041411
