date: '2026-03-02 21:20:46'
test/T-mAP: 0.12209556251764297
test/T-mAP-weighted: 0.420526921749115
test/horizon-max-f-score: 0.1849604994058609
test/horizon-max-f-score-weighted: 0.45638173818588257
test/horizon-mean-time-step: 0.45816779136657715
test/loss: 2.472337484359741
test/loss_labels: 1.793491005897522
test/loss_timestamps: 0.678846538066864
test/mean-predicted-length: 21.088266372680664
test/mean-target-length: 15.583646774291992
test/next-item-accuracy: 0.4192277193069458
test/next-item-mae: 0.677361786365509
test/next-item-map: 0.09901799261569977
test/next-item-map-weighted: 0.32078707218170166
test/next-item-max-f-score: 0.1568613350391388
test/next-item-max-f-score-weighted: 0.42166388034820557
test/next-item-mean-time-step: 0.896026074886322
test/next-item-rmse: 1.080786943435669
test/next-k-label-distribution-delta: 9.471091270446777
test/optimal-transport-distance: 13.405506134033203
test/sequence-labels-entropy: 0.4634142220020294
test/target-sequence-labels-entropy: 1.4227652549743652
val/T-mAP: 0.12674306333065033
val/T-mAP-weighted: 0.4255058467388153
val/horizon-max-f-score: 0.1874549239873886
val/horizon-max-f-score-weighted: 0.46112921833992004
val/horizon-mean-time-step: 0.45991483330726624
val/loss: 2.4248900413513184
val/loss_labels: 1.7362297773361206
val/loss_timestamps: 0.6886601448059082
val/mean-predicted-length: 21.131927490234375
val/mean-target-length: 15.263496398925781
val/next-item-accuracy: 0.4343298673629761
val/next-item-mae: 0.6853749752044678
val/next-item-map: 0.10584532469511032
val/next-item-map-weighted: 0.3374548852443695
val/next-item-max-f-score: 0.16249366104602814
val/next-item-max-f-score-weighted: 0.43897902965545654
val/next-item-mean-time-step: 0.9224239587783813
val/next-item-rmse: 1.1025481224060059
val/next-k-label-distribution-delta: 9.247050285339355
val/optimal-transport-distance: 13.33607006072998
val/sequence-labels-entropy: 0.4442824721336365
val/target-sequence-labels-entropy: 1.385812759399414
