date: '2024-05-30 17:32:44'
test/detection-mAP: 0.12678997218608856
test/horizon-mean-time-step: 0.48580536246299744
test/loss: 2.317023992538452
test/loss_labels: 1.670540452003479
test/loss_timestamps: 0.646483838558197
test/mean-predicted-length: 15.59493637084961
test/mean-target-length: 15.583646774291992
test/next-item-accuracy: 0.45119425654411316
test/next-item-mae: 0.645569384098053
test/next-item-mean-time-step: 0.87225341796875
test/next-item-rmse: 1.0735446214675903
test/optimal-transport-distance: 25.269155502319336
val/detection-mAP: 0.13562500476837158
val/horizon-mean-time-step: 0.49335777759552
val/loss: 2.287053108215332
val/loss_labels: 1.624981164932251
val/loss_timestamps: 0.6620722413063049
val/mean-predicted-length: 15.541651725769043
val/mean-target-length: 15.263496398925781
val/next-item-accuracy: 0.468090295791626
val/next-item-mae: 0.6594212651252747
val/next-item-mean-time-step: 0.9011218547821045
val/next-item-rmse: 1.09812331199646
val/optimal-transport-distance: 24.973430633544922
