date: '2024-06-02 10:47:24'
test/detection-mAP: 0.12575314939022064
test/horizon-mean-time-step: 0.5645688772201538
test/loss: 2.343045949935913
test/loss_labels: 1.7418553829193115
test/loss_timestamps: 0.6011907458305359
test/mean-predicted-length: 15.181662559509277
test/mean-target-length: 15.583646774291992
test/next-item-accuracy: 0.4428741931915283
test/next-item-mae: 0.6516569256782532
test/next-item-mean-time-step: 0.8719194531440735
test/next-item-rmse: 1.0825539827346802
test/optimal-transport-distance: 13.401321411132812
val/detection-mAP: 0.13487349450588226
val/horizon-mean-time-step: 0.5701384544372559
val/loss: 2.305438995361328
val/loss_labels: 1.6869813203811646
val/loss_timestamps: 0.6184577345848083
val/mean-predicted-length: 15.11262035369873
val/mean-target-length: 15.263496398925781
val/next-item-accuracy: 0.4629652202129364
val/next-item-mae: 0.6654269695281982
val/next-item-mean-time-step: 0.9011223316192627
val/next-item-rmse: 1.1092201471328735
val/optimal-transport-distance: 13.249223709106445
