date: '2024-06-02 09:22:41'
test/detection-mAP: 0.10705148428678513
test/horizon-mean-time-step: 0.518218994140625
test/loss: 2.269958019256592
test/loss_labels: 1.6781741380691528
test/loss_timestamps: 0.591783881187439
test/mean-predicted-length: 15.351693153381348
test/mean-target-length: 15.583646774291992
test/next-item-accuracy: 0.4496019184589386
test/next-item-mae: 0.6422381401062012
test/next-item-mean-time-step: 0.870783805847168
test/next-item-rmse: 1.0797059535980225
test/optimal-transport-distance: 13.559666633605957
val/detection-mAP: 0.1223532184958458
val/horizon-mean-time-step: 0.5215741991996765
val/loss: 2.2331762313842773
val/loss_labels: 1.6223374605178833
val/loss_timestamps: 0.6108389496803284
val/mean-predicted-length: 15.346085548400879
val/mean-target-length: 15.263496398925781
val/next-item-accuracy: 0.4688224494457245
val/next-item-mae: 0.6554625034332275
val/next-item-mean-time-step: 0.8995053172111511
val/next-item-rmse: 1.1057207584381104
val/optimal-transport-distance: 13.446625709533691
