date: '2024-05-28 12:49:41'
test/detection-mAP: 0.15941353142261505
test/horizon-mean-time-step: 0.5809276103973389
test/loss: 3.167017482199847
test/loss_labels: 2.467256784439087
test/loss_timestamps: 0.6997607625678048
test/mean-predicted-length: 14.204926490783691
test/mean-target-length: 15.583646774291992
test/next-item-accuracy: 0.3509952127933502
test/next-item-mae: 0.6923124194145203
test/next-item-mean-time-step: 0.8638963103294373
test/optimal-transport-distance: 25.02642822265625
val/detection-mAP: 0.1690242737531662
val/horizon-mean-time-step: 0.5742138624191284
val/loss: 3.1316798241551784
val/loss_labels: 2.419550895690918
val/loss_timestamps: 0.7121291246690759
val/mean-predicted-length: 14.272791862487793
val/mean-target-length: 15.263496398925781
val/next-item-accuracy: 0.3637177050113678
val/next-item-mae: 0.703272819519043
val/next-item-mean-time-step: 0.8927168846130371
val/optimal-transport-distance: 24.609838485717773
