date: '2024-06-02 09:22:36'
test/detection-mAP: 0.08211153000593185
test/horizon-mean-time-step: 0.4317624270915985
test/loss: 2.227198362350464
test/loss_labels: 1.5866365432739258
test/loss_timestamps: 0.6405619978904724
test/mean-predicted-length: 15.743072509765625
test/mean-target-length: 15.583646774291992
test/next-item-accuracy: 0.4550159275531769
test/next-item-mae: 0.6396433115005493
test/next-item-mean-time-step: 0.8727396726608276
test/next-item-rmse: 1.067868709564209
test/optimal-transport-distance: 13.683207511901855
val/detection-mAP: 0.07967305928468704
val/horizon-mean-time-step: 0.42635589838027954
val/loss: 2.1981539726257324
val/loss_labels: 1.54318368434906
val/loss_timestamps: 0.6549702882766724
val/mean-predicted-length: 15.781193733215332
val/mean-target-length: 15.263496398925781
val/next-item-accuracy: 0.47138500213623047
val/next-item-mae: 0.65227872133255
val/next-item-mean-time-step: 0.9011960029602051
val/next-item-rmse: 1.0914884805679321
val/optimal-transport-distance: 13.627019882202148
