date: '2026-02-10 23:12:28'
test/T-mAP: 0.08985399454832077
test/T-mAP-weighted: 0.26592978835105896
test/horizon-max-f-score: 0.15608447790145874
test/horizon-max-f-score-weighted: 0.3758084774017334
test/horizon-mean-time-step: 0.32675930857658386
test/loss: 2.3158843517303467
test/loss_labels: 1.669549584388733
test/loss_timestamps: 0.6463348269462585
test/mean-predicted-length: 25.563461303710938
test/mean-target-length: 15.583646774291992
test/next-item-accuracy: 0.4511146545410156
test/next-item-mae: 0.6454002261161804
test/next-item-map: 0.11073121428489685
test/next-item-map-weighted: 0.34850189089775085
test/next-item-max-f-score: 0.16752852499485016
test/next-item-max-f-score-weighted: 0.43782949447631836
test/next-item-mean-time-step: 0.8725761771202087
test/next-item-rmse: 1.080091953277588
test/next-k-label-distribution-delta: 10.438591003417969
test/optimal-transport-distance: 13.80890941619873
test/sequence-labels-entropy: 0.15914176404476166
test/target-sequence-labels-entropy: 1.4227652549743652
val/T-mAP: 0.0984516367316246
val/T-mAP-weighted: 0.26893681287765503
val/horizon-max-f-score: 0.16929982602596283
val/horizon-max-f-score-weighted: 0.38222864270210266
val/horizon-mean-time-step: 0.33353281021118164
val/loss: 2.2884490489959717
val/loss_labels: 1.6258207559585571
val/loss_timestamps: 0.662628173828125
val/mean-predicted-length: 25.19127655029297
val/mean-target-length: 15.263496398925781
val/next-item-accuracy: 0.4676021933555603
val/next-item-mae: 0.6599149107933044
val/next-item-map: 0.11452742666006088
val/next-item-map-weighted: 0.3622171878814697
val/next-item-max-f-score: 0.17326456308364868
val/next-item-max-f-score-weighted: 0.4517327547073364
val/next-item-mean-time-step: 0.9014201760292053
val/next-item-rmse: 1.1052350997924805
val/next-k-label-distribution-delta: 10.095101356506348
val/optimal-transport-distance: 13.70768928527832
val/sequence-labels-entropy: 0.14606164395809174
val/target-sequence-labels-entropy: 1.385812759399414
