date: '2024-05-30 15:28:31'
test/detection-mAP: 0.1219533234834671
test/horizon-mean-time-step: 0.9148523211479187
test/loss: 2.458714246749878
test/loss_nhp: 2.458714246749878
test/mean-predicted-length: 10.581594467163086
test/mean-target-length: 15.583646774291992
test/next-item-accuracy: 0.4446257948875427
test/next-item-mae: 0.745536744594574
test/next-item-mean-time-step: 0.8708015084266663
test/next-item-rmse: 1.0517374277114868
test/optimal-transport-distance: 25.021934509277344
val/detection-mAP: 0.1365504264831543
val/horizon-mean-time-step: 0.9194685220718384
val/loss: 2.441899299621582
val/loss_nhp: 2.441899299621582
val/mean-predicted-length: 10.539506912231445
val/mean-target-length: 15.263496398925781
val/next-item-accuracy: 0.46471425890922546
val/next-item-mae: 0.7485380172729492
val/next-item-mean-time-step: 0.8986700773239136
val/next-item-rmse: 1.067463994026184
val/optimal-transport-distance: 24.406763076782227
