date: '2024-06-02 09:23:28'
test/detection-mAP: 0.10672955960035324
test/horizon-mean-time-step: 0.9088834524154663
test/loss: 2.5043833255767822
test/loss_nhp: 2.5043833255767822
test/mean-predicted-length: 10.721860885620117
test/mean-target-length: 15.583646774291992
test/next-item-accuracy: 0.443630576133728
test/next-item-mae: 0.7477049231529236
test/next-item-mean-time-step: 0.8744432926177979
test/next-item-rmse: 1.0612585544586182
test/optimal-transport-distance: 13.554965019226074
val/detection-mAP: 0.11004659533500671
val/horizon-mean-time-step: 0.9058807492256165
val/loss: 2.491497755050659
val/loss_nhp: 2.491497755050659
val/mean-predicted-length: 10.779406547546387
val/mean-target-length: 15.263496398925781
val/next-item-accuracy: 0.46398210525512695
val/next-item-mae: 0.7504969239234924
val/next-item-mean-time-step: 0.9030106663703918
val/next-item-rmse: 1.0775684118270874
val/optimal-transport-distance: 13.269874572753906
