date: '2024-06-03 13:13:13'
test/detection-mAP: 0.07696028053760529
test/horizon-mean-time-step: 0.625669002532959
test/loss: 0.0
test/mean-predicted-length: 13.386589050292969
test/mean-target-length: 15.583646774291992
test/next-item-accuracy: 0.24490445852279663
test/next-item-mae: 0.9753322601318359
test/next-item-mean-time-step: 1.1069833040237427
test/next-item-rmse: 1.6483665704727173
test/optimal-transport-distance: 15.685157775878906
val/detection-mAP: 0.08086395263671875
val/horizon-mean-time-step: 0.6222838759422302
val/loss: 0.0
val/mean-predicted-length: 13.332141876220703
val/mean-target-length: 15.263496398925781
val/next-item-accuracy: 0.26015862822532654
val/next-item-mae: 1.0064364671707153
val/next-item-mean-time-step: 1.1482170820236206
val/next-item-rmse: 1.71554696559906
val/optimal-transport-distance: 15.8236083984375
