date: '2024-06-02 09:22:48'
test/detection-mAP: 0.13085149228572845
test/horizon-mean-time-step: 0.7047477960586548
test/loss: 2.3687355518341064
test/loss_labels: 1.590248942375183
test/loss_timestamps: 0.7784863710403442
test/mean-predicted-length: 12.674991607666016
test/mean-target-length: 15.583646774291992
test/next-item-accuracy: 0.45437899231910706
test/next-item-mae: 0.6965402960777283
test/next-item-mean-time-step: 0.8786400556564331
test/next-item-rmse: 1.0318666696548462
test/optimal-transport-distance: 13.162271499633789
test/timestamps-bias-mean: 0.2665177285671234
test/timestamps-current_influence: -0.06755504757165909
val/detection-mAP: 0.13256818056106567
val/horizon-mean-time-step: 0.7050943374633789
val/loss: 2.3610267639160156
val/loss_labels: 1.5431244373321533
val/loss_timestamps: 0.8179022669792175
val/mean-predicted-length: 12.695030212402344
val/mean-target-length: 15.263496398925781
val/next-item-accuracy: 0.47118160128593445
val/next-item-mae: 0.7040042877197266
val/next-item-mean-time-step: 0.906275749206543
val/next-item-rmse: 1.0477180480957031
val/optimal-transport-distance: 12.959040641784668
val/timestamps-bias-mean: 0.24620147049427032
val/timestamps-current_influence: -0.06755504757165909
