date: '2024-05-31 18:09:55'
test/detection-mAP: 0.1352919638156891
test/horizon-mean-time-step: 0.7853885889053345
test/loss: 2.3909146785736084
test/loss_labels: 1.6034382581710815
test/loss_timestamps: 0.7874762415885925
test/mean-predicted-length: 11.856654167175293
test/mean-target-length: 15.583646774291992
test/next-item-accuracy: 0.4542197585105896
test/next-item-mae: 0.7138614058494568
test/next-item-mean-time-step: 0.8814796805381775
test/next-item-rmse: 1.0361300706863403
test/optimal-transport-distance: 13.238314628601074
test/timestamps-bias-mean: 0.19576258957386017
test/timestamps-current_influence: -0.07235663384199142
val/detection-mAP: 0.13467717170715332
val/horizon-mean-time-step: 0.7828769087791443
val/loss: 2.3879616260528564
val/loss_labels: 1.5609955787658691
val/loss_timestamps: 0.8269662261009216
val/mean-predicted-length: 11.95423698425293
val/mean-target-length: 15.263496398925781
val/next-item-accuracy: 0.46918854117393494
val/next-item-mae: 0.7222645282745361
val/next-item-mean-time-step: 0.9092155694961548
val/next-item-rmse: 1.0537480115890503
val/optimal-transport-distance: 13.043498039245605
val/timestamps-bias-mean: 0.17753562331199646
val/timestamps-current_influence: -0.07235663384199142
