date: '2024-06-02 10:49:39'
test/detection-mAP: 0.14863859117031097
test/horizon-mean-time-step: 0.821666955947876
test/loss: 2.404667615890503
test/loss_labels: 1.689630389213562
test/loss_timestamps: 0.7150374054908752
test/mean-predicted-length: 11.81662654876709
test/mean-target-length: 15.583646774291992
test/next-item-accuracy: 0.44689491391181946
test/next-item-mae: 0.6927297115325928
test/next-item-mean-time-step: 0.8754071593284607
test/next-item-rmse: 1.0337780714035034
test/optimal-transport-distance: 13.155291557312012
test/timestamps-bias-mean: 0.3002110719680786
test/timestamps-current_influence: -0.09145325422286987
val/detection-mAP: 0.1538442224264145
val/horizon-mean-time-step: 0.8261569142341614
val/loss: 2.391206979751587
val/loss_labels: 1.6322426795959473
val/loss_timestamps: 0.7589643001556396
val/mean-predicted-length: 11.766535758972168
val/mean-target-length: 15.263496398925781
val/next-item-accuracy: 0.4660565257072449
val/next-item-mae: 0.7036617994308472
val/next-item-mean-time-step: 0.9040446877479553
val/next-item-rmse: 1.0550850629806519
val/optimal-transport-distance: 12.936372756958008
val/timestamps-bias-mean: 0.28179165720939636
val/timestamps-current_influence: -0.09145325422286987
