date: '2024-08-15 10:47:35'
test/T-mAP: 0.132989764213562
test/horizon-mean-time-step: 0.7555376291275024
test/loss: 2.3947746753692627
test/loss_labels: 1.6084942817687988
test/loss_timestamps: 0.7862803936004639
test/mean-predicted-length: 12.22579574584961
test/mean-target-length: 15.583646774291992
test/next-item-accuracy: 0.45175158977508545
test/next-item-mae: 0.7138347625732422
test/next-item-mean-time-step: 0.8832783102989197
test/next-item-rmse: 1.034833550453186
test/optimal-transport-distance: 13.273041725158691
test/timestamps-bias-mean: 0.19825270771980286
test/timestamps-current_influence: -0.07269307225942612
val/T-mAP: 0.14056922495365143
val/horizon-mean-time-step: 0.7496510148048401
val/loss: 2.3856122493743896
val/loss_labels: 1.561154842376709
val/loss_timestamps: 0.8244574069976807
val/mean-predicted-length: 12.344297409057617
val/mean-target-length: 15.263496398925781
val/next-item-accuracy: 0.469554603099823
val/next-item-mae: 0.7184416055679321
val/next-item-mean-time-step: 0.9100226163864136
val/next-item-rmse: 1.0515766143798828
val/optimal-transport-distance: 13.011862754821777
val/timestamps-bias-mean: 0.184400737285614
val/timestamps-current_influence: -0.07269307225942612
