date: '2024-05-30 15:21:35'
test/detection-mAP: 0.1639259159564972
test/horizon-mean-time-step: 0.8889289498329163
test/loss: 2.406402587890625
test/loss_labels: 1.673757791519165
test/loss_timestamps: 0.7326450943946838
test/mean-predicted-length: 11.168320655822754
test/mean-target-length: 15.583646774291992
test/next-item-accuracy: 0.4503582715988159
test/next-item-mae: 0.7155901789665222
test/next-item-mean-time-step: 0.8741409778594971
test/next-item-rmse: 1.0490217208862305
test/optimal-transport-distance: 24.723552703857422
test/timestamps-bias-mean: 0.3369519114494324
test/timestamps-current_influence: -0.1186746135354042
val/detection-mAP: 0.1705082505941391
val/horizon-mean-time-step: 0.8926424980163574
val/loss: 2.391216516494751
val/loss_labels: 1.6172242164611816
val/loss_timestamps: 0.7739920020103455
val/mean-predicted-length: 11.149445533752441
val/mean-target-length: 15.263496398925781
val/next-item-accuracy: 0.46870043873786926
val/next-item-mae: 0.7203515768051147
val/next-item-mean-time-step: 0.9015939831733704
val/next-item-rmse: 1.0655264854431152
val/optimal-transport-distance: 24.193395614624023
val/timestamps-bias-mean: 0.32712337374687195
val/timestamps-current_influence: -0.1186746135354042
