date: '2024-06-02 09:22:53'
test/detection-mAP: 0.14135469496250153
test/horizon-mean-time-step: 0.7925969958305359
test/loss: 2.3912527561187744
test/loss_labels: 1.6801645755767822
test/loss_timestamps: 0.7110883593559265
test/mean-predicted-length: 12.055764198303223
test/mean-target-length: 15.583646774291992
test/next-item-accuracy: 0.4493630528450012
test/next-item-mae: 0.6891127228736877
test/next-item-mean-time-step: 0.8739651441574097
test/next-item-rmse: 1.0350106954574585
test/optimal-transport-distance: 13.131593704223633
test/timestamps-bias-mean: 0.335201233625412
test/timestamps-current_influence: -0.08884298801422119
val/detection-mAP: 0.14469361305236816
val/horizon-mean-time-step: 0.796272337436676
val/loss: 2.381531238555908
val/loss_labels: 1.6257498264312744
val/loss_timestamps: 0.7557816505432129
val/mean-predicted-length: 12.007865905761719
val/mean-target-length: 15.263496398925781
val/next-item-accuracy: 0.4675615131855011
val/next-item-mae: 0.6991649866104126
val/next-item-mean-time-step: 0.9023117423057556
val/next-item-rmse: 1.0549863576889038
val/optimal-transport-distance: 12.9213285446167
val/timestamps-bias-mean: 0.3151297867298126
val/timestamps-current_influence: -0.08884298801422119
