date: '2024-05-30 15:20:23'
test/detection-mAP: 0.1581886261701584
test/horizon-mean-time-step: 0.8635200262069702
test/loss: 2.4880220890045166
test/loss_labels: 1.6676028966903687
test/loss_timestamps: 0.8204195499420166
test/mean-predicted-length: 11.185425758361816
test/mean-target-length: 15.583646774291992
test/next-item-accuracy: 0.453144907951355
test/next-item-mae: 0.7293082475662231
test/next-item-mean-time-step: 0.8861662149429321
test/next-item-rmse: 1.0579456090927124
test/optimal-transport-distance: 24.81282615661621
test/timestamps-bias-mean: 0.3302024006843567
test/timestamps-current_influence: -0.13788053393363953
val/detection-mAP: 0.16005121171474457
val/horizon-mean-time-step: 0.8533415794372559
val/loss: 2.4787709712982178
val/loss_labels: 1.6224441528320312
val/loss_timestamps: 0.8563267588615417
val/mean-predicted-length: 11.283517837524414
val/mean-target-length: 15.263496398925781
val/next-item-accuracy: 0.4689038097858429
val/next-item-mae: 0.7283387780189514
val/next-item-mean-time-step: 0.9134604334831238
val/next-item-rmse: 1.0725350379943848
val/optimal-transport-distance: 24.354341506958008
val/timestamps-bias-mean: 0.33082640171051025
val/timestamps-current_influence: -0.13788053393363953
