date: '2024-05-30 17:33:06'
test/detection-mAP: 0.1601896584033966
test/horizon-mean-time-step: 0.8312740325927734
test/loss: 2.406402587890625
test/loss_labels: 1.673757791519165
test/loss_timestamps: 0.7326450943946838
test/mean-predicted-length: 11.820732116699219
test/mean-target-length: 15.583646774291992
test/next-item-accuracy: 0.4503582715988159
test/next-item-mae: 0.6988739371299744
test/next-item-mean-time-step: 0.8769755363464355
test/next-item-rmse: 1.0495480298995972
test/optimal-transport-distance: 24.647863388061523
test/timestamps-bias-mean: 0.3369519114494324
test/timestamps-current_influence: -0.1186746135354042
val/detection-mAP: 0.16714008152484894
val/horizon-mean-time-step: 0.834007978439331
val/loss: 2.391216516494751
val/loss_labels: 1.6172242164611816
val/loss_timestamps: 0.7739920020103455
val/mean-predicted-length: 11.768680572509766
val/mean-target-length: 15.263496398925781
val/next-item-accuracy: 0.46870043873786926
val/next-item-mae: 0.7059540152549744
val/next-item-mean-time-step: 0.9054273962974548
val/next-item-rmse: 1.0699862241744995
val/optimal-transport-distance: 24.114974975585938
val/timestamps-bias-mean: 0.32712337374687195
val/timestamps-current_influence: -0.1186746135354042
