date: '2024-05-30 17:32:59'
test/detection-mAP: 0.15320971608161926
test/horizon-mean-time-step: 0.790410041809082
test/loss: 2.4880220890045166
test/loss_labels: 1.6676028966903687
test/loss_timestamps: 0.8204195499420166
test/mean-predicted-length: 12.11905574798584
test/mean-target-length: 15.583646774291992
test/next-item-accuracy: 0.453144907951355
test/next-item-mae: 0.7090024352073669
test/next-item-mean-time-step: 0.8877260684967041
test/next-item-rmse: 1.0599054098129272
test/optimal-transport-distance: 24.742769241333008
test/timestamps-bias-mean: 0.3302024006843567
test/timestamps-current_influence: -0.13788053393363953
val/detection-mAP: 0.15518678724765778
val/horizon-mean-time-step: 0.7813875079154968
val/loss: 2.4787709712982178
val/loss_labels: 1.6224441528320312
val/loss_timestamps: 0.8563267588615417
val/mean-predicted-length: 12.242403030395508
val/mean-target-length: 15.263496398925781
val/next-item-accuracy: 0.4689038097858429
val/next-item-mae: 0.7113005518913269
val/next-item-mean-time-step: 0.9147478342056274
val/next-item-rmse: 1.077512502670288
val/optimal-transport-distance: 24.35100746154785
val/timestamps-bias-mean: 0.33082640171051025
val/timestamps-current_influence: -0.13788053393363953
