date: '2026-01-18 20:13:25'
test/T-mAP: 0.10537257790565491
test/T-mAP-weighted: 0.3210899829864502
test/horizon-max-f-score: 0.19485682249069214
test/horizon-max-f-score-weighted: 0.6466847658157349
test/horizon-mean-time-step: 2.2769410610198975
test/loss: 2.1096832752227783
test/loss_nhp: 2.1096832752227783
test/mean-predicted-length: 4.171057224273682
test/mean-target-length: 15.583646774291992
test/next-item-accuracy: 0.4456608295440674
test/next-item-mae: 0.6771166920661926
test/next-item-map: 0.10607484728097916
test/next-item-map-weighted: 0.35190850496292114
test/next-item-max-f-score: 0.1610291749238968
test/next-item-max-f-score-weighted: 0.43451523780822754
test/next-item-mean-time-step: 0.8769099712371826
test/next-item-rmse: 1.0394117832183838
test/next-k-label-distribution-delta: 10.976394653320312
test/optimal-transport-distance: 16.399473190307617
test/sequence-labels-entropy: 0.15642669796943665
test/target-sequence-labels-entropy: 1.4227653741836548
test/thinning_accepted: 52.43001937866211
val/T-mAP: 0.10851128399372101
val/T-mAP-weighted: 0.33272725343704224
val/horizon-max-f-score: 0.20450712740421295
val/horizon-max-f-score-weighted: 0.6587068438529968
val/horizon-mean-time-step: 2.2782983779907227
val/loss: 2.108912706375122
val/loss_nhp: 2.108912706375122
val/mean-predicted-length: 4.179835319519043
val/mean-target-length: 15.263496398925781
val/next-item-accuracy: 0.4656497836112976
val/next-item-mae: 0.6837660074234009
val/next-item-map: 0.1094280481338501
val/next-item-map-weighted: 0.3679441213607788
val/next-item-max-f-score: 0.1701669692993164
val/next-item-max-f-score-weighted: 0.4501301646232605
val/next-item-mean-time-step: 0.9033082127571106
val/next-item-rmse: 1.0550426244735718
val/next-k-label-distribution-delta: 10.725062370300293
val/optimal-transport-distance: 16.221933364868164
val/sequence-labels-entropy: 0.12410743534564972
val/target-sequence-labels-entropy: 1.385812759399414
val/thinning_accepted: 52.18528747558594
