date: '2026-01-18 22:15:06'
test/T-mAP: 0.10951867699623108
test/T-mAP-weighted: 0.358360230922699
test/horizon-max-f-score: 0.19406193494796753
test/horizon-max-f-score-weighted: 0.6279207468032837
test/horizon-mean-time-step: 1.7347978353500366
test/loss: 2.111402750015259
test/loss_nhp: 2.111402750015259
test/mean-predicted-length: 5.269927978515625
test/mean-target-length: 15.583646774291992
test/next-item-accuracy: 0.44582006335258484
test/next-item-mae: 0.6851716637611389
test/next-item-map: 0.0985952764749527
test/next-item-map-weighted: 0.34634268283843994
test/next-item-max-f-score: 0.15302029252052307
test/next-item-max-f-score-weighted: 0.42970001697540283
test/next-item-mean-time-step: 0.8753549456596375
test/next-item-rmse: 1.047100305557251
test/next-k-label-distribution-delta: 10.954499244689941
test/optimal-transport-distance: 15.679073333740234
test/sequence-labels-entropy: 0.12873896956443787
test/target-sequence-labels-entropy: 1.4227653741836548
test/thinning_accepted: 53.68822479248047
val/T-mAP: 0.11144507676362991
val/T-mAP-weighted: 0.3651692867279053
val/horizon-max-f-score: 0.19972363114356995
val/horizon-max-f-score-weighted: 0.6362105011940002
val/horizon-mean-time-step: 1.7326313257217407
val/loss: 2.1089391708374023
val/loss_nhp: 2.1089391708374023
val/mean-predicted-length: 5.266714572906494
val/mean-target-length: 15.263496398925781
val/next-item-accuracy: 0.4654870927333832
val/next-item-mae: 0.6896421909332275
val/next-item-map: 0.10427438467741013
val/next-item-map-weighted: 0.36327889561653137
val/next-item-max-f-score: 0.15967966616153717
val/next-item-max-f-score-weighted: 0.4456459879875183
val/next-item-mean-time-step: 0.901046872138977
val/next-item-rmse: 1.0623427629470825
val/next-k-label-distribution-delta: 10.731497764587402
val/optimal-transport-distance: 15.513781547546387
val/sequence-labels-entropy: 0.09497275948524475
val/target-sequence-labels-entropy: 1.385812759399414
val/thinning_accepted: 53.25331115722656
