date: '2025-04-09 17:25:38'
test/T-mAP: 0.11048074066638947
test/T-mAP-weighted: 0.2683830261230469
test/horizon-max-f-score: 0.18500064313411713
test/horizon-max-f-score-weighted: 0.4029748737812042
test/horizon-mean-time-step: 0.18610605597496033
test/loss: 7.9731245040893555
test/loss__presence: 0.5472874641418457
test/loss_labels: 1.0813151597976685
test/loss_next_item_labels: 1.577242374420166
test/loss_next_item_timestamps: 0.6419883370399475
test/loss_timestamps: 4.125290393829346
test/match_cost_mean: 7.926725387573242
test/match_cost_std: 14.901226997375488
test/max_cost: 74.95016479492188
test/mean-predicted-length: 62.48043441772461
test/mean-target-length: 39.46723175048828
test/next-item-accuracy: 0.45449841022491455
test/next-item-mae: 0.6382989287376404
test/next-item-map: 0.13954344391822815
test/next-item-map-weighted: 0.3712753653526306
test/next-item-max-f-score: 0.19899533689022064
test/next-item-max-f-score-weighted: 0.45123976469039917
test/next-item-mean-time-step: 0.8706219792366028
test/next-item-rmse: 1.0678974390029907
test/next-k-label-distribution-delta: 21.20509147644043
test/optimal-transport-distance: 47.400413513183594
test/prediction_match_rate: 0.44725558161735535
test/sequence-labels-entropy: 0.7540498375892639
test/target-sequence-labels-entropy: 1.3090177774429321
test/target_match_rate: 1.0
val/T-mAP: 0.1189800426363945
val/T-mAP-weighted: 0.28198811411857605
val/horizon-max-f-score: 0.1997402310371399
val/horizon-max-f-score-weighted: 0.4213353395462036
val/horizon-mean-time-step: 0.18668299913406372
val/loss: 7.986605167388916
val/loss__presence: 0.5465073585510254
val/loss_labels: 1.039857268333435
val/loss_next_item_labels: 1.5281733274459839
val/loss_next_item_timestamps: 0.6547082662582397
val/loss_timestamps: 4.2173590660095215
val/match_cost_mean: 8.294601440429688
val/match_cost_std: 14.830978393554688
val/max_cost: 74.2417221069336
val/mean-predicted-length: 62.92731857299805
val/mean-target-length: 39.33082580566406
val/next-item-accuracy: 0.47252389788627625
val/next-item-mae: 0.6499983072280884
val/next-item-map: 0.1422717422246933
val/next-item-map-weighted: 0.38658174872398376
val/next-item-max-f-score: 0.20399275422096252
val/next-item-max-f-score-weighted: 0.46589478850364685
val/next-item-mean-time-step: 0.898967444896698
val/next-item-rmse: 1.0904920101165771
val/next-k-label-distribution-delta: 19.555889129638672
val/optimal-transport-distance: 46.27159118652344
val/prediction_match_rate: 0.44025176763534546
val/sequence-labels-entropy: 0.7469310164451599
val/target-sequence-labels-entropy: 1.229600191116333
val/target_match_rate: 1.0
