date: '2025-04-09 17:24:34'
test/T-mAP: 0.227741539478302
test/T-mAP-weighted: 0.6554194092750549
test/horizon-max-f-score: 0.2724497616291046
test/horizon-max-f-score-weighted: 0.6247336864471436
test/horizon-mean-time-step: 0.20067733526229858
test/loss: 4.478485584259033
test/loss__presence: 0.17295479774475098
test/loss_labels: 1.2772992849349976
test/loss_next_item_labels: 1.577242374420166
test/loss_next_item_timestamps: 0.6419883370399475
test/loss_timestamps: 0.8090011477470398
test/match_cost_mean: -5.558013916015625
test/match_cost_std: 8.810415267944336
test/max_cost: 61.82291793823242
test/mean-predicted-length: 13.807389259338379
test/mean-target-length: 15.583646774291992
test/next-item-accuracy: 0.45449841022491455
test/next-item-mae: 0.6382989287376404
test/next-item-map: 0.13954344391822815
test/next-item-map-weighted: 0.3712753653526306
test/next-item-max-f-score: 0.19899533689022064
test/next-item-max-f-score-weighted: 0.45123976469039917
test/next-item-mean-time-step: 0.8706219792366028
test/next-item-rmse: 1.0678974390029907
test/next-k-label-distribution-delta: 6.5768046379089355
test/optimal-transport-distance: 12.125085830688477
test/prediction_match_rate: 0.25079506635665894
test/sequence-labels-entropy: 0.7632367014884949
test/target-sequence-labels-entropy: 1.4227653741836548
test/target_match_rate: 1.0
val/T-mAP: 0.23965434730052948
val/T-mAP-weighted: 0.6616232395172119
val/horizon-max-f-score: 0.2895206809043884
val/horizon-max-f-score-weighted: 0.638700544834137
val/horizon-mean-time-step: 0.2008543610572815
val/loss: 4.390623569488525
val/loss__presence: 0.17059727013111115
val/loss_labels: 1.2424542903900146
val/loss_next_item_labels: 1.5281733274459839
val/loss_next_item_timestamps: 0.6547082662582397
val/loss_timestamps: 0.7946905493736267
val/match_cost_mean: -5.499291896820068
val/match_cost_std: 8.612569808959961
val/max_cost: 61.51203918457031
val/mean-predicted-length: 13.764747619628906
val/mean-target-length: 15.263496398925781
val/next-item-accuracy: 0.47252389788627625
val/next-item-mae: 0.6499983072280884
val/next-item-map: 0.1422717422246933
val/next-item-map-weighted: 0.38658174872398376
val/next-item-max-f-score: 0.20399275422096252
val/next-item-max-f-score-weighted: 0.46589478850364685
val/next-item-mean-time-step: 0.898967444896698
val/next-item-rmse: 1.0904920101165771
val/next-k-label-distribution-delta: 6.288880825042725
val/optimal-transport-distance: 12.039772987365723
val/prediction_match_rate: 0.24233373999595642
val/sequence-labels-entropy: 0.7528606653213501
val/target-sequence-labels-entropy: 1.385812759399414
val/target_match_rate: 1.0
