date: '2025-04-09 17:25:12'
test/T-mAP: 0.13805493712425232
test/T-mAP-weighted: 0.3608272075653076
test/horizon-max-f-score: 0.20991596579551697
test/horizon-max-f-score-weighted: 0.47967299818992615
test/horizon-mean-time-step: 0.18838803470134735
test/loss: 7.825976848602295
test/loss__presence: 0.5257192254066467
test/loss_labels: 1.0817201137542725
test/loss_next_item_labels: 1.577242374420166
test/loss_next_item_timestamps: 0.6419883370399475
test/loss_timestamps: 3.999307155609131
test/match_cost_mean: 7.459518909454346
test/match_cost_std: 14.645894050598145
test/max_cost: 74.88941955566406
test/mean-predicted-length: 44.031131744384766
test/mean-target-length: 30.596988677978516
test/next-item-accuracy: 0.45449841022491455
test/next-item-mae: 0.6382989287376404
test/next-item-map: 0.13954344391822815
test/next-item-map-weighted: 0.3712753653526306
test/next-item-max-f-score: 0.19899533689022064
test/next-item-max-f-score-weighted: 0.45123976469039917
test/next-item-mean-time-step: 0.8706219792366028
test/next-item-rmse: 1.0678974390029907
test/next-k-label-distribution-delta: 16.76702117919922
test/optimal-transport-distance: 36.00355911254883
test/prediction_match_rate: 0.44065943360328674
test/sequence-labels-entropy: 0.8643993735313416
test/target-sequence-labels-entropy: 1.5182714462280273
test/target_match_rate: 1.0
val/T-mAP: 0.14765387773513794
val/T-mAP-weighted: 0.3789277970790863
val/horizon-max-f-score: 0.22622065246105194
val/horizon-max-f-score-weighted: 0.4994226396083832
val/horizon-mean-time-step: 0.1890682578086853
val/loss: 7.804793834686279
val/loss__presence: 0.5198730826377869
val/loss_labels: 1.039785385131836
val/loss_next_item_labels: 1.5281733274459839
val/loss_next_item_timestamps: 0.6547082662582397
val/loss_timestamps: 4.062254428863525
val/match_cost_mean: 7.718166351318359
val/match_cost_std: 14.511334419250488
val/max_cost: 74.19153594970703
val/mean-predicted-length: 44.05470275878906
val/mean-target-length: 30.315338134765625
val/next-item-accuracy: 0.47252389788627625
val/next-item-mae: 0.6499983072280884
val/next-item-map: 0.1422717422246933
val/next-item-map-weighted: 0.38658174872398376
val/next-item-max-f-score: 0.20399275422096252
val/next-item-max-f-score-weighted: 0.46589478850364685
val/next-item-mean-time-step: 0.898967444896698
val/next-item-rmse: 1.0904920101165771
val/next-k-label-distribution-delta: 15.572399139404297
val/optimal-transport-distance: 35.544776916503906
val/prediction_match_rate: 0.4321209490299225
val/sequence-labels-entropy: 0.866404116153717
val/target-sequence-labels-entropy: 1.4652186632156372
val/target_match_rate: 1.0
