date: '2025-04-09 17:24:51'
test/T-mAP: 0.18305176496505737
test/T-mAP-weighted: 0.5029194355010986
test/horizon-max-f-score: 0.24409212172031403
test/horizon-max-f-score-weighted: 0.5655211210250854
test/horizon-mean-time-step: 0.19262094795703888
test/loss: 6.869661808013916
test/loss__presence: 0.39672067761421204
test/loss_labels: 1.106309175491333
test/loss_next_item_labels: 1.577242374420166
test/loss_next_item_timestamps: 0.6419883370399475
test/loss_timestamps: 3.147402286529541
test/match_cost_mean: 4.294449329376221
test/match_cost_std: 13.239367485046387
test/max_cost: 74.04350280761719
test/mean-predicted-length: 28.882312774658203
test/mean-target-length: 26.048580169677734
test/next-item-accuracy: 0.45449841022491455
test/next-item-mae: 0.6382989287376404
test/next-item-map: 0.13954344391822815
test/next-item-map-weighted: 0.3712753653526306
test/next-item-max-f-score: 0.19899533689022064
test/next-item-max-f-score-weighted: 0.45123976469039917
test/next-item-mean-time-step: 0.8706219792366028
test/next-item-rmse: 1.0678974390029907
test/next-k-label-distribution-delta: 11.7461519241333
test/optimal-transport-distance: 24.037038803100586
test/prediction_match_rate: 0.3952944278717041
test/sequence-labels-entropy: 0.8109274506568909
test/target-sequence-labels-entropy: 1.4839295148849487
test/target_match_rate: 1.0
val/T-mAP: 0.19539670646190643
val/T-mAP-weighted: 0.5316758751869202
val/horizon-max-f-score: 0.2628473937511444
val/horizon-max-f-score-weighted: 0.5884087681770325
val/horizon-mean-time-step: 0.19309230148792267
val/loss: 6.776904582977295
val/loss__presence: 0.3820524215698242
val/loss_labels: 1.0622590780258179
val/loss_next_item_labels: 1.5281733274459839
val/loss_next_item_timestamps: 0.6547082662582397
val/loss_timestamps: 3.149711847305298
val/match_cost_mean: 4.303779602050781
val/match_cost_std: 12.982004165649414
val/max_cost: 72.90099334716797
val/mean-predicted-length: 28.90847396850586
val/mean-target-length: 25.750446319580078
val/next-item-accuracy: 0.47252389788627625
val/next-item-mae: 0.6499983072280884
val/next-item-map: 0.1422717422246933
val/next-item-map-weighted: 0.38658174872398376
val/next-item-max-f-score: 0.20399275422096252
val/next-item-max-f-score-weighted: 0.46589478850364685
val/next-item-mean-time-step: 0.898967444896698
val/next-item-rmse: 1.0904920101165771
val/next-k-label-distribution-delta: 11.011083602905273
val/optimal-transport-distance: 23.78591537475586
val/prediction_match_rate: 0.38367122411727905
val/sequence-labels-entropy: 0.8124533295631409
val/target-sequence-labels-entropy: 1.4341344833374023
val/target_match_rate: 1.0
