date: '2025-04-09 17:25:21'
test/T-mAP: 0.12133385986089706
test/T-mAP-weighted: 0.43563976883888245
test/horizon-max-f-score: 0.1772964596748352
test/horizon-max-f-score-weighted: 0.4972827732563019
test/horizon-mean-time-step: 0.6779298186302185
test/loss: 2.9016451835632324
test/loss_decoder_labels: 1.385960340499878
test/loss_decoder_timestamps: 0.5794317126274109
test/loss_diffusion: 0.9362080693244934
test/loss_embedder_regularizer: 4.4826465455116704e-05
test/mean-predicted-length: 40.59801483154297
test/mean-target-length: 30.596988677978516
test/next-item-accuracy: 0.387539803981781
test/next-item-mae: 0.6752701997756958
test/next-item-map: 0.07489354908466339
test/next-item-map-weighted: 0.3074618875980377
test/next-item-max-f-score: 0.11972605437040329
test/next-item-max-f-score-weighted: 0.40135863423347473
test/next-item-mean-time-step: 0.8890436291694641
test/next-item-rmse: 1.0577561855316162
test/next-k-label-distribution-delta: 16.49538230895996
test/optimal-transport-distance: 37.14403533935547
test/sequence-labels-entropy: 1.020033359527588
test/target-sequence-labels-entropy: 1.5182714462280273
val/T-mAP: 0.12555278837680817
val/T-mAP-weighted: 0.43969395756721497
val/horizon-max-f-score: 0.18447399139404297
val/horizon-max-f-score-weighted: 0.5078480243682861
val/horizon-mean-time-step: 0.6911068558692932
val/loss: 2.8575241565704346
val/loss_decoder_labels: 1.3364650011062622
val/loss_decoder_timestamps: 0.5956705808639526
val/loss_diffusion: 0.9253432750701904
val/loss_embedder_regularizer: 4.499873466556892e-05
val/mean-predicted-length: 40.29960632324219
val/mean-target-length: 30.315338134765625
val/next-item-accuracy: 0.4061012864112854
val/next-item-mae: 0.6833736896514893
val/next-item-map: 0.07990223914384842
val/next-item-map-weighted: 0.32081180810928345
val/next-item-max-f-score: 0.12583984434604645
val/next-item-max-f-score-weighted: 0.41680583357810974
val/next-item-mean-time-step: 0.9160404205322266
val/next-item-rmse: 1.0808601379394531
val/next-k-label-distribution-delta: 15.958526611328125
val/optimal-transport-distance: 36.78702163696289
val/sequence-labels-entropy: 0.9877828359603882
val/target-sequence-labels-entropy: 1.4652186632156372
