date: '2025-04-09 17:24:59'
test/T-mAP: 0.15668059885501862
test/T-mAP-weighted: 0.5534500479698181
test/horizon-max-f-score: 0.20879875123500824
test/horizon-max-f-score-weighted: 0.576375424861908
test/horizon-mean-time-step: 0.6681404709815979
test/loss: 2.8936822414398193
test/loss_decoder_labels: 1.3808319568634033
test/loss_decoder_timestamps: 0.5790232419967651
test/loss_diffusion: 0.9337823987007141
test/loss_embedder_regularizer: 4.4826450903201476e-05
test/mean-predicted-length: 26.937734603881836
test/mean-target-length: 26.048580169677734
test/next-item-accuracy: 0.3902069926261902
test/next-item-mae: 0.6747299432754517
test/next-item-map: 0.07411853224039078
test/next-item-map-weighted: 0.30539244413375854
test/next-item-max-f-score: 0.11933065205812454
test/next-item-max-f-score-weighted: 0.4009529948234558
test/next-item-mean-time-step: 0.8888697028160095
test/next-item-rmse: 1.0569897890090942
test/next-k-label-distribution-delta: 12.333904266357422
test/optimal-transport-distance: 24.88252830505371
test/sequence-labels-entropy: 0.9860531687736511
test/target-sequence-labels-entropy: 1.4839295148849487
val/T-mAP: 0.16210399568080902
val/T-mAP-weighted: 0.5632429122924805
val/horizon-max-f-score: 0.2168475091457367
val/horizon-max-f-score-weighted: 0.5918403267860413
val/horizon-mean-time-step: 0.6803805828094482
val/loss: 2.8591480255126953
val/loss_decoder_labels: 1.3373770713806152
val/loss_decoder_timestamps: 0.5951308012008667
val/loss_diffusion: 0.9265947937965393
val/loss_embedder_regularizer: 4.4995736971031874e-05
val/mean-predicted-length: 26.739721298217773
val/mean-target-length: 25.750446319580078
val/next-item-accuracy: 0.40907058119773865
val/next-item-mae: 0.6848788857460022
val/next-item-map: 0.07918370515108109
val/next-item-map-weighted: 0.32242944836616516
val/next-item-max-f-score: 0.1252802461385727
val/next-item-max-f-score-weighted: 0.4176832437515259
val/next-item-mean-time-step: 0.9165890216827393
val/next-item-rmse: 1.0797215700149536
val/next-k-label-distribution-delta: 11.798355102539062
val/optimal-transport-distance: 24.57425880432129
val/sequence-labels-entropy: 0.9626532793045044
val/target-sequence-labels-entropy: 1.4341344833374023
