date: '2025-04-09 17:25:48'
test/T-mAP: 0.09172609448432922
test/T-mAP-weighted: 0.3339370787143707
test/horizon-max-f-score: 0.14670489728450775
test/horizon-max-f-score-weighted: 0.4182315468788147
test/horizon-mean-time-step: 0.3756081461906433
test/loss: 2.896158456802368
test/loss_decoder_labels: 1.3820586204528809
test/loss_decoder_timestamps: 0.5797109007835388
test/loss_diffusion: 0.9343443512916565
test/loss_embedder_regularizer: 4.4827629608334973e-05
test/mean-predicted-length: 59.004241943359375
test/mean-target-length: 39.46723175048828
test/next-item-accuracy: 0.3958996832370758
test/next-item-mae: 0.6744627356529236
test/next-item-map: 0.07675760239362717
test/next-item-map-weighted: 0.3100721836090088
test/next-item-max-f-score: 0.12069389224052429
test/next-item-max-f-score-weighted: 0.4017864763736725
test/next-item-mean-time-step: 0.8898582458496094
test/next-item-rmse: 1.0559685230255127
test/next-k-label-distribution-delta: 20.77887725830078
test/optimal-transport-distance: 47.82059097290039
test/sequence-labels-entropy: 0.9074572920799255
test/target-sequence-labels-entropy: 1.3090177774429321
val/T-mAP: 0.09588079154491425
val/T-mAP-weighted: 0.34092533588409424
val/horizon-max-f-score: 0.15213517844676971
val/horizon-max-f-score-weighted: 0.42830389738082886
val/horizon-mean-time-step: 0.37143728137016296
val/loss: 2.858429431915283
val/loss_decoder_labels: 1.3364235162734985
val/loss_decoder_timestamps: 0.5955289006233215
val/loss_diffusion: 0.926432192325592
val/loss_embedder_regularizer: 4.500135764828883e-05
val/mean-predicted-length: 59.03709411621094
val/mean-target-length: 39.33082580566406
val/next-item-accuracy: 0.4128533601760864
val/next-item-mae: 0.6866138577461243
val/next-item-map: 0.0799737274646759
val/next-item-map-weighted: 0.3221758008003235
val/next-item-max-f-score: 0.1236255094408989
val/next-item-max-f-score-weighted: 0.41609901189804077
val/next-item-mean-time-step: 0.9169689416885376
val/next-item-rmse: 1.0808229446411133
val/next-k-label-distribution-delta: 20.127317428588867
val/optimal-transport-distance: 47.33797073364258
val/sequence-labels-entropy: 0.8546780347824097
val/target-sequence-labels-entropy: 1.229600191116333
