date: '2025-04-09 17:24:41'
test/T-mAP: 0.15455888211727142
test/T-mAP-weighted: 0.5330273509025574
test/horizon-max-f-score: 0.21275940537452698
test/horizon-max-f-score-weighted: 0.5737665295600891
test/horizon-mean-time-step: 0.6485870480537415
test/loss: 2.9006950855255127
test/loss_decoder_labels: 1.3853373527526855
test/loss_decoder_timestamps: 0.5796436667442322
test/loss_diffusion: 0.9356694221496582
test/loss_embedder_regularizer: 4.482445729081519e-05
test/mean-predicted-length: 13.888813018798828
test/mean-target-length: 15.583646774291992
test/next-item-accuracy: 0.395222932100296
test/next-item-mae: 0.6775261759757996
test/next-item-map: 0.07483664155006409
test/next-item-map-weighted: 0.30644309520721436
test/next-item-max-f-score: 0.1184719055891037
test/next-item-max-f-score-weighted: 0.40143150091171265
test/next-item-mean-time-step: 0.8894680142402649
test/next-item-rmse: 1.0592643022537231
test/next-k-label-distribution-delta: 7.254190921783447
test/optimal-transport-distance: 12.974547386169434
test/sequence-labels-entropy: 0.973795473575592
test/target-sequence-labels-entropy: 1.4227653741836548
val/T-mAP: 0.16501615941524506
val/T-mAP-weighted: 0.5440384149551392
val/horizon-max-f-score: 0.2190382033586502
val/horizon-max-f-score-weighted: 0.5827049016952515
val/horizon-mean-time-step: 0.6506919860839844
val/loss: 2.8635663986206055
val/loss_decoder_labels: 1.340651512145996
val/loss_decoder_timestamps: 0.5955849885940552
val/loss_diffusion: 0.927284836769104
val/loss_embedder_regularizer: 4.499881106312387e-05
val/mean-predicted-length: 13.91204833984375
val/mean-target-length: 15.263496398925781
val/next-item-accuracy: 0.4081350564956665
val/next-item-mae: 0.6858534216880798
val/next-item-map: 0.07799061387777328
val/next-item-map-weighted: 0.3188702464103699
val/next-item-max-f-score: 0.12479725480079651
val/next-item-max-f-score-weighted: 0.41593167185783386
val/next-item-mean-time-step: 0.9167419075965881
val/next-item-rmse: 1.0834063291549683
val/next-k-label-distribution-delta: 6.962459564208984
val/optimal-transport-distance: 12.801078796386719
val/sequence-labels-entropy: 0.953787624835968
val/target-sequence-labels-entropy: 1.385812759399414
