date: '2025-04-09 17:11:34'
test/T-mAP: 0.044750820845365524
test/T-mAP-weighted: 0.11177520453929901
test/horizon-max-f-score: 0.1027563065290451
test/horizon-max-f-score-weighted: 0.19053612649440765
test/horizon-mean-time-step: 0.1893467903137207
test/loss: 2.313142776489258
test/loss_labels: 1.6664526462554932
test/loss_timestamps: 0.6466901302337646
test/mean-predicted-length: 93.01676177978516
test/mean-target-length: 30.596988677978516
test/next-item-accuracy: 0.4533439576625824
test/next-item-mae: 0.6457931399345398
test/next-item-map: 0.11307206749916077
test/next-item-map-weighted: 0.34989452362060547
test/next-item-max-f-score: 0.16752168536186218
test/next-item-max-f-score-weighted: 0.4374310076236725
test/next-item-mean-time-step: 0.8733404874801636
test/next-item-rmse: 1.07919442653656
test/next-k-label-distribution-delta: 32.30242919921875
test/optimal-transport-distance: 45.97711944580078
test/sequence-labels-entropy: 0.12666472792625427
test/target-sequence-labels-entropy: 1.5182714462280273
val/T-mAP: 0.05254403129220009
val/T-mAP-weighted: 0.12019199132919312
val/horizon-max-f-score: 0.1163991391658783
val/horizon-max-f-score-weighted: 0.19748814404010773
val/horizon-mean-time-step: 0.19411225616931915
val/loss: 2.2821168899536133
val/loss_labels: 1.6196669340133667
val/loss_timestamps: 0.66245037317276
val/mean-predicted-length: 92.75151824951172
val/mean-target-length: 30.315338134765625
val/next-item-accuracy: 0.46918854117393494
val/next-item-mae: 0.6598353385925293
val/next-item-map: 0.11737190932035446
val/next-item-map-weighted: 0.36252912878990173
val/next-item-max-f-score: 0.18017542362213135
val/next-item-max-f-score-weighted: 0.45182564854621887
val/next-item-mean-time-step: 0.9023231267929077
val/next-item-rmse: 1.1055363416671753
val/next-k-label-distribution-delta: 31.111190795898438
val/optimal-transport-distance: 45.687583923339844
val/sequence-labels-entropy: 0.1153307631611824
val/target-sequence-labels-entropy: 1.4652185440063477
