date: '2025-04-09 17:07:43'
test/T-mAP: 0.05873982608318329
test/T-mAP-weighted: 0.15501205623149872
test/horizon-max-f-score: 0.11929753422737122
test/horizon-max-f-score-weighted: 0.252763569355011
test/horizon-mean-time-step: 0.23011307418346405
test/loss: 2.313142776489258
test/loss_labels: 1.6664526462554932
test/loss_timestamps: 0.6466901302337646
test/mean-predicted-length: 60.48922348022461
test/mean-target-length: 26.048580169677734
test/next-item-accuracy: 0.4533439576625824
test/next-item-mae: 0.6457931399345398
test/next-item-map: 0.11307206749916077
test/next-item-map-weighted: 0.34989452362060547
test/next-item-max-f-score: 0.16752168536186218
test/next-item-max-f-score-weighted: 0.4374310076236725
test/next-item-mean-time-step: 0.8733404874801636
test/next-item-rmse: 1.07919442653656
test/next-k-label-distribution-delta: 21.161136627197266
test/optimal-transport-distance: 29.30736541748047
test/sequence-labels-entropy: 0.12938056886196136
test/target-sequence-labels-entropy: 1.4839293956756592
val/T-mAP: 0.0671481117606163
val/T-mAP-weighted: 0.161245197057724
val/horizon-max-f-score: 0.13323302567005157
val/horizon-max-f-score-weighted: 0.25892332196235657
val/horizon-mean-time-step: 0.23536160588264465
val/loss: 2.2821168899536133
val/loss_labels: 1.6196669340133667
val/loss_timestamps: 0.66245037317276
val/mean-predicted-length: 60.27422332763672
val/mean-target-length: 25.750446319580078
val/next-item-accuracy: 0.46918854117393494
val/next-item-mae: 0.6598353385925293
val/next-item-map: 0.11737190932035446
val/next-item-map-weighted: 0.36252912878990173
val/next-item-max-f-score: 0.18017542362213135
val/next-item-max-f-score-weighted: 0.45182564854621887
val/next-item-mean-time-step: 0.9023231267929077
val/next-item-rmse: 1.1055363416671753
val/next-k-label-distribution-delta: 20.38970375061035
val/optimal-transport-distance: 29.08280372619629
val/sequence-labels-entropy: 0.11730503290891647
val/target-sequence-labels-entropy: 1.4341344833374023
