date: '2025-04-09 17:18:22'
test/T-mAP: 0.05435532331466675
test/T-mAP-weighted: 0.17200133204460144
test/horizon-max-f-score: 0.1124497726559639
test/horizon-max-f-score-weighted: 0.23077057301998138
test/horizon-mean-time-step: 0.38667115569114685
test/loss: 2.259892702102661
test/loss_labels: 1.6192137002944946
test/loss_timestamps: 0.640678882598877
test/mean-predicted-length: 102.9971694946289
test/mean-target-length: 39.46723175048828
test/next-item-accuracy: 0.45406049489974976
test/next-item-mae: 0.6398295164108276
test/next-item-map: 0.12301253527402878
test/next-item-map-weighted: 0.35959485173225403
test/next-item-max-f-score: 0.18264974653720856
test/next-item-max-f-score-weighted: 0.4444960057735443
test/next-item-mean-time-step: 0.8751182556152344
test/next-item-rmse: 1.0703444480895996
test/next-k-label-distribution-delta: 43.23337936401367
test/optimal-transport-distance: 57.02666091918945
test/sequence-labels-entropy: 0.07399371266365051
test/target-sequence-labels-entropy: 1.3090177774429321
val/T-mAP: 0.05844792351126671
val/T-mAP-weighted: 0.17984949052333832
val/horizon-max-f-score: 0.11384271830320358
val/horizon-max-f-score-weighted: 0.23889212310314178
val/horizon-mean-time-step: 0.385347455739975
val/loss: 2.2319672107696533
val/loss_labels: 1.575661540031433
val/loss_timestamps: 0.6563057899475098
val/mean-predicted-length: 103.89674377441406
val/mean-target-length: 39.33082580566406
val/next-item-accuracy: 0.46979865431785583
val/next-item-mae: 0.6536749601364136
val/next-item-map: 0.12410835921764374
val/next-item-map-weighted: 0.37434548139572144
val/next-item-max-f-score: 0.18333886563777924
val/next-item-max-f-score-weighted: 0.45837610960006714
val/next-item-mean-time-step: 0.9036771059036255
val/next-item-rmse: 1.094788670539856
val/next-k-label-distribution-delta: 41.530826568603516
val/optimal-transport-distance: 56.37537384033203
val/sequence-labels-entropy: 0.060094837099313736
val/target-sequence-labels-entropy: 1.2296003103256226
