date: '2025-04-09 17:05:54'
test/T-mAP: 0.09326016902923584
test/T-mAP-weighted: 0.31938421726226807
test/horizon-max-f-score: 0.15630483627319336
test/horizon-max-f-score-weighted: 0.39025068283081055
test/horizon-mean-time-step: 0.43215206265449524
test/loss: 2.259892702102661
test/loss_labels: 1.6192137002944946
test/loss_timestamps: 0.640678882598877
test/mean-predicted-length: 22.341772079467773
test/mean-target-length: 15.583646774291992
test/next-item-accuracy: 0.45406049489974976
test/next-item-mae: 0.6398295164108276
test/next-item-map: 0.12301253527402878
test/next-item-map-weighted: 0.35959485173225403
test/next-item-max-f-score: 0.18264974653720856
test/next-item-max-f-score-weighted: 0.4444960057735443
test/next-item-mean-time-step: 0.8751182556152344
test/next-item-rmse: 1.0703444480895996
test/next-k-label-distribution-delta: 10.426959037780762
test/optimal-transport-distance: 13.6135835647583
test/sequence-labels-entropy: 0.1376873254776001
test/target-sequence-labels-entropy: 1.4227653741836548
val/T-mAP: 0.09997770935297012
val/T-mAP-weighted: 0.3263128995895386
val/horizon-max-f-score: 0.15745899081230164
val/horizon-max-f-score-weighted: 0.3975665867328644
val/horizon-mean-time-step: 0.4343979060649872
val/loss: 2.2319672107696533
val/loss_labels: 1.575661540031433
val/loss_timestamps: 0.6563057899475098
val/mean-predicted-length: 22.418663024902344
val/mean-target-length: 15.263496398925781
val/next-item-accuracy: 0.46979865431785583
val/next-item-mae: 0.6536749601364136
val/next-item-map: 0.12410835921764374
val/next-item-map-weighted: 0.37434548139572144
val/next-item-max-f-score: 0.18333886563777924
val/next-item-max-f-score-weighted: 0.45837610960006714
val/next-item-mean-time-step: 0.9036771059036255
val/next-item-rmse: 1.094788670539856
val/next-k-label-distribution-delta: 10.080801010131836
val/optimal-transport-distance: 13.522038459777832
val/sequence-labels-entropy: 0.11898797750473022
val/target-sequence-labels-entropy: 1.385812759399414
