date: '2025-04-09 17:05:34'
test/T-mAP: 0.08128868788480759
test/T-mAP-weighted: 0.25340181589126587
test/horizon-max-f-score: 0.1411397010087967
test/horizon-max-f-score-weighted: 0.3498338460922241
test/horizon-mean-time-step: 0.3176726996898651
test/loss: 2.313142776489258
test/loss_labels: 1.6664526462554932
test/loss_timestamps: 0.6466901302337646
test/mean-predicted-length: 26.13308334350586
test/mean-target-length: 15.583646774291992
test/next-item-accuracy: 0.4533439576625824
test/next-item-mae: 0.6457931399345398
test/next-item-map: 0.11307206749916077
test/next-item-map-weighted: 0.34989452362060547
test/next-item-max-f-score: 0.16752168536186218
test/next-item-max-f-score-weighted: 0.4374310076236725
test/next-item-mean-time-step: 0.8733404874801636
test/next-item-rmse: 1.07919442653656
test/next-k-label-distribution-delta: 10.394800186157227
test/optimal-transport-distance: 13.814510345458984
test/sequence-labels-entropy: 0.14073096215724945
test/target-sequence-labels-entropy: 1.4227653741836548
val/T-mAP: 0.09561529755592346
val/T-mAP-weighted: 0.2597007155418396
val/horizon-max-f-score: 0.16299985349178314
val/horizon-max-f-score-weighted: 0.35782134532928467
val/horizon-mean-time-step: 0.32357701659202576
val/loss: 2.2821168899536133
val/loss_labels: 1.6196669340133667
val/loss_timestamps: 0.66245037317276
val/mean-predicted-length: 25.77475929260254
val/mean-target-length: 15.263496398925781
val/next-item-accuracy: 0.46918854117393494
val/next-item-mae: 0.6598353385925293
val/next-item-map: 0.11737190932035446
val/next-item-map-weighted: 0.36252912878990173
val/next-item-max-f-score: 0.18017542362213135
val/next-item-max-f-score-weighted: 0.45182564854621887
val/next-item-mean-time-step: 0.9023231267929077
val/next-item-rmse: 1.1055363416671753
val/next-k-label-distribution-delta: 10.054344177246094
val/optimal-transport-distance: 13.694034576416016
val/sequence-labels-entropy: 0.12780676782131195
val/target-sequence-labels-entropy: 1.385812759399414
