date: '2025-04-09 17:08:19'
test/T-mAP: 0.07306888699531555
test/T-mAP-weighted: 0.24866434931755066
test/horizon-max-f-score: 0.13018235564231873
test/horizon-max-f-score-weighted: 0.30161184072494507
test/horizon-mean-time-step: 0.3981582224369049
test/loss: 2.259892702102661
test/loss_labels: 1.6192137002944946
test/loss_timestamps: 0.640678882598877
test/mean-predicted-length: 49.12247848510742
test/mean-target-length: 26.048580169677734
test/next-item-accuracy: 0.45406049489974976
test/next-item-mae: 0.6398295164108276
test/next-item-map: 0.12301253527402878
test/next-item-map-weighted: 0.35959485173225403
test/next-item-max-f-score: 0.18264974653720856
test/next-item-max-f-score-weighted: 0.4444960057735443
test/next-item-mean-time-step: 0.8751182556152344
test/next-item-rmse: 1.0703444480895996
test/next-k-label-distribution-delta: 21.21587562561035
test/optimal-transport-distance: 28.147037506103516
test/sequence-labels-entropy: 0.1156214252114296
test/target-sequence-labels-entropy: 1.4839293956756592
val/T-mAP: 0.076570063829422
val/T-mAP-weighted: 0.25525152683258057
val/horizon-max-f-score: 0.13068126142024994
val/horizon-max-f-score-weighted: 0.30827242136001587
val/horizon-mean-time-step: 0.3990705609321594
val/loss: 2.2319672107696533
val/loss_labels: 1.575661540031433
val/loss_timestamps: 0.6563057899475098
val/mean-predicted-length: 49.3764762878418
val/mean-target-length: 25.750446319580078
val/next-item-accuracy: 0.46979865431785583
val/next-item-mae: 0.6536749601364136
val/next-item-map: 0.12410835921764374
val/next-item-map-weighted: 0.37434548139572144
val/next-item-max-f-score: 0.18333886563777924
val/next-item-max-f-score-weighted: 0.45837610960006714
val/next-item-mean-time-step: 0.9036771059036255
val/next-item-rmse: 1.094788670539856
val/next-k-label-distribution-delta: 20.444047927856445
val/optimal-transport-distance: 27.954118728637695
val/sequence-labels-entropy: 0.09832330048084259
val/target-sequence-labels-entropy: 1.4341344833374023
