date: '2025-04-09 17:12:26'
test/T-mAP: 0.05924436077475548
test/T-mAP-weighted: 0.19481772184371948
test/horizon-max-f-score: 0.11411277949810028
test/horizon-max-f-score-weighted: 0.24020402133464813
test/horizon-mean-time-step: 0.38374555110931396
test/loss: 2.259892702102661
test/loss_labels: 1.6192137002944946
test/loss_timestamps: 0.640678882598877
test/mean-predicted-length: 76.88162994384766
test/mean-target-length: 30.596988677978516
test/next-item-accuracy: 0.45406049489974976
test/next-item-mae: 0.6398295164108276
test/next-item-map: 0.12301253527402878
test/next-item-map-weighted: 0.35959485173225403
test/next-item-max-f-score: 0.18264974653720856
test/next-item-max-f-score-weighted: 0.4444960057735443
test/next-item-mean-time-step: 0.8751182556152344
test/next-item-rmse: 1.0703444480895996
test/next-k-label-distribution-delta: 32.3831672668457
test/optimal-transport-distance: 43.15715408325195
test/sequence-labels-entropy: 0.10488349199295044
test/target-sequence-labels-entropy: 1.5182714462280273
val/T-mAP: 0.06274498254060745
val/T-mAP-weighted: 0.20162642002105713
val/horizon-max-f-score: 0.11508798599243164
val/horizon-max-f-score-weighted: 0.24449370801448822
val/horizon-mean-time-step: 0.3840140700340271
val/loss: 2.2319672107696533
val/loss_labels: 1.575661540031433
val/loss_timestamps: 0.6563057899475098
val/mean-predicted-length: 77.29888916015625
val/mean-target-length: 30.315338134765625
val/next-item-accuracy: 0.46979865431785583
val/next-item-mae: 0.6536749601364136
val/next-item-map: 0.12410835921764374
val/next-item-map-weighted: 0.37434548139572144
val/next-item-max-f-score: 0.18333886563777924
val/next-item-max-f-score-weighted: 0.45837610960006714
val/next-item-mean-time-step: 0.9036771059036255
val/next-item-rmse: 1.094788670539856
val/next-k-label-distribution-delta: 31.184125900268555
val/optimal-transport-distance: 42.872535705566406
val/sequence-labels-entropy: 0.08776109665632248
val/target-sequence-labels-entropy: 1.4652185440063477
