date: '2025-04-09 17:17:13'
test/T-mAP: 0.04028911888599396
test/T-mAP-weighted: 0.09708251059055328
test/horizon-max-f-score: 0.09557854384183884
test/horizon-max-f-score-weighted: 0.1601966768503189
test/horizon-mean-time-step: 0.1645343005657196
test/loss: 2.313142776489258
test/loss_labels: 1.6664526462554932
test/loss_timestamps: 0.6466901302337646
test/mean-predicted-length: 124.35879516601562
test/mean-target-length: 39.46723175048828
test/next-item-accuracy: 0.4533439576625824
test/next-item-mae: 0.6457931399345398
test/next-item-map: 0.11307206749916077
test/next-item-map-weighted: 0.34989452362060547
test/next-item-max-f-score: 0.16752168536186218
test/next-item-max-f-score-weighted: 0.4374310076236725
test/next-item-mean-time-step: 0.8733404874801636
test/next-item-rmse: 1.07919442653656
test/next-k-label-distribution-delta: 43.108909606933594
test/optimal-transport-distance: 62.386653900146484
test/sequence-labels-entropy: 0.08733350783586502
test/target-sequence-labels-entropy: 1.3090177774429321
val/T-mAP: 0.048481859266757965
val/T-mAP-weighted: 0.10882126539945602
val/horizon-max-f-score: 0.10945560783147812
val/horizon-max-f-score-weighted: 0.17213991284370422
val/horizon-mean-time-step: 0.1687697470188141
val/loss: 2.2821168899536133
val/loss_labels: 1.6196669340133667
val/loss_timestamps: 0.66245037317276
val/mean-predicted-length: 124.01704406738281
val/mean-target-length: 39.33082580566406
val/next-item-accuracy: 0.46918854117393494
val/next-item-mae: 0.6598353385925293
val/next-item-map: 0.11737190932035446
val/next-item-map-weighted: 0.36252912878990173
val/next-item-max-f-score: 0.18017542362213135
val/next-item-max-f-score-weighted: 0.45182564854621887
val/next-item-mean-time-step: 0.9023231267929077
val/next-item-rmse: 1.1055363416671753
val/next-k-label-distribution-delta: 41.42656707763672
val/optimal-transport-distance: 61.90639877319336
val/sequence-labels-entropy: 0.08050967752933502
val/target-sequence-labels-entropy: 1.2296003103256226
