date: '2025-04-09 17:20:35'
test/T-mAP: 0.057433512061834335
test/T-mAP-weighted: 0.2090601623058319
test/horizon-max-f-score: 0.10356095433235168
test/horizon-max-f-score-weighted: 0.27810800075531006
test/horizon-mean-time-step: 0.6459445953369141
test/loss: 2.394075870513916
test/loss_nhp: 2.394075870513916
test/mean-predicted-length: 57.54030990600586
test/mean-target-length: 39.46723175048828
test/next-item-accuracy: 0.44589969515800476
test/next-item-mae: 0.7224170565605164
test/next-item-map: 0.109397292137146
test/next-item-map-weighted: 0.3463665843009949
test/next-item-max-f-score: 0.16480860114097595
test/next-item-max-f-score-weighted: 0.4347277283668518
test/next-item-mean-time-step: 0.8797615766525269
test/next-item-rmse: 1.0416450500488281
test/next-k-label-distribution-delta: 43.8661003112793
test/optimal-transport-distance: 52.793514251708984
test/sequence-labels-entropy: 0.03395066410303116
test/target-sequence-labels-entropy: 1.3090177774429321
test/thinning_accepted: 49.14474868774414
val/T-mAP: 0.06132415309548378
val/T-mAP-weighted: 0.22652994096279144
val/horizon-max-f-score: 0.10424169898033142
val/horizon-max-f-score-weighted: 0.2901770770549774
val/horizon-mean-time-step: 0.6464915871620178
val/loss: 2.386766195297241
val/loss_nhp: 2.386766195297241
val/mean-predicted-length: 57.2406005859375
val/mean-target-length: 39.33082580566406
val/next-item-accuracy: 0.4655277729034424
val/next-item-mae: 0.7292617559432983
val/next-item-map: 0.1118730828166008
val/next-item-map-weighted: 0.36232608556747437
val/next-item-max-f-score: 0.17061597108840942
val/next-item-max-f-score-weighted: 0.45020678639411926
val/next-item-mean-time-step: 0.9080464243888855
val/next-item-rmse: 1.0599737167358398
val/next-k-label-distribution-delta: 42.339847564697266
val/optimal-transport-distance: 51.362972259521484
val/sequence-labels-entropy: 0.03156036138534546
val/target-sequence-labels-entropy: 1.2296003103256226
val/thinning_accepted: 48.89712142944336
