date: '2025-04-09 17:09:28'
test/T-mAP: 0.09655087441205978
test/T-mAP-weighted: 0.3368605971336365
test/horizon-max-f-score: 0.15203863382339478
test/horizon-max-f-score-weighted: 0.43470150232315063
test/horizon-mean-time-step: 0.714842677116394
test/loss: 2.3950207233428955
test/loss_nhp: 2.3950207233428955
test/mean-predicted-length: 25.864181518554688
test/mean-target-length: 26.048580169677734
test/next-item-accuracy: 0.44593948125839233
test/next-item-mae: 0.7212162017822266
test/next-item-map: 0.1094667986035347
test/next-item-map-weighted: 0.3464294373989105
test/next-item-max-f-score: 0.16407419741153717
test/next-item-max-f-score-weighted: 0.4347713589668274
test/next-item-mean-time-step: 0.8797982335090637
test/next-item-rmse: 1.0419620275497437
test/next-k-label-distribution-delta: 21.57646369934082
test/optimal-transport-distance: 26.397809982299805
test/sequence-labels-entropy: 0.040662914514541626
test/target-sequence-labels-entropy: 1.4839293956756592
test/thinning_accepted: 49.20475387573242
val/T-mAP: 0.10166975855827332
val/T-mAP-weighted: 0.35277697443962097
val/horizon-max-f-score: 0.15904627740383148
val/horizon-max-f-score-weighted: 0.45033353567123413
val/horizon-mean-time-step: 0.7152263522148132
val/loss: 2.3881113529205322
val/loss_nhp: 2.3881113529205322
val/mean-predicted-length: 25.639970779418945
val/mean-target-length: 25.750446319580078
val/next-item-accuracy: 0.4655684232711792
val/next-item-mae: 0.7278738021850586
val/next-item-map: 0.11221484839916229
val/next-item-map-weighted: 0.3623422384262085
val/next-item-max-f-score: 0.17076143622398376
val/next-item-max-f-score-weighted: 0.45026686787605286
val/next-item-mean-time-step: 0.9074525833129883
val/next-item-rmse: 1.0598560571670532
val/next-k-label-distribution-delta: 20.86235237121582
val/optimal-transport-distance: 25.866933822631836
val/sequence-labels-entropy: 0.032847002148628235
val/target-sequence-labels-entropy: 1.4341344833374023
val/thinning_accepted: 48.954959869384766
