date: '2025-04-09 17:06:34'
test/T-mAP: 0.12124278396368027
test/T-mAP-weighted: 0.4200817346572876
test/horizon-max-f-score: 0.1834239959716797
test/horizon-max-f-score-weighted: 0.5236865282058716
test/horizon-mean-time-step: 0.7873471975326538
test/loss: 2.393280267715454
test/loss_nhp: 2.393280267715454
test/mean-predicted-length: 12.113240242004395
test/mean-target-length: 15.583646774291992
test/next-item-accuracy: 0.44593948125839233
test/next-item-mae: 0.7210786938667297
test/next-item-map: 0.10970070213079453
test/next-item-map-weighted: 0.34651151299476624
test/next-item-max-f-score: 0.16422270238399506
test/next-item-max-f-score-weighted: 0.4346456527709961
test/next-item-mean-time-step: 0.8799067139625549
test/next-item-rmse: 1.042252540588379
test/next-k-label-distribution-delta: 10.613068580627441
test/optimal-transport-distance: 13.2627534866333
test/sequence-labels-entropy: 0.03703537955880165
test/target-sequence-labels-entropy: 1.4227653741836548
test/thinning_accepted: 49.1180534362793
val/T-mAP: 0.1283475160598755
val/T-mAP-weighted: 0.4244202673435211
val/horizon-max-f-score: 0.19022633135318756
val/horizon-max-f-score-weighted: 0.532731831073761
val/horizon-mean-time-step: 0.7909483313560486
val/loss: 2.3869667053222656
val/loss_nhp: 2.3869667053222656
val/mean-predicted-length: 11.996782302856445
val/mean-target-length: 15.263496398925781
val/next-item-accuracy: 0.465731143951416
val/next-item-mae: 0.7284437417984009
val/next-item-map: 0.1121227964758873
val/next-item-map-weighted: 0.36232686042785645
val/next-item-max-f-score: 0.17041611671447754
val/next-item-max-f-score-weighted: 0.450214684009552
val/next-item-mean-time-step: 0.9082746505737305
val/next-item-rmse: 1.0610319375991821
val/next-k-label-distribution-delta: 10.296746253967285
val/optimal-transport-distance: 13.034804344177246
val/sequence-labels-entropy: 0.0309305302798748
val/target-sequence-labels-entropy: 1.385812759399414
val/thinning_accepted: 49.19591522216797
