date: '2025-04-09 17:14:08'
test/T-mAP: 0.07271923124790192
test/T-mAP-weighted: 0.25864318013191223
test/horizon-max-f-score: 0.12290570139884949
test/horizon-max-f-score-weighted: 0.3455742597579956
test/horizon-mean-time-step: 0.6765469908714294
test/loss: 2.3940629959106445
test/loss_nhp: 2.3940629959106445
test/mean-predicted-length: 40.63701629638672
test/mean-target-length: 30.596988677978516
test/next-item-accuracy: 0.44593948125839233
test/next-item-mae: 0.7221370339393616
test/next-item-map: 0.1093050017952919
test/next-item-map-weighted: 0.3463481366634369
test/next-item-max-f-score: 0.1637471318244934
test/next-item-max-f-score-weighted: 0.43464139103889465
test/next-item-mean-time-step: 0.8807913661003113
test/next-item-rmse: 1.0406579971313477
test/next-k-label-distribution-delta: 32.92576217651367
test/optimal-transport-distance: 39.811832427978516
test/sequence-labels-entropy: 0.045643698424100876
test/target-sequence-labels-entropy: 1.5182714462280273
test/thinning_accepted: 49.25300216674805
val/T-mAP: 0.07724437862634659
val/T-mAP-weighted: 0.27606678009033203
val/horizon-max-f-score: 0.127147376537323
val/horizon-max-f-score-weighted: 0.35873132944107056
val/horizon-mean-time-step: 0.6766186952590942
val/loss: 2.387600898742676
val/loss_nhp: 2.387600898742676
val/mean-predicted-length: 40.34465408325195
val/mean-target-length: 30.315338134765625
val/next-item-accuracy: 0.4654870927333832
val/next-item-mae: 0.7283912897109985
val/next-item-map: 0.11214251816272736
val/next-item-map-weighted: 0.3623175621032715
val/next-item-max-f-score: 0.17080658674240112
val/next-item-max-f-score-weighted: 0.45014688372612
val/next-item-mean-time-step: 0.9075537919998169
val/next-item-rmse: 1.059573769569397
val/next-k-label-distribution-delta: 31.808366775512695
val/optimal-transport-distance: 38.96424865722656
val/sequence-labels-entropy: 0.037398044019937515
val/target-sequence-labels-entropy: 1.4652185440063477
val/thinning_accepted: 49.00516891479492
