date: '2025-04-09 17:17:06'
test/T-mAP: 0.06460284441709518
test/T-mAP-weighted: 0.23719735443592072
test/horizon-max-f-score: 0.11137587577104568
test/horizon-max-f-score-weighted: 0.3179151117801666
test/horizon-mean-time-step: 0.6991461515426636
test/loss: 2.485008716583252
test/loss_nhp: 2.485008716583252
test/mean-predicted-length: 45.59938430786133
test/mean-target-length: 30.596988677978516
test/next-item-accuracy: 0.44120222330093384
test/next-item-mae: 0.7248594164848328
test/next-item-map: 0.08738530427217484
test/next-item-map-weighted: 0.332989364862442
test/next-item-max-f-score: 0.13875673711299896
test/next-item-max-f-score-weighted: 0.4240908622741699
test/next-item-mean-time-step: 0.8801615238189697
test/next-item-rmse: 1.0493019819259644
test/next-k-label-distribution-delta: 33.17755889892578
test/optimal-transport-distance: 39.96784210205078
test/sequence-labels-entropy: 0.04015453904867172
test/target-sequence-labels-entropy: 1.5182714462280273
test/thinning_accepted: 47.16899490356445
val/T-mAP: 0.07187459617853165
val/T-mAP-weighted: 0.2590191662311554
val/horizon-max-f-score: 0.12148614227771759
val/horizon-max-f-score-weighted: 0.33578193187713623
val/horizon-mean-time-step: 0.7000271677970886
val/loss: 2.4629321098327637
val/loss_nhp: 2.4629321098327637
val/mean-predicted-length: 44.839115142822266
val/mean-target-length: 30.315338134765625
val/next-item-accuracy: 0.4622737467288971
val/next-item-mae: 0.7286669611930847
val/next-item-map: 0.09204786270856857
val/next-item-map-weighted: 0.35112741589546204
val/next-item-max-f-score: 0.14194633066654205
val/next-item-max-f-score-weighted: 0.4398379325866699
val/next-item-mean-time-step: 0.906519889831543
val/next-item-rmse: 1.067604899406433
val/next-k-label-distribution-delta: 32.0
val/optimal-transport-distance: 39.07643508911133
val/sequence-labels-entropy: 0.03978542611002922
val/target-sequence-labels-entropy: 1.4652185440063477
val/thinning_accepted: 46.84075927734375
