date: '2025-04-09 17:24:28'
test/T-mAP: 0.05192474275827408
test/T-mAP-weighted: 0.20324276387691498
test/horizon-max-f-score: 0.09699317812919617
test/horizon-max-f-score-weighted: 0.2768435776233673
test/horizon-mean-time-step: 0.6694819927215576
test/loss: 2.4841089248657227
test/loss_nhp: 2.4841089248657227
test/mean-predicted-length: 64.94813537597656
test/mean-target-length: 39.46723175048828
test/next-item-accuracy: 0.44120222330093384
test/next-item-mae: 0.7246771454811096
test/next-item-map: 0.08712723106145859
test/next-item-map-weighted: 0.3325635492801666
test/next-item-max-f-score: 0.13850949704647064
test/next-item-max-f-score-weighted: 0.42405301332473755
test/next-item-mean-time-step: 0.8790221810340881
test/next-item-rmse: 1.0480331182479858
test/next-k-label-distribution-delta: 44.27251052856445
test/optimal-transport-distance: 53.07209396362305
test/sequence-labels-entropy: 0.02789626270532608
test/target-sequence-labels-entropy: 1.3090177774429321
test/thinning_accepted: 47.06172180175781
val/T-mAP: 0.0568731389939785
val/T-mAP-weighted: 0.22159244120121002
val/horizon-max-f-score: 0.10423360019922256
val/horizon-max-f-score-weighted: 0.28696268796920776
val/horizon-mean-time-step: 0.6692025065422058
val/loss: 2.462811231613159
val/loss_nhp: 2.462811231613159
val/mean-predicted-length: 63.87869644165039
val/mean-target-length: 39.33082580566406
val/next-item-accuracy: 0.4622737467288971
val/next-item-mae: 0.7288170456886292
val/next-item-map: 0.09180174022912979
val/next-item-map-weighted: 0.35117101669311523
val/next-item-max-f-score: 0.1416189968585968
val/next-item-max-f-score-weighted: 0.43994006514549255
val/next-item-mean-time-step: 0.9074355959892273
val/next-item-rmse: 1.0665223598480225
val/next-k-label-distribution-delta: 42.68972396850586
val/optimal-transport-distance: 51.594486236572266
val/sequence-labels-entropy: 0.02660066820681095
val/target-sequence-labels-entropy: 1.2296003103256226
val/thinning_accepted: 46.727542877197266
