date: '2025-04-09 17:07:37'
test/T-mAP: 0.10329432040452957
test/T-mAP-weighted: 0.38539162278175354
test/horizon-max-f-score: 0.15995918214321136
test/horizon-max-f-score-weighted: 0.48436978459358215
test/horizon-mean-time-step: 0.7497201561927795
test/loss: 2.4842026233673096
test/loss_nhp: 2.4842026233673096
test/mean-predicted-length: 13.479302406311035
test/mean-target-length: 15.583646774291992
test/next-item-accuracy: 0.44108280539512634
test/next-item-mae: 0.7238062024116516
test/next-item-map: 0.08813813328742981
test/next-item-map-weighted: 0.33308735489845276
test/next-item-max-f-score: 0.1400182992219925
test/next-item-max-f-score-weighted: 0.4245407283306122
test/next-item-mean-time-step: 0.8793861865997314
test/next-item-rmse: 1.05095374584198
test/next-k-label-distribution-delta: 10.705439567565918
test/optimal-transport-distance: 13.329839706420898
test/sequence-labels-entropy: 0.037331853061914444
test/target-sequence-labels-entropy: 1.4227653741836548
test/thinning_accepted: 47.044822692871094
val/T-mAP: 0.11155839264392853
val/T-mAP-weighted: 0.4008267819881439
val/horizon-max-f-score: 0.16793936491012573
val/horizon-max-f-score-weighted: 0.494844526052475
val/horizon-mean-time-step: 0.7495384812355042
val/loss: 2.463101625442505
val/loss_nhp: 2.463101625442505
val/mean-predicted-length: 13.346799850463867
val/mean-target-length: 15.263496398925781
val/next-item-accuracy: 0.4622737467288971
val/next-item-mae: 0.7277560830116272
val/next-item-map: 0.09181147068738937
val/next-item-map-weighted: 0.35078689455986023
val/next-item-max-f-score: 0.1419435739517212
val/next-item-max-f-score-weighted: 0.43952009081840515
val/next-item-mean-time-step: 0.9070644974708557
val/next-item-rmse: 1.0676779747009277
val/next-k-label-distribution-delta: 10.389702796936035
val/optimal-transport-distance: 13.082759857177734
val/sequence-labels-entropy: 0.036376748234033585
val/target-sequence-labels-entropy: 1.385812759399414
val/thinning_accepted: 47.01624298095703
