date: '2025-04-09 17:11:27'
test/T-mAP: 0.08396612107753754
test/T-mAP-weighted: 0.30580073595046997
test/horizon-max-f-score: 0.13561955094337463
test/horizon-max-f-score-weighted: 0.39682355523109436
test/horizon-mean-time-step: 0.7126004099845886
test/loss: 2.4857709407806396
test/loss_nhp: 2.4857709407806396
test/mean-predicted-length: 29.24666404724121
test/mean-target-length: 26.048580169677734
test/next-item-accuracy: 0.44140127301216125
test/next-item-mae: 0.7243019342422485
test/next-item-map: 0.08755157887935638
test/next-item-map-weighted: 0.3331453204154968
test/next-item-max-f-score: 0.1382351815700531
test/next-item-max-f-score-weighted: 0.42413780093193054
test/next-item-mean-time-step: 0.8791139125823975
test/next-item-rmse: 1.0503612756729126
test/next-k-label-distribution-delta: 21.74341583251953
test/optimal-transport-distance: 26.476009368896484
test/sequence-labels-entropy: 0.03832758218050003
test/target-sequence-labels-entropy: 1.4839293956756592
test/thinning_accepted: 47.09552001953125
val/T-mAP: 0.09299356490373611
val/T-mAP-weighted: 0.3280084729194641
val/horizon-max-f-score: 0.14731775224208832
val/horizon-max-f-score-weighted: 0.4146287739276886
val/horizon-mean-time-step: 0.7143653035163879
val/loss: 2.4634881019592285
val/loss_nhp: 2.4634881019592285
val/mean-predicted-length: 28.83196258544922
val/mean-target-length: 25.750446319580078
val/next-item-accuracy: 0.4624364376068115
val/next-item-mae: 0.7283642888069153
val/next-item-map: 0.09215665608644485
val/next-item-map-weighted: 0.3510059714317322
val/next-item-max-f-score: 0.1422630101442337
val/next-item-max-f-score-weighted: 0.4398483633995056
val/next-item-mean-time-step: 0.906794548034668
val/next-item-rmse: 1.0675121545791626
val/next-k-label-distribution-delta: 21.009653091430664
val/optimal-transport-distance: 25.94223976135254
val/sequence-labels-entropy: 0.03699871897697449
val/target-sequence-labels-entropy: 1.4341344833374023
val/thinning_accepted: 46.822052001953125
