date: '2025-04-09 17:12:45'
test/T-mAP: 0.08466482907533646
test/T-mAP-weighted: 0.2631816565990448
test/horizon-max-f-score: 0.14260652661323547
test/horizon-max-f-score-weighted: 0.33727219700813293
test/horizon-mean-time-step: 0.5503966212272644
test/loss: 2.400129556655884
test/loss_labels: 1.6091407537460327
test/loss_timestamps: 0.7909889817237854
test/mean-predicted-length: 46.59870147705078
test/mean-target-length: 30.596988677978516
test/next-item-accuracy: 0.45187100768089294
test/next-item-mae: 0.72489994764328
test/next-item-map: 0.12749239802360535
test/next-item-map-weighted: 0.3638058304786682
test/next-item-max-f-score: 0.18940815329551697
test/next-item-max-f-score-weighted: 0.44788646697998047
test/next-item-mean-time-step: 0.8830277323722839
test/next-item-rmse: 1.037489652633667
test/next-k-label-distribution-delta: 32.37358856201172
test/optimal-transport-distance: 40.11963653564453
test/sequence-labels-entropy: 0.13011431694030762
test/target-sequence-labels-entropy: 1.5182714462280273
test/timestamps-bias-mean: 0.1640731543302536
test/timestamps-current_influence: -0.07260564714670181
val/T-mAP: 0.08620965480804443
val/T-mAP-weighted: 0.274419903755188
val/horizon-max-f-score: 0.14444862306118011
val/horizon-max-f-score-weighted: 0.3463192582130432
val/horizon-mean-time-step: 0.5451022982597351
val/loss: 2.390348196029663
val/loss_labels: 1.561397671699524
val/loss_timestamps: 0.828950822353363
val/mean-predicted-length: 46.874149322509766
val/mean-target-length: 30.315338134765625
val/next-item-accuracy: 0.46983933448791504
val/next-item-mae: 0.7288057804107666
val/next-item-map: 0.13164083659648895
val/next-item-map-weighted: 0.3785956799983978
val/next-item-max-f-score: 0.19087356328964233
val/next-item-max-f-score-weighted: 0.4606236517429352
val/next-item-mean-time-step: 0.9104894995689392
val/next-item-rmse: 1.0531445741653442
val/next-k-label-distribution-delta: 31.31426429748535
val/optimal-transport-distance: 39.355403900146484
val/sequence-labels-entropy: 0.12468820065259933
val/target-sequence-labels-entropy: 1.4652185440063477
val/timestamps-bias-mean: 0.15111592411994934
val/timestamps-current_influence: -0.07260564714670181
