date: '2025-04-09 17:18:46'
test/T-mAP: 0.07429662346839905
test/T-mAP-weighted: 0.23659482598304749
test/horizon-max-f-score: 0.12972937524318695
test/horizon-max-f-score-weighted: 0.30619391798973083
test/horizon-mean-time-step: 0.5009380578994751
test/loss: 2.400129556655884
test/loss_labels: 1.6091407537460327
test/loss_timestamps: 0.7909889817237854
test/mean-predicted-length: 70.84300231933594
test/mean-target-length: 39.46723175048828
test/next-item-accuracy: 0.45187100768089294
test/next-item-mae: 0.7259794473648071
test/next-item-map: 0.12749239802360535
test/next-item-map-weighted: 0.3638058304786682
test/next-item-max-f-score: 0.18940815329551697
test/next-item-max-f-score-weighted: 0.44788646697998047
test/next-item-mean-time-step: 0.8837758302688599
test/next-item-rmse: 1.0385433435440063
test/next-k-label-distribution-delta: 43.22394943237305
test/optimal-transport-distance: 53.266361236572266
test/sequence-labels-entropy: 0.08122984319925308
test/target-sequence-labels-entropy: 1.3090177774429321
test/timestamps-bias-mean: 0.1640731543302536
test/timestamps-current_influence: -0.07260564714670181
val/T-mAP: 0.07406257092952728
val/T-mAP-weighted: 0.24747680127620697
val/horizon-max-f-score: 0.13214144110679626
val/horizon-max-f-score-weighted: 0.3176582157611847
val/horizon-mean-time-step: 0.4966094195842743
val/loss: 2.390348196029663
val/loss_labels: 1.561397671699524
val/loss_timestamps: 0.828950822353363
val/mean-predicted-length: 71.47017669677734
val/mean-target-length: 39.33082580566406
val/next-item-accuracy: 0.46983933448791504
val/next-item-mae: 0.7291726469993591
val/next-item-map: 0.13164083659648895
val/next-item-map-weighted: 0.3785956799983978
val/next-item-max-f-score: 0.19087356328964233
val/next-item-max-f-score-weighted: 0.4606236517429352
val/next-item-mean-time-step: 0.9106938242912292
val/next-item-rmse: 1.0547256469726562
val/next-k-label-distribution-delta: 41.7213020324707
val/optimal-transport-distance: 51.94886779785156
val/sequence-labels-entropy: 0.08735932409763336
val/target-sequence-labels-entropy: 1.2296003103256226
val/timestamps-bias-mean: 0.15111592411994934
val/timestamps-current_influence: -0.07260564714670181
