date: '2025-04-09 17:08:32'
test/T-mAP: 0.1067456528544426
test/T-mAP-weighted: 0.3378634750843048
test/horizon-max-f-score: 0.1676178127527237
test/horizon-max-f-score-weighted: 0.42863672971725464
test/horizon-mean-time-step: 0.6117651462554932
test/loss: 2.400129556655884
test/loss_labels: 1.6091407537460327
test/loss_timestamps: 0.7909889817237854
test/mean-predicted-length: 27.608278274536133
test/mean-target-length: 26.048580169677734
test/next-item-accuracy: 0.45187100768089294
test/next-item-mae: 0.7238677740097046
test/next-item-map: 0.12749239802360535
test/next-item-map-weighted: 0.3638058304786682
test/next-item-max-f-score: 0.18940815329551697
test/next-item-max-f-score-weighted: 0.44788646697998047
test/next-item-mean-time-step: 0.882565438747406
test/next-item-rmse: 1.0378068685531616
test/next-k-label-distribution-delta: 21.19740104675293
test/optimal-transport-distance: 26.523378372192383
test/sequence-labels-entropy: 0.13954360783100128
test/target-sequence-labels-entropy: 1.4839293956756592
test/timestamps-bias-mean: 0.1640731543302536
test/timestamps-current_influence: -0.07260564714670181
val/T-mAP: 0.1085423156619072
val/T-mAP-weighted: 0.35005784034729004
val/horizon-max-f-score: 0.16956783831119537
val/horizon-max-f-score-weighted: 0.44017863273620605
val/horizon-mean-time-step: 0.6059564352035522
val/loss: 2.390348196029663
val/loss_labels: 1.561397671699524
val/loss_timestamps: 0.828950822353363
val/mean-predicted-length: 27.68430519104004
val/mean-target-length: 25.750446319580078
val/next-item-accuracy: 0.46983933448791504
val/next-item-mae: 0.7304977178573608
val/next-item-map: 0.13164083659648895
val/next-item-map-weighted: 0.3785956799983978
val/next-item-max-f-score: 0.19087356328964233
val/next-item-max-f-score-weighted: 0.4606236517429352
val/next-item-mean-time-step: 0.9107248187065125
val/next-item-rmse: 1.055398941040039
val/next-k-label-distribution-delta: 20.51197624206543
val/optimal-transport-distance: 26.066781997680664
val/sequence-labels-entropy: 0.13063301146030426
val/target-sequence-labels-entropy: 1.4341344833374023
val/timestamps-bias-mean: 0.15111592411994934
val/timestamps-current_influence: -0.07260564714670181
