date: '2025-04-09 17:06:03'
test/T-mAP: 0.13521631062030792
test/T-mAP-weighted: 0.44606083631515503
test/horizon-max-f-score: 0.19974780082702637
test/horizon-max-f-score-weighted: 0.5358209609985352
test/horizon-mean-time-step: 0.7230457663536072
test/loss: 2.400129556655884
test/loss_labels: 1.6091407537460327
test/loss_timestamps: 0.7909889817237854
test/mean-predicted-length: 12.119739532470703
test/mean-target-length: 15.583646774291992
test/next-item-accuracy: 0.45187100768089294
test/next-item-mae: 0.7255042195320129
test/next-item-map: 0.12749239802360535
test/next-item-map-weighted: 0.3638058304786682
test/next-item-max-f-score: 0.18940815329551697
test/next-item-max-f-score-weighted: 0.44788646697998047
test/next-item-mean-time-step: 0.8835902810096741
test/next-item-rmse: 1.038756251335144
test/next-k-label-distribution-delta: 10.3838529586792
test/optimal-transport-distance: 13.311420440673828
test/sequence-labels-entropy: 0.15811124444007874
test/target-sequence-labels-entropy: 1.4227653741836548
test/timestamps-bias-mean: 0.1640731543302536
test/timestamps-current_influence: -0.07260564714670181
val/T-mAP: 0.13860343396663666
val/T-mAP-weighted: 0.4490921199321747
val/horizon-max-f-score: 0.20368577539920807
val/horizon-max-f-score-weighted: 0.5434116125106812
val/horizon-mean-time-step: 0.7170729041099548
val/loss: 2.390348196029663
val/loss_labels: 1.561397671699524
val/loss_timestamps: 0.828950822353363
val/mean-predicted-length: 12.088309288024902
val/mean-target-length: 15.263496398925781
val/next-item-accuracy: 0.46983933448791504
val/next-item-mae: 0.729494035243988
val/next-item-map: 0.13164083659648895
val/next-item-map-weighted: 0.3785956799983978
val/next-item-max-f-score: 0.19087356328964233
val/next-item-max-f-score-weighted: 0.4606236517429352
val/next-item-mean-time-step: 0.9104952812194824
val/next-item-rmse: 1.0532623529434204
val/next-k-label-distribution-delta: 10.11011791229248
val/optimal-transport-distance: 13.06055736541748
val/sequence-labels-entropy: 0.14904099702835083
val/target-sequence-labels-entropy: 1.385812759399414
val/timestamps-bias-mean: 0.15111592411994934
val/timestamps-current_influence: -0.07260564714670181
