date: '2024-06-03 15:54:06'
test/detection-mAP: 0.013165624812245369
test/horizon-mean-time-step: 0.9291513562202454
test/loss: 0.0
test/mean-predicted-length: 4.939108371734619
test/mean-target-length: 9.136935234069824
test/next-item-accuracy: 0.32780423760414124
test/next-item-mae: 0.7515374422073364
test/next-item-mean-time-step: 0.8116974830627441
test/next-item-rmse: 1.1106961965560913
test/optimal-transport-distance: 7.380263805389404
val/detection-mAP: 0.013842734508216381
val/horizon-mean-time-step: 0.9303346276283264
val/loss: 0.0
val/mean-predicted-length: 4.938406467437744
val/mean-target-length: 9.149765014648438
val/next-item-accuracy: 0.3298934996128082
val/next-item-mae: 0.7517320513725281
val/next-item-mean-time-step: 0.8115133047103882
val/next-item-rmse: 1.1119029521942139
val/optimal-transport-distance: 7.367440700531006
