date: '2024-05-13 17:13:30'
test/detection-mAP: 0.04324084892868996
test/loss: 2.8473222255706787
test/loss_labels: 2.262051820755005
test/loss_timestamps: 0.5852701663970947
test/next-item-accuracy: 0.38134846091270447
test/optimal-transport-distance: 13.288854598999023
