date: '2024-05-03 15:15:55'
test/detection-mAP: 0.048748988658189774
test/loss: 2.824761152267456
test/loss_labels: 2.2464356422424316
test/loss_timestamps: 0.5783258676528931
test/next-item-accuracy: 0.38566702604293823
