date: '2024-05-19 23:08:24'
dev/detection-mAP: 0.04040418937802315
dev/horizon-mean-time-step: 0.7598295211791992
dev/loss: 3.0943963527679443
dev/loss_labels: 2.404355764389038
dev/loss_timestamps: 0.6900412440299988
dev/mean-predicted-length: 7.094372272491455
dev/mean-target-length: 6.92784309387207
dev/next-item-accuracy: 0.38007691502571106
dev/next-item-mae: 0.5920507311820984
dev/next-item-mean-time-step: 0.8244036436080933
dev/optimal-transport-distance: 13.599525451660156
test/detection-mAP: 0.043589428067207336
test/horizon-mean-time-step: 0.766965925693512
test/loss: 3.1132214069366455
test/loss_labels: 2.42250394821167
test/loss_timestamps: 0.6907179951667786
test/mean-predicted-length: 7.05308723449707
test/mean-target-length: 6.932723522186279
test/next-item-accuracy: 0.3771110475063324
test/next-item-mae: 0.5932514071464539
test/next-item-mean-time-step: 0.82425856590271
test/optimal-transport-distance: 13.615082740783691
