date: '2024-05-25 09:32:14'
dev/detection-mAP: 0.03174249082803726
dev/horizon-mean-time-step: 0.7497627139091492
dev/loss: 3.1183905601501465
dev/loss_labels: 2.42598557472229
dev/loss_timestamps: 0.6924055218696594
dev/mean-predicted-length: 13.389835357666016
dev/mean-target-length: 9.149765014648438
dev/next-item-accuracy: 0.37809690833091736
dev/next-item-mae: 0.5779041647911072
dev/next-item-mean-time-step: 0.8246251940727234
dev/optimal-transport-distance: 13.62170124053955
test/detection-mAP: 0.038191501051187515
test/horizon-mean-time-step: 0.7575680017471313
test/loss: 3.1379611492156982
test/loss_labels: 2.444941759109497
test/loss_timestamps: 0.6930190324783325
test/mean-predicted-length: 13.190982818603516
test/mean-target-length: 9.136935234069824
test/next-item-accuracy: 0.3756676912307739
test/next-item-mae: 0.5793434977531433
test/next-item-mean-time-step: 0.8242419362068176
test/optimal-transport-distance: 13.622980117797852
