date: '2024-05-19 21:27:22'
dev/detection-mAP: 0.039208825677633286
dev/horizon-mean-time-step: 0.24844464659690857
dev/loss: 2.828608751296997
dev/loss_labels: 2.2446718215942383
dev/loss_timestamps: 0.583936870098114
dev/mean-predicted-length: 16.226388931274414
dev/mean-target-length: 6.92784309387207
dev/next-item-accuracy: 0.38401925563812256
dev/next-item-mae: 0.5837039351463318
dev/next-item-mean-time-step: 0.8238561153411865
dev/optimal-transport-distance: 13.849021911621094
test/detection-mAP: 0.04167116805911064
test/horizon-mean-time-step: 0.24112917482852936
test/loss: 2.847327709197998
test/loss_labels: 2.262036085128784
test/loss_timestamps: 0.5852912068367004
test/mean-predicted-length: 16.299564361572266
test/mean-target-length: 6.932723522186279
test/next-item-accuracy: 0.38134050369262695
test/next-item-mae: 0.5850776433944702
test/next-item-mean-time-step: 0.823720395565033
test/optimal-transport-distance: 13.91603946685791
