date: '2024-05-29 17:40:23'
test/detection-mAP: 0.04911865293979645
test/horizon-mean-time-step: 0.3704151511192322
test/loss: 2.8459978103637695
test/loss_labels: 2.263981342315674
test/loss_timestamps: 0.5820168852806091
test/mean-predicted-length: 13.772236824035645
test/mean-target-length: 9.136935234069824
test/next-item-accuracy: 0.3821450471878052
test/next-item-mae: 0.5693264007568359
test/next-item-mean-time-step: 0.8237360119819641
test/optimal-transport-distance: 13.170610427856445
val/detection-mAP: 0.05253017693758011
val/horizon-mean-time-step: 0.3734305202960968
val/loss: 2.8267877101898193
val/loss_labels: 2.2459731101989746
val/loss_timestamps: 0.5808144807815552
val/mean-predicted-length: 13.744956016540527
val/mean-target-length: 9.149765014648438
val/next-item-accuracy: 0.3847246766090393
val/next-item-mae: 0.5677148103713989
val/next-item-mean-time-step: 0.8241159915924072
val/optimal-transport-distance: 13.11012077331543
