date: '2024-05-15 13:06:01'
dev/detection-mAP: 0.049507178366184235
dev/loss: 3.0628647804260254
dev/loss_labels: 2.381438970565796
dev/loss_timestamps: 0.6814253926277161
dev/mean-predicted-length: 5.678012371063232
dev/mean-target-length: 6.92784309387207
dev/next-item-accuracy: 0.3816673159599304
dev/next-item-mae: 0.5839678049087524
dev/optimal-transport-distance: 13.525158882141113
test/detection-mAP: 0.050523318350315094
test/loss: 3.0815329551696777
test/loss_labels: 2.39963698387146
test/loss_timestamps: 0.6818960905075073
test/mean-predicted-length: 5.679358005523682
test/mean-target-length: 6.932723522186279
test/next-item-accuracy: 0.37883225083351135
test/next-item-mae: 0.5855355858802795
test/optimal-transport-distance: 13.543013572692871
