date: '2024-05-20 00:29:15'
dev/detection-mAP: 0.04515378549695015
dev/horizon-mean-time-step: 0.7795205116271973
dev/loss: 4.996609687805176
dev/loss_labels: 2.4173686504364014
dev/loss_timestamps: 2.5792410373687744
dev/mean-predicted-length: 7.232800006866455
dev/mean-target-length: 6.92784309387207
dev/next-item-accuracy: 0.378006249666214
dev/next-item-mae: 0.5928389430046082
dev/next-item-mean-time-step: 0.8241285085678101
dev/optimal-transport-distance: 13.455370903015137
test/detection-mAP: 0.0452747717499733
test/horizon-mean-time-step: 0.7776291966438293
test/loss: 5.004579067230225
test/loss_labels: 2.435988187789917
test/loss_timestamps: 2.5685911178588867
test/mean-predicted-length: 7.231424331665039
test/mean-target-length: 6.932723522186279
test/next-item-accuracy: 0.3753682076931
test/next-item-mae: 0.5944529175758362
test/next-item-mean-time-step: 0.8240016102790833
test/optimal-transport-distance: 13.500519752502441
