date: '2024-05-09 20:29:40'
test/detection-mAP: 0.046761512756347656
test/loss: 3.0914647579193115
test/loss_labels: 2.3951914310455322
test/loss_timestamps: 0.6962734460830688
test/next-item-accuracy: 0.38282665610313416
