date: '2024-05-24 11:12:56'
dev/detection-mAP: 0.03172457590699196
dev/horizon-mean-time-step: 0.7497628927230835
dev/loss: 3.1183905601501465
dev/loss_labels: 2.42598557472229
dev/loss_timestamps: 0.6924055218696594
dev/mean-predicted-length: 13.392169952392578
dev/mean-target-length: 9.149765014648438
dev/next-item-accuracy: 0.37809690833091736
dev/next-item-mae: 0.5793830752372742
dev/next-item-mean-time-step: 0.8246231079101562
dev/optimal-transport-distance: 13.624031066894531
test/detection-mAP: 0.0381777249276638
test/horizon-mean-time-step: 0.7575680017471313
test/loss: 3.1379611492156982
test/loss_labels: 2.444941759109497
test/loss_timestamps: 0.6930190324783325
test/mean-predicted-length: 13.193306922912598
test/mean-target-length: 9.136935234069824
test/next-item-accuracy: 0.3756676912307739
test/next-item-mae: 0.580859363079071
test/next-item-mean-time-step: 0.8242403268814087
test/optimal-transport-distance: 13.625506401062012
