date: '2024-05-03 17:43:01'
test/detection-mAP: 0.04900859296321869
test/loss: 2.823546886444092
test/loss_labels: 2.2467169761657715
test/loss_timestamps: 0.576829731464386
test/next-item-accuracy: 0.3856006860733032
