date: '2024-05-24 12:22:50'
dev/detection-mAP: 0.05269370973110199
dev/horizon-mean-time-step: 0.7636660933494568
dev/loss: 3.063735008239746
dev/loss_labels: 2.3822741508483887
dev/loss_timestamps: 0.6814605593681335
dev/mean-predicted-length: 7.246039867401123
dev/mean-target-length: 9.149765014648438
dev/next-item-accuracy: 0.38179105520248413
dev/next-item-mae: 0.5703020691871643
dev/next-item-mean-time-step: 0.8242365717887878
dev/optimal-transport-distance: 13.513250350952148
test/detection-mAP: 0.05169687792658806
test/horizon-mean-time-step: 0.7709657549858093
test/loss: 3.082078456878662
test/loss_labels: 2.4003400802612305
test/loss_timestamps: 0.6817386746406555
test/mean-predicted-length: 7.246232032775879
test/mean-target-length: 9.136935234069824
test/next-item-accuracy: 0.37875133752822876
test/next-item-mae: 0.5720486640930176
test/next-item-mean-time-step: 0.8238614797592163
test/optimal-transport-distance: 13.518592834472656
