date: '2024-05-30 17:27:59'
test/detection-mAP: 0.045773062855005264
test/horizon-mean-time-step: 0.8167459964752197
test/loss: 3.118001937866211
test/loss_labels: 2.4278299808502197
test/loss_timestamps: 0.6901724338531494
test/mean-predicted-length: 8.617015838623047
test/mean-target-length: 9.136935234069824
test/next-item-accuracy: 0.3766941726207733
test/next-item-mae: 0.574816107749939
test/next-item-mean-time-step: 0.8157758116722107
test/next-item-rmse: 1.0859349966049194
test/optimal-transport-distance: 13.477171897888184
val/detection-mAP: 0.04354449361562729
val/horizon-mean-time-step: 0.8082056641578674
val/loss: 3.0983519554138184
val/loss_labels: 2.408813714981079
val/loss_timestamps: 0.6895382404327393
val/mean-predicted-length: 8.697168350219727
val/mean-target-length: 9.149765014648438
val/next-item-accuracy: 0.37939777970314026
val/next-item-mae: 0.5731163620948792
val/next-item-mean-time-step: 0.815599262714386
val/next-item-rmse: 1.0874274969100952
val/optimal-transport-distance: 13.470537185668945
