date: '2024-05-30 17:26:49'
test/detection-mAP: 0.04911855608224869
test/horizon-mean-time-step: 0.3704151511192322
test/loss: 2.8468542098999023
test/loss_labels: 2.2642674446105957
test/loss_timestamps: 0.5825859904289246
test/mean-predicted-length: 13.772236824035645
test/mean-target-length: 9.136935234069824
test/next-item-accuracy: 0.3821450471878052
test/next-item-mae: 0.5693264007568359
test/next-item-mean-time-step: 0.8158813118934631
test/next-item-rmse: 1.0833770036697388
test/optimal-transport-distance: 13.170608520507812
val/detection-mAP: 0.052529968321323395
val/horizon-mean-time-step: 0.3734304904937744
val/loss: 2.8274123668670654
val/loss_labels: 2.2460238933563232
val/loss_timestamps: 0.5813888907432556
val/mean-predicted-length: 13.744956016540527
val/mean-target-length: 9.149765014648438
val/next-item-accuracy: 0.3847246766090393
val/next-item-mae: 0.5677148103713989
val/next-item-mean-time-step: 0.815777063369751
val/next-item-rmse: 1.0845752954483032
val/optimal-transport-distance: 13.110121726989746
