date: '2024-06-03 13:03:51'
test/detection-mAP: 0.027013488113880157
test/horizon-mean-time-step: 0.810952365398407
test/loss: 0.0
test/mean-predicted-length: 8.928398132324219
test/mean-target-length: 9.136935234069824
test/next-item-accuracy: 0.19096222519874573
test/next-item-mae: 0.9302152991294861
test/next-item-mean-time-step: 1.0901542901992798
test/next-item-rmse: 1.4987300634384155
test/optimal-transport-distance: 7.556646823883057
val/detection-mAP: 0.023118488490581512
val/horizon-mean-time-step: 0.808476984500885
val/loss: 0.0
val/mean-predicted-length: 8.962750434875488
val/mean-target-length: 9.149765014648438
val/next-item-accuracy: 0.19261641800403595
val/next-item-mae: 0.9286330938339233
val/next-item-mean-time-step: 1.0892937183380127
val/next-item-rmse: 1.5010284185409546
val/optimal-transport-distance: 7.5560407638549805
