date: '2024-05-24 11:15:58'
dev/detection-mAP: 0.05268516391515732
dev/horizon-mean-time-step: 0.8467282652854919
dev/loss: 3.152446746826172
dev/loss_labels: 2.426676034927368
dev/loss_timestamps: 0.7257716059684753
dev/mean-predicted-length: 8.162736892700195
dev/mean-target-length: 9.149765014648438
dev/next-item-accuracy: 0.37762147188186646
dev/next-item-mae: 0.6939802765846252
dev/next-item-mean-time-step: 0.8242483139038086
dev/optimal-transport-distance: 13.511293411254883
dev/timestamps-bias-mean: 0.49429869651794434
dev/timestamps-current_influence: -0.2689872980117798
test/detection-mAP: 0.05207231640815735
test/horizon-mean-time-step: 0.8479611873626709
test/loss: 3.1727800369262695
test/loss_labels: 2.4459149837493896
test/loss_timestamps: 0.7268663048744202
test/mean-predicted-length: 8.139678001403809
test/mean-target-length: 9.136935234069824
test/next-item-accuracy: 0.3749508857727051
test/next-item-mae: 0.6950688362121582
test/next-item-mean-time-step: 0.8238661885261536
test/optimal-transport-distance: 13.536738395690918
test/timestamps-bias-mean: 0.4931630492210388
test/timestamps-current_influence: -0.26898694038391113
