date: '2024-05-30 17:31:29'
test/detection-mAP: 0.04862594977021217
test/horizon-mean-time-step: 0.7447341084480286
test/loss: 3.1526455879211426
test/loss_labels: 2.426826238632202
test/loss_timestamps: 0.7258194088935852
test/mean-predicted-length: 9.269638061523438
test/mean-target-length: 9.136935234069824
test/next-item-accuracy: 0.3768937289714813
test/next-item-mae: 0.6711021065711975
test/next-item-mean-time-step: 0.8236055374145508
test/next-item-rmse: 1.0420061349868774
test/optimal-transport-distance: 13.558219909667969
test/timestamps-bias-mean: 0.4904855489730835
test/timestamps-current_influence: -0.26406362652778625
val/detection-mAP: 0.04729475453495979
val/horizon-mean-time-step: 0.7438764572143555
val/loss: 3.132429361343384
val/loss_labels: 2.4078338146209717
val/loss_timestamps: 0.7245960831642151
val/mean-predicted-length: 9.296961784362793
val/mean-target-length: 9.149765014648438
val/next-item-accuracy: 0.37962377071380615
val/next-item-mae: 0.6703770160675049
val/next-item-mean-time-step: 0.8233232498168945
val/next-item-rmse: 1.0441981554031372
val/optimal-transport-distance: 13.557211875915527
val/timestamps-bias-mean: 0.4919176995754242
val/timestamps-current_influence: -0.26406329870224
