date: '2024-05-29 18:08:11'
test/detection-mAP: 0.05275565758347511
test/horizon-mean-time-step: 0.8499780297279358
test/loss: 3.151655673980713
test/loss_labels: 2.426650047302246
test/loss_timestamps: 0.7250054478645325
test/mean-predicted-length: 8.137639999389648
test/mean-target-length: 9.136935234069824
test/next-item-accuracy: 0.3768937289714813
test/next-item-mae: 0.6905375123023987
test/next-item-mean-time-step: 0.8238058090209961
test/optimal-transport-distance: 13.481058120727539
test/timestamps-bias-mean: 0.49088823795318604
test/timestamps-current_influence: -0.2640632092952728
val/detection-mAP: 0.05209270492196083
val/horizon-mean-time-step: 0.8490225076675415
val/loss: 3.131624937057495
val/loss_labels: 2.407952070236206
val/loss_timestamps: 0.72367262840271
val/mean-predicted-length: 8.157668113708496
val/mean-target-length: 9.149765014648438
val/next-item-accuracy: 0.37962377071380615
val/next-item-mae: 0.6897239089012146
val/next-item-mean-time-step: 0.824196994304657
val/optimal-transport-distance: 13.470231056213379
val/timestamps-bias-mean: 0.4923619329929352
val/timestamps-current_influence: -0.26406329870224
