date: '2024-05-19 21:30:01'
dev/detection-mAP: 0.06086413934826851
dev/horizon-mean-time-step: 0.8513380885124207
dev/loss: 3.1025731563568115
dev/loss_labels: 2.3801393508911133
dev/loss_timestamps: 0.7224336266517639
dev/mean-predicted-length: 5.492097854614258
dev/mean-target-length: 6.92784309387207
dev/next-item-accuracy: 0.38187065720558167
dev/next-item-mae: 0.7123444080352783
dev/next-item-mean-time-step: 0.8240029215812683
dev/optimal-transport-distance: 13.418807029724121
dev/timestamps-bias-mean: 0.47667303681373596
dev/timestamps-current_influence: -0.2514262795448303
test/detection-mAP: 0.06040465459227562
test/horizon-mean-time-step: 0.8519826531410217
test/loss: 3.121931552886963
test/loss_labels: 2.398240804672241
test/loss_timestamps: 0.7236911058425903
test/mean-predicted-length: 5.494897365570068
test/mean-target-length: 6.932723522186279
test/next-item-accuracy: 0.3795279264450073
test/next-item-mae: 0.7129464149475098
test/next-item-mean-time-step: 0.8238493204116821
test/optimal-transport-distance: 13.445075035095215
test/timestamps-bias-mean: 0.4753698408603668
test/timestamps-current_influence: -0.2514263689517975
