date: '2024-05-08 17:37:24'
test/detection-mAP: 0.06878175586462021
test/loss: 2.888174057006836
test/loss_labels: 2.244131088256836
test/loss_timestamps: 0.6440431475639343
test/next-item-accuracy: 0.38609468936920166
test/timestamps-bias-mean: 0.5220291614532471
test/timestamps-current_influence: -0.2153400331735611
