date: '2024-05-30 17:30:10'
test/detection-mAP: 0.06393622606992722
test/horizon-mean-time-step: 0.6207858324050903
test/loss: 2.905139207839966
test/loss_labels: 2.2593305110931396
test/loss_timestamps: 0.6458088159561157
test/mean-predicted-length: 11.314882278442383
test/mean-target-length: 9.136935234069824
test/next-item-accuracy: 0.38285917043685913
test/next-item-mae: 0.6678225994110107
test/next-item-mean-time-step: 0.8255349397659302
test/next-item-rmse: 1.0331382751464844
test/optimal-transport-distance: 12.567647933959961
test/timestamps-bias-mean: 0.47208231687545776
test/timestamps-current_influence: -0.21920916438102722
val/detection-mAP: 0.0680447444319725
val/horizon-mean-time-step: 0.6233888268470764
val/loss: 2.8856089115142822
val/loss_labels: 2.2413766384124756
val/loss_timestamps: 0.6442323327064514
val/mean-predicted-length: 11.296161651611328
val/mean-target-length: 9.149765014648438
val/next-item-accuracy: 0.38540709018707275
val/next-item-mae: 0.667151689529419
val/next-item-mean-time-step: 0.825234055519104
val/next-item-rmse: 1.035237193107605
val/optimal-transport-distance: 12.539377212524414
val/timestamps-bias-mean: 0.47268855571746826
val/timestamps-current_influence: -0.21920958161354065
