date: '2024-05-19 21:29:29'
dev/detection-mAP: 0.052433740347623825
dev/horizon-mean-time-step: 0.3650916516780853
dev/loss: 2.8827176094055176
dev/loss_labels: 2.2366602420806885
dev/loss_timestamps: 0.6460569500923157
dev/mean-predicted-length: 14.162321090698242
dev/mean-target-length: 6.92784309387207
dev/next-item-accuracy: 0.3855060636997223
dev/next-item-mae: 0.6879876852035522
dev/next-item-mean-time-step: 0.823909342288971
dev/optimal-transport-distance: 12.925735473632812
dev/timestamps-bias-mean: 0.5387763977050781
dev/timestamps-current_influence: -0.213875412940979
test/detection-mAP: 0.05355783551931381
test/horizon-mean-time-step: 0.3628125488758087
test/loss: 2.902513027191162
test/loss_labels: 2.254297971725464
test/loss_timestamps: 0.6482148766517639
test/mean-predicted-length: 14.245692253112793
test/mean-target-length: 6.932723522186279
test/next-item-accuracy: 0.3829673230648041
test/next-item-mae: 0.6885150671005249
test/next-item-mean-time-step: 0.8237544298171997
test/optimal-transport-distance: 12.970282554626465
test/timestamps-bias-mean: 0.538166880607605
test/timestamps-current_influence: -0.2138754427433014
