date: '2024-05-31 17:11:37'
test/detection-mAP: 0.06590201705694199
test/horizon-mean-time-step: 0.6166270971298218
test/loss: 2.901853561401367
test/loss_labels: 2.2613744735717773
test/loss_timestamps: 0.6404789686203003
test/mean-predicted-length: 11.36937427520752
test/mean-target-length: 9.136935234069824
test/next-item-accuracy: 0.3827483057975769
test/next-item-mae: 0.6582763195037842
test/next-item-mean-time-step: 0.8244354724884033
test/next-item-rmse: 1.030501127243042
test/optimal-transport-distance: 12.505391120910645
test/timestamps-bias-mean: 0.5172481536865234
test/timestamps-current_influence: -0.20634259283542633
val/detection-mAP: 0.06932997703552246
val/horizon-mean-time-step: 0.6204873323440552
val/loss: 2.8824706077575684
val/loss_labels: 2.2437000274658203
val/loss_timestamps: 0.6387701630592346
val/mean-predicted-length: 11.348350524902344
val/mean-target-length: 9.149765014648438
val/next-item-accuracy: 0.3853338658809662
val/next-item-mae: 0.6571571826934814
val/next-item-mean-time-step: 0.8240870237350464
val/next-item-rmse: 1.0323747396469116
val/optimal-transport-distance: 12.461221694946289
val/timestamps-bias-mean: 0.5190054178237915
val/timestamps-current_influence: -0.20634257793426514
