date: '2024-05-31 15:12:14'
test/detection-mAP: 0.04755803570151329
test/horizon-mean-time-step: 0.7672383785247803
test/loss: 3.149916648864746
test/loss_labels: 2.4262821674346924
test/loss_timestamps: 0.7236348390579224
test/mean-predicted-length: 8.983307838439941
test/mean-target-length: 9.136935234069824
test/next-item-accuracy: 0.3769717216491699
test/next-item-mae: 0.66647869348526
test/next-item-mean-time-step: 0.8264868259429932
test/next-item-rmse: 1.0355138778686523
test/optimal-transport-distance: 7.1151533126831055
test/timestamps-bias-mean: 0.4622921943664551
test/timestamps-current_influence: -0.2622072696685791
val/detection-mAP: 0.049586426466703415
val/horizon-mean-time-step: 0.7663813233375549
val/loss: 3.129890203475952
val/loss_labels: 2.4076478481292725
val/loss_timestamps: 0.7222426533699036
val/mean-predicted-length: 9.00983715057373
val/mean-target-length: 9.149765014648438
val/next-item-accuracy: 0.38010653853416443
val/next-item-mae: 0.6656036972999573
val/next-item-mean-time-step: 0.8262268900871277
val/next-item-rmse: 1.0374343395233154
val/optimal-transport-distance: 7.101490020751953
val/timestamps-bias-mean: 0.46342912316322327
val/timestamps-current_influence: -0.2622073292732239
