date: '2024-05-29 17:58:52'
test/detection-mAP: 0.06656710803508759
test/horizon-mean-time-step: 0.7042019367218018
test/loss: 2.903984308242798
test/loss_labels: 2.259047746658325
test/loss_timestamps: 0.6449360847473145
test/mean-predicted-length: 10.22397518157959
test/mean-target-length: 9.136935234069824
test/next-item-accuracy: 0.38285917043685913
test/next-item-mae: 0.6939844489097595
test/next-item-mean-time-step: 0.8237273097038269
test/optimal-transport-distance: 12.533358573913574
test/timestamps-bias-mean: 0.47260501980781555
test/timestamps-current_influence: -0.21920934319496155
val/detection-mAP: 0.07090964168310165
val/horizon-mean-time-step: 0.7076259851455688
val/loss: 2.8845901489257812
val/loss_labels: 2.2413346767425537
val/loss_timestamps: 0.6432554125785828
val/mean-predicted-length: 10.199019432067871
val/mean-target-length: 9.149765014648438
val/next-item-accuracy: 0.38540709018707275
val/next-item-mae: 0.6935105323791504
val/next-item-mean-time-step: 0.8240883350372314
val/optimal-transport-distance: 12.492177963256836
val/timestamps-bias-mean: 0.47322431206703186
val/timestamps-current_influence: -0.21920932829380035
