date: '2025-02-24 10:14:25'
test/T-mAP: 0.25079718232154846
test/T-mAP-weighted: 0.6774284243583679
test/horizon-max-f-score: 0.29872211813926697
test/horizon-max-f-score-weighted: 0.6528971195220947
test/horizon-mean-time-step: 0.6525083780288696
test/loss: 2.8986430168151855
test/loss_decoder_labels: 1.385452389717102
test/loss_decoder_timestamps: 0.5762715935707092
test/loss_diffusion: 0.9368739128112793
test/loss_embedder_regularizer: 4.4813190470449626e-05
test/mean-predicted-length: 13.854601860046387
test/mean-target-length: 15.583646774291992
test/next-item-accuracy: 0.3929140269756317
test/next-item-mae: 0.67645663022995
test/next-item-map: 0.07475018501281738
test/next-item-map-weighted: 0.3064301311969757
test/next-item-max-f-score: 0.11760414391756058
test/next-item-max-f-score-weighted: 0.40127670764923096
test/next-item-mean-time-step: 0.888821542263031
test/next-item-rmse: 1.0588394403457642
test/next-k-label-distribution-delta: 7.218611240386963
test/optimal-transport-distance: 45.64817810058594
test/sequence-labels-entropy: 0.9759870767593384
val/T-mAP: 0.2598133981227875
val/T-mAP-weighted: 0.6950871348381042
val/horizon-max-f-score: 0.30819132924079895
val/horizon-max-f-score-weighted: 0.6685211658477783
val/horizon-mean-time-step: 0.6532010436058044
val/loss: 2.8621389865875244
val/loss_decoder_labels: 1.3393030166625977
val/loss_decoder_timestamps: 0.5937356352806091
val/loss_diffusion: 0.9290556311607361
val/loss_embedder_regularizer: 4.5018001401331276e-05
val/mean-predicted-length: 13.850912094116211
val/mean-target-length: 15.263496398925781
val/next-item-accuracy: 0.4101687967777252
val/next-item-mae: 0.6865233182907104
val/next-item-map: 0.07828619331121445
val/next-item-map-weighted: 0.3202626407146454
val/next-item-max-f-score: 0.1258978247642517
val/next-item-max-f-score-weighted: 0.41631749272346497
val/next-item-mean-time-step: 0.9162974953651428
val/next-item-rmse: 1.082101583480835
val/next-k-label-distribution-delta: 6.944583415985107
val/optimal-transport-distance: 44.436058044433594
val/sequence-labels-entropy: 0.9492789506912231
