date: '2024-08-09 14:56:24'
test/T-mAP: 0.12742291390895844
test/horizon-mean-time-step: 0.5701079368591309
test/loss: 2.3453633785247803
test/loss_labels: 1.744284749031067
test/loss_timestamps: 0.6010788679122925
test/mean-predicted-length: 15.164215087890625
test/mean-target-length: 15.583646774291992
test/next-item-accuracy: 0.4437898099422455
test/next-item-mae: 0.6512877345085144
test/next-item-mean-time-step: 0.872578501701355
test/next-item-rmse: 1.0871176719665527
test/optimal-transport-distance: 13.404291152954102
val/T-mAP: 0.14031359553337097
val/horizon-mean-time-step: 0.5750823616981506
val/loss: 2.3079376220703125
val/loss_labels: 1.6894872188568115
val/loss_timestamps: 0.6184505224227905
val/mean-predicted-length: 15.09688949584961
val/mean-target-length: 15.263496398925781
val/next-item-accuracy: 0.4643075168132782
val/next-item-mae: 0.6655168533325195
val/next-item-mean-time-step: 0.9020499587059021
val/next-item-rmse: 1.1146306991577148
val/optimal-transport-distance: 13.264113426208496
