date: '2024-05-31 16:40:59'
test/detection-mAP: 0.1699981391429901
test/horizon-mean-time-step: 0.4858171343803406
test/loss: 2.328477621078491
test/loss_labels: 1.6752291917800903
test/loss_timestamps: 0.6532485485076904
test/mean-predicted-length: 15.59493637084961
test/mean-target-length: 15.583646774291992
test/next-item-accuracy: 0.45119425654411316
test/next-item-mae: 0.6455690860748291
test/next-item-mean-time-step: 0.8722541928291321
test/next-item-rmse: 1.0735474824905396
test/optimal-transport-distance: 47.216861724853516
val/detection-mAP: 0.18156315386295319
val/horizon-mean-time-step: 0.4933587610721588
val/loss: 2.300166130065918
val/loss_labels: 1.6307435035705566
val/loss_timestamps: 0.6694228053092957
val/mean-predicted-length: 15.541651725769043
val/mean-target-length: 15.263496398925781
val/next-item-accuracy: 0.468090295791626
val/next-item-mae: 0.6594205498695374
val/next-item-mean-time-step: 0.901122510433197
val/next-item-rmse: 1.098127007484436
val/optimal-transport-distance: 46.36518096923828
