date: '2024-05-31 16:54:25'
test/detection-mAP: 0.12575294077396393
test/horizon-mean-time-step: 0.5645495057106018
test/loss: 2.358661651611328
test/loss_labels: 1.7489818334579468
test/loss_timestamps: 0.6096800565719604
test/mean-predicted-length: 15.181662559509277
test/mean-target-length: 15.583646774291992
test/next-item-accuracy: 0.4428741931915283
test/next-item-mae: 0.6516560316085815
test/next-item-mean-time-step: 0.8719200491905212
test/next-item-rmse: 1.0825577974319458
test/optimal-transport-distance: 13.401371955871582
val/detection-mAP: 0.1348697990179062
val/horizon-mean-time-step: 0.5701119303703308
val/loss: 2.322239875793457
val/loss_labels: 1.6950417757034302
val/loss_timestamps: 0.6271981596946716
val/mean-predicted-length: 15.11262035369873
val/mean-target-length: 15.263496398925781
val/next-item-accuracy: 0.4629652202129364
val/next-item-mae: 0.6654261350631714
val/next-item-mean-time-step: 0.9011231064796448
val/next-item-rmse: 1.1092244386672974
val/optimal-transport-distance: 13.249314308166504
