date: '2024-05-31 17:15:53'
test/detection-mAP: 0.018057404085993767
test/horizon-mean-time-step: 0.8938458561897278
test/loss: 2.47259783744812
test/loss_nhp: 2.47259783744812
test/mean-predicted-length: 10.798836708068848
test/mean-target-length: 15.583646774291992
test/next-item-accuracy: 0.44470542669296265
test/next-item-mae: 0.7425556778907776
test/next-item-mean-time-step: 0.8760188221931458
test/next-item-rmse: 1.0521492958068848
test/optimal-transport-distance: 1.8332730531692505
val/detection-mAP: 0.01908206194639206
val/horizon-mean-time-step: 0.8950501084327698
val/loss: 2.4590742588043213
val/loss_nhp: 2.4590742588043213
val/mean-predicted-length: 10.767251014709473
val/mean-target-length: 15.263496398925781
val/next-item-accuracy: 0.46471425890922546
val/next-item-mae: 0.7461559772491455
val/next-item-mean-time-step: 0.9041180610656738
val/next-item-rmse: 1.0706998109817505
val/optimal-transport-distance: 1.8279612064361572
