date: '2024-08-05 16:45:42'
test/T-mAP: 0.104408860206604
test/horizon-mean-time-step: 0.8506968021392822
test/loss: 2.392505407333374
test/loss_nhp: 2.392505407333374
test/mean-predicted-length: 11.370851516723633
test/mean-target-length: 15.583646774291992
test/next-item-accuracy: 0.44526273012161255
test/next-item-mae: 0.7240878343582153
test/next-item-mean-time-step: 0.8792811632156372
test/next-item-rmse: 1.0415689945220947
test/optimal-transport-distance: 7.279664993286133
test/thinning_accepted: 49.15846252441406
val/T-mAP: 0.1050872728228569
val/horizon-mean-time-step: 0.8605239391326904
val/loss: 2.3861095905303955
val/loss_nhp: 2.3861095905303955
val/mean-predicted-length: 11.257061004638672
val/mean-target-length: 15.263496398925781
val/next-item-accuracy: 0.4649176299571991
val/next-item-mae: 0.7323013544082642
val/next-item-mean-time-step: 0.9081276655197144
val/next-item-rmse: 1.059375524520874
val/optimal-transport-distance: 7.202059268951416
val/thinning_accepted: 48.931087493896484
