date: '2024-08-05 16:52:18'
test/T-mAP: 0.05905111879110336
test/horizon-mean-time-step: 0.7945929765701294
test/loss: 2.5453245639801025
test/loss_nhp: 2.5453245639801025
test/mean-predicted-length: 11.927472114562988
test/mean-target-length: 15.583646774291992
test/next-item-accuracy: 0.4382961690425873
test/next-item-mae: 0.7371936440467834
test/next-item-mean-time-step: 0.8784180283546448
test/next-item-rmse: 1.0601359605789185
test/optimal-transport-distance: 4.056138038635254
test/thinning_accepted: 46.80504608154297
val/T-mAP: 0.06180200353264809
val/horizon-mean-time-step: 0.7892359495162964
val/loss: 2.5210471153259277
val/loss_nhp: 2.5210471153259277
val/mean-predicted-length: 11.991419792175293
val/mean-target-length: 15.263496398925781
val/next-item-accuracy: 0.4564571976661682
val/next-item-mae: 0.7396219372749329
val/next-item-mean-time-step: 0.9072145819664001
val/next-item-rmse: 1.0758593082427979
val/optimal-transport-distance: 4.0139689445495605
val/thinning_accepted: 46.49077224731445
