date: '2024-05-31 16:58:17'
test/detection-mAP: 0.1525934338569641
test/horizon-mean-time-step: 0.830833911895752
test/loss: 2.427119255065918
test/loss_labels: 1.680625081062317
test/loss_timestamps: 0.7464948296546936
test/mean-predicted-length: 11.820732116699219
test/mean-target-length: 15.583646774291992
test/next-item-accuracy: 0.4503582715988159
test/next-item-mae: 0.7007652521133423
test/next-item-mean-time-step: 0.8776788711547852
test/next-item-rmse: 1.051990270614624
test/optimal-transport-distance: 13.293924331665039
test/timestamps-bias-mean: 0.3315013349056244
test/timestamps-current_influence: -0.1186746135354042
val/detection-mAP: 0.1581874042749405
val/horizon-mean-time-step: 0.834521472454071
val/loss: 2.4137730598449707
val/loss_labels: 1.6245156526565552
val/loss_timestamps: 0.7892570495605469
val/mean-predicted-length: 11.769038200378418
val/mean-target-length: 15.263496398925781
val/next-item-accuracy: 0.46861907839775085
val/next-item-mae: 0.7056296467781067
val/next-item-mean-time-step: 0.9050686359405518
val/next-item-rmse: 1.0690922737121582
val/optimal-transport-distance: 13.053767204284668
val/timestamps-bias-mean: 0.3200235068798065
val/timestamps-current_influence: -0.1186746135354042
