date: '2024-08-05 17:15:44'
test/detection-mAP: 0.14635688066482544
test/horizon-mean-time-step: 0.799062192440033
test/loss: 2.4810760021209717
test/loss_labels: 1.7274845838546753
test/loss_timestamps: 0.7535913586616516
test/mean-predicted-length: 12.092713356018066
test/mean-target-length: 15.583646774291992
test/next-item-accuracy: 0.44446656107902527
test/next-item-mae: 0.7073982954025269
test/next-item-mean-time-step: 0.8796584010124207
test/next-item-rmse: 1.0663690567016602
test/optimal-transport-distance: 36.175777435302734
test/timestamps-bias-mean: 0.33563902974128723
test/timestamps-current_influence: -0.1284818798303604
val/detection-mAP: 0.16208551824092865
val/horizon-mean-time-step: 0.7994825839996338
val/loss: 2.4661710262298584
val/loss_labels: 1.6730400323867798
val/loss_timestamps: 0.7931309342384338
val/mean-predicted-length: 12.067214965820312
val/mean-target-length: 15.263496398925781
val/next-item-accuracy: 0.4637380540370941
val/next-item-mae: 0.7138623595237732
val/next-item-mean-time-step: 0.9089239239692688
val/next-item-rmse: 1.090965747833252
val/optimal-transport-distance: 35.357627868652344
val/timestamps-bias-mean: 0.33496737480163574
val/timestamps-current_influence: -0.1284818798303604
