date: '2024-05-31 16:50:30'
test/detection-mAP: 0.17805951833724976
test/horizon-mean-time-step: 0.7902920842170715
test/loss: 2.503467082977295
test/loss_labels: 1.6722533702850342
test/loss_timestamps: 0.8312135934829712
test/mean-predicted-length: 12.121792793273926
test/mean-target-length: 15.583646774291992
test/next-item-accuracy: 0.453144907951355
test/next-item-mae: 0.7072745561599731
test/next-item-mean-time-step: 0.8873171210289001
test/next-item-rmse: 1.057142734527588
test/optimal-transport-distance: 35.61893081665039
test/timestamps-bias-mean: 0.32794907689094543
test/timestamps-current_influence: -0.13788045942783356
val/detection-mAP: 0.18041644990444183
val/horizon-mean-time-step: 0.7810879945755005
val/loss: 2.4968419075012207
val/loss_labels: 1.6281651258468628
val/loss_timestamps: 0.8686763048171997
val/mean-predicted-length: 12.254916191101074
val/mean-target-length: 15.263496398925781
val/next-item-accuracy: 0.4689038097858429
val/next-item-mae: 0.7108685970306396
val/next-item-mean-time-step: 0.9148418307304382
val/next-item-rmse: 1.0774226188659668
val/optimal-transport-distance: 34.942378997802734
val/timestamps-bias-mean: 0.32723358273506165
val/timestamps-current_influence: -0.13788045942783356
