date: '2024-08-05 16:42:13'
test/detection-mAP: 0.1626555323600769
test/horizon-mean-time-step: 0.739514946937561
test/loss: 2.3933708667755127
test/loss_labels: 1.614208698272705
test/loss_timestamps: 0.7791619300842285
test/mean-predicted-length: 12.354772567749023
test/mean-target-length: 15.583646774291992
test/next-item-accuracy: 0.4535827934741974
test/next-item-mae: 0.6987537741661072
test/next-item-mean-time-step: 0.8819538354873657
test/next-item-rmse: 1.0317670106887817
test/optimal-transport-distance: 45.82858657836914
test/timestamps-bias-mean: 0.26756712794303894
test/timestamps-current_influence: -0.08168898522853851
val/detection-mAP: 0.1719670593738556
val/horizon-mean-time-step: 0.7434368133544922
val/loss: 2.388807535171509
val/loss_labels: 1.5686330795288086
val/loss_timestamps: 0.820174515247345
val/mean-predicted-length: 12.34715747833252
val/mean-target-length: 15.263496398925781
val/next-item-accuracy: 0.4703681170940399
val/next-item-mae: 0.7069891691207886
val/next-item-mean-time-step: 0.9097004532814026
val/next-item-rmse: 1.0520535707473755
val/optimal-transport-distance: 44.7587776184082
val/timestamps-bias-mean: 0.24700170755386353
val/timestamps-current_influence: -0.08168898522853851
