date: '2024-08-09 15:00:09'
test/T-mAP: 0.17924463748931885
test/horizon-mean-time-step: 0.8018357753753662
test/loss: 2.391169548034668
test/loss_labels: 1.6803175210952759
test/loss_timestamps: 0.7108519673347473
test/mean-predicted-length: 11.943551063537598
test/mean-target-length: 15.583646774291992
test/next-item-accuracy: 0.44964173436164856
test/next-item-mae: 0.6877246499061584
test/next-item-mean-time-step: 0.8757687211036682
test/next-item-rmse: 1.0344252586364746
test/optimal-transport-distance: 45.92710876464844
test/timestamps-bias-mean: 0.3285669684410095
test/timestamps-current_influence: -0.08863736689090729
val/T-mAP: 0.18919052183628082
val/horizon-mean-time-step: 0.8021019697189331
val/loss: 2.3819291591644287
val/loss_labels: 1.6253314018249512
val/loss_timestamps: 0.756597638130188
val/mean-predicted-length: 11.960672378540039
val/mean-target-length: 15.263496398925781
val/next-item-accuracy: 0.4681716561317444
val/next-item-mae: 0.6961848735809326
val/next-item-mean-time-step: 0.90440434217453
val/next-item-rmse: 1.0556321144104004
val/optimal-transport-distance: 44.86779022216797
val/timestamps-bias-mean: 0.3109869658946991
val/timestamps-current_influence: -0.08863736689090729
