date: '2024-08-09 13:56:48'
test/T-mAP: 0.059569988399744034
test/horizon-mean-time-step: 0.5567286014556885
test/loss: 2.309560775756836
test/loss_labels: 1.663516879081726
test/loss_timestamps: 0.6460440158843994
test/mean-predicted-length: 4.0
test/mean-target-length: 15.583646774291992
test/next-item-accuracy: 0.45254775881767273
test/next-item-mae: 0.645214319229126
test/next-item-mean-time-step: 0.8736168146133423
test/next-item-rmse: 1.0746322870254517
val/T-mAP: 0.06214483082294464
val/horizon-mean-time-step: 0.5619775056838989
val/loss: 2.278564214706421
val/loss_labels: 1.617233157157898
val/loss_timestamps: 0.6613307595252991
val/mean-predicted-length: 4.0
val/mean-target-length: 15.263496398925781
val/next-item-accuracy: 0.4694732427597046
val/next-item-mae: 0.6587038040161133
val/next-item-mean-time-step: 0.9029089212417603
val/next-item-rmse: 1.0996216535568237
