date: '2025-02-24 10:08:46'
test/T-mAP: 0.09036323428153992
test/T-mAP-weighted: 0.29405760765075684
test/horizon-max-f-score: 0.15609711408615112
test/horizon-max-f-score-weighted: 0.39069825410842896
test/horizon-mean-time-step: 0.4256537854671478
test/loss: 2.259892702102661
test/loss_labels: 1.6192137002944946
test/loss_timestamps: 0.640678882598877
test/mean-predicted-length: 20.460485458374023
test/mean-target-length: 15.583646774291992
test/next-item-accuracy: 0.45406049489974976
test/next-item-mae: 0.6398295164108276
test/next-item-map: 0.12301253527402878
test/next-item-map-weighted: 0.35959485173225403
test/next-item-max-f-score: 0.18264974653720856
test/next-item-max-f-score-weighted: 0.4444960057735443
test/next-item-mean-time-step: 0.8751182556152344
test/next-item-rmse: 1.0703444480895996
test/next-k-label-distribution-delta: 10.420116424560547
test/optimal-transport-distance: 13.645624160766602
test/sequence-labels-entropy: 0.1309603452682495
val/T-mAP: 0.09760565310716629
val/T-mAP-weighted: 0.2980390787124634
val/horizon-max-f-score: 0.1622501015663147
val/horizon-max-f-score-weighted: 0.40063512325286865
val/horizon-mean-time-step: 0.42514440417289734
val/loss: 2.2319672107696533
val/loss_labels: 1.575661540031433
val/loss_timestamps: 0.6563057899475098
val/mean-predicted-length: 20.505184173583984
val/mean-target-length: 15.263496398925781
val/next-item-accuracy: 0.46979865431785583
val/next-item-mae: 0.6536749601364136
val/next-item-map: 0.12410835921764374
val/next-item-map-weighted: 0.37434548139572144
val/next-item-max-f-score: 0.18333886563777924
val/next-item-max-f-score-weighted: 0.45837610960006714
val/next-item-mean-time-step: 0.9036771059036255
val/next-item-rmse: 1.094788670539856
val/next-k-label-distribution-delta: 10.083661079406738
val/optimal-transport-distance: 13.561966896057129
val/sequence-labels-entropy: 0.11816433817148209
