date: '2024-08-05 13:35:37'
test/detection-mAP: 0.05797196924686432
test/horizon-mean-time-step: 0.5434414744377136
test/loss: 2.275808095932007
test/loss_labels: 1.643365740776062
test/loss_timestamps: 0.6324421167373657
test/mean-predicted-length: 3.0
test/mean-target-length: 15.583646774291992
test/next-item-accuracy: 0.4533439576625824
test/next-item-mae: 0.6390705108642578
test/next-item-mean-time-step: 0.8723016977310181
test/next-item-rmse: 1.074161171913147
val/detection-mAP: 0.05779436603188515
val/horizon-mean-time-step: 0.5462850332260132
val/loss: 2.2437567710876465
val/loss_labels: 1.5955842733383179
val/loss_timestamps: 0.6481723785400391
val/mean-predicted-length: 3.0
val/mean-target-length: 15.263496398925781
val/next-item-accuracy: 0.4701240658760071
val/next-item-mae: 0.6539602279663086
val/next-item-mean-time-step: 0.9019508361816406
val/next-item-rmse: 1.1014772653579712
