date: '2025-02-24 10:07:37'
test/T-mAP: 0.06605472415685654
test/T-mAP-weighted: 0.18848498165607452
test/horizon-max-f-score: 0.2187458872795105
test/horizon-max-f-score-weighted: 0.5458239316940308
test/horizon-mean-time-step: 0.5338661670684814
test/loss: 2.259892702102661
test/loss_labels: 1.6192137002944946
test/loss_timestamps: 0.640678882598877
test/mean-predicted-length: 5.0
test/mean-target-length: 15.583646774291992
test/next-item-accuracy: 0.45406049489974976
test/next-item-mae: 0.6398295164108276
test/next-item-map: 0.12301253527402878
test/next-item-map-weighted: 0.35959485173225403
test/next-item-max-f-score: 0.18264974653720856
test/next-item-max-f-score-weighted: 0.4444960057735443
test/next-item-mean-time-step: 0.8751182556152344
test/next-item-rmse: 1.0703444480895996
test/sequence-labels-entropy: 0.1641417294740677
val/T-mAP: 0.0654802918434143
val/T-mAP-weighted: 0.1895902156829834
val/horizon-max-f-score: 0.20926237106323242
val/horizon-max-f-score-weighted: 0.547283411026001
val/horizon-mean-time-step: 0.5342045426368713
val/loss: 2.2319672107696533
val/loss_labels: 1.575661540031433
val/loss_timestamps: 0.6563057899475098
val/mean-predicted-length: 5.0
val/mean-target-length: 15.263496398925781
val/next-item-accuracy: 0.46979865431785583
val/next-item-mae: 0.6536749601364136
val/next-item-map: 0.12410835921764374
val/next-item-map-weighted: 0.37434548139572144
val/next-item-max-f-score: 0.18333886563777924
val/next-item-max-f-score-weighted: 0.45837610960006714
val/next-item-mean-time-step: 0.9036771059036255
val/next-item-rmse: 1.094788670539856
val/sequence-labels-entropy: 0.1429574191570282
