date: '2024-08-05 15:08:49'
test/detection-mAP: 0.07661724090576172
test/horizon-mean-time-step: 0.4823935031890869
test/loss: 2.2807745933532715
test/loss_labels: 1.637556552886963
test/loss_timestamps: 0.6432179808616638
test/mean-predicted-length: 11.956551551818848
test/mean-target-length: 15.583646774291992
test/next-item-accuracy: 0.4537818431854248
test/next-item-mae: 0.6423801779747009
test/next-item-mean-time-step: 0.8762703537940979
test/next-item-rmse: 1.0720864534378052
test/optimal-transport-distance: 13.605788230895996
val/detection-mAP: 0.08122065663337708
val/horizon-mean-time-step: 0.48709291219711304
val/loss: 2.2505264282226562
val/loss_labels: 1.591601014137268
val/loss_timestamps: 0.6589252948760986
val/mean-predicted-length: 11.957812309265137
val/mean-target-length: 15.263496398925781
val/next-item-accuracy: 0.46939191222190857
val/next-item-mae: 0.6562771201133728
val/next-item-mean-time-step: 0.9059121012687683
val/next-item-rmse: 1.0977929830551147
val/optimal-transport-distance: 13.45753288269043
