date: '2025-02-24 10:07:50'
test/T-mAP: 0.0750284492969513
test/T-mAP-weighted: 0.2323109358549118
test/horizon-max-f-score: 0.19480614364147186
test/horizon-max-f-score-weighted: 0.5006289482116699
test/horizon-mean-time-step: 0.5092481374740601
test/loss: 2.259892702102661
test/loss_labels: 1.6192137002944946
test/loss_timestamps: 0.640678882598877
test/mean-predicted-length: 8.0
test/mean-target-length: 15.583646774291992
test/next-item-accuracy: 0.45406049489974976
test/next-item-mae: 0.6398295164108276
test/next-item-map: 0.12301253527402878
test/next-item-map-weighted: 0.35959485173225403
test/next-item-max-f-score: 0.18264974653720856
test/next-item-max-f-score-weighted: 0.4444960057735443
test/next-item-mean-time-step: 0.8751182556152344
test/next-item-rmse: 1.0703444480895996
test/sequence-labels-entropy: 0.15136992931365967
val/T-mAP: 0.07805551588535309
val/T-mAP-weighted: 0.23361724615097046
val/horizon-max-f-score: 0.19486182928085327
val/horizon-max-f-score-weighted: 0.5039077997207642
val/horizon-mean-time-step: 0.5089941620826721
val/loss: 2.2319672107696533
val/loss_labels: 1.575661540031433
val/loss_timestamps: 0.6563057899475098
val/mean-predicted-length: 8.0
val/mean-target-length: 15.263496398925781
val/next-item-accuracy: 0.46979865431785583
val/next-item-mae: 0.6536749601364136
val/next-item-map: 0.12410835921764374
val/next-item-map-weighted: 0.37434548139572144
val/next-item-max-f-score: 0.18333886563777924
val/next-item-max-f-score-weighted: 0.45837610960006714
val/next-item-mean-time-step: 0.9036771059036255
val/next-item-rmse: 1.094788670539856
val/sequence-labels-entropy: 0.1326758861541748
