date: '2024-08-05 15:09:26'
test/T-mAP: 0.12373247742652893
test/horizon-mean-time-step: 0.8638026118278503
test/loss: 2.3936703205108643
test/loss_nhp: 2.3936703205108643
test/mean-predicted-length: 10.288060188293457
test/mean-target-length: 15.583646774291992
test/next-item-accuracy: 0.445222944021225
test/next-item-mae: 0.7224937677383423
test/next-item-mean-time-step: 0.8796030879020691
test/next-item-rmse: 1.0408648252487183
test/optimal-transport-distance: 13.293317794799805
test/thinning_accepted: 49.05510711669922
val/T-mAP: 0.1256786733865738
val/horizon-mean-time-step: 0.8744192719459534
val/loss: 2.3857500553131104
val/loss_nhp: 2.3857500553131104
val/mean-predicted-length: 10.212727546691895
val/mean-target-length: 15.263496398925781
val/next-item-accuracy: 0.4649583101272583
val/next-item-mae: 0.7324461936950684
val/next-item-mean-time-step: 0.9080143570899963
val/next-item-rmse: 1.0604822635650635
val/optimal-transport-distance: 13.080071449279785
val/thinning_accepted: 48.98794174194336
