date: '2024-06-05 22:36:23'
test/detection-mAP: 0.04584106057882309
test/horizon-mean-time-step: .nan
test/loss: 2.4592554569244385
test/loss_nhp: 2.4592554569244385
test/mean-predicted-length: 1.0
test/mean-target-length: 15.583646774291992
test/next-item-accuracy: 0.44502389430999756
test/next-item-mae: 0.7401840686798096
test/next-item-mean-time-step: 0.8759944438934326
test/next-item-rmse: 1.0508605241775513
val/detection-mAP: 0.04418763890862465
val/horizon-mean-time-step: .nan
val/loss: 2.4437334537506104
val/loss_nhp: 2.4437334537506104
val/mean-predicted-length: 1.0
val/mean-target-length: 15.263496398925781
val/next-item-accuracy: 0.4649583101272583
val/next-item-mae: 0.7450337409973145
val/next-item-mean-time-step: 0.9052596092224121
val/next-item-rmse: 1.069471001625061
