date: '2024-06-05 22:39:14'
test/detection-mAP: 0.1142052710056305
test/horizon-mean-time-step: 0.8997883200645447
test/loss: 2.459019422531128
test/loss_nhp: 2.459019422531128
test/mean-predicted-length: 10.284296989440918
test/mean-target-length: 15.583646774291992
test/next-item-accuracy: 0.4449840784072876
test/next-item-mae: 0.741569995880127
test/next-item-mean-time-step: 0.8763355016708374
test/next-item-rmse: 1.053489327430725
test/optimal-transport-distance: 13.501565933227539
val/detection-mAP: 0.1264689415693283
val/horizon-mean-time-step: 0.9034127593040466
val/loss: 2.4431076049804688
val/loss_nhp: 2.4431076049804688
val/mean-predicted-length: 10.235966682434082
val/mean-target-length: 15.263496398925781
val/next-item-accuracy: 0.4649583101272583
val/next-item-mae: 0.746684193611145
val/next-item-mean-time-step: 0.904914379119873
val/next-item-rmse: 1.0695183277130127
val/optimal-transport-distance: 13.221753120422363
