date: '2024-06-05 22:37:17'
test/detection-mAP: 0.08005864918231964
test/horizon-mean-time-step: 0.9359498023986816
test/loss: 2.4591498374938965
test/loss_nhp: 2.4591498374938965
test/mean-predicted-length: 4.0
test/mean-target-length: 15.583646774291992
test/next-item-accuracy: 0.44502389430999756
test/next-item-mae: 0.7393286228179932
test/next-item-mean-time-step: 0.8764399290084839
test/next-item-rmse: 1.0508146286010742
val/detection-mAP: 0.0852927565574646
val/horizon-mean-time-step: 0.9391905069351196
val/loss: 2.442843198776245
val/loss_nhp: 2.442843198776245
val/mean-predicted-length: 4.0
val/mean-target-length: 15.263496398925781
val/next-item-accuracy: 0.4649583101272583
val/next-item-mae: 0.744888186454773
val/next-item-mean-time-step: 0.9041393399238586
val/next-item-rmse: 1.0687493085861206
