date: '2024-06-05 22:43:07'
test/detection-mAP: 0.11161191761493683
test/horizon-mean-time-step: 0.864260733127594
test/loss: 2.459651470184326
test/loss_nhp: 2.459651470184326
test/mean-predicted-length: 10.865206718444824
test/mean-target-length: 15.583646774291992
test/next-item-accuracy: 0.4449840784072876
test/next-item-mae: 0.739493727684021
test/next-item-mean-time-step: 0.8768128156661987
test/next-item-rmse: 1.0519570112228394
test/optimal-transport-distance: 13.497179985046387
val/detection-mAP: 0.1248345673084259
val/horizon-mean-time-step: 0.8686589598655701
val/loss: 2.4435367584228516
val/loss_nhp: 2.4435367584228516
val/mean-predicted-length: 10.811225891113281
val/mean-target-length: 15.263496398925781
val/next-item-accuracy: 0.4649583101272583
val/next-item-mae: 0.7456885576248169
val/next-item-mean-time-step: 0.9046207070350647
val/next-item-rmse: 1.0695016384124756
val/optimal-transport-distance: 13.217793464660645
