date: '2024-06-05 22:36:48'
test/detection-mAP: 0.05880315229296684
test/horizon-mean-time-step: 0.9527965188026428
test/loss: 2.4601988792419434
test/loss_nhp: 2.4601988792419434
test/mean-predicted-length: 2.0
test/mean-target-length: 15.583646774291992
test/next-item-accuracy: 0.44502389430999756
test/next-item-mae: 0.7410780787467957
test/next-item-mean-time-step: 0.8763591051101685
test/next-item-rmse: 1.0520176887512207
val/detection-mAP: 0.05965134873986244
val/horizon-mean-time-step: 0.9608286619186401
val/loss: 2.4426684379577637
val/loss_nhp: 2.4426684379577637
val/mean-predicted-length: 2.0
val/mean-target-length: 15.263496398925781
val/next-item-accuracy: 0.4649583101272583
val/next-item-mae: 0.7459700703620911
val/next-item-mean-time-step: 0.9046417474746704
val/next-item-rmse: 1.068345546722412
