date: '2024-06-05 22:40:13'
test/detection-mAP: 0.11173170059919357
test/horizon-mean-time-step: 0.8884381651878357
test/loss: 2.4596991539001465
test/loss_nhp: 2.4596991539001465
test/mean-predicted-length: 10.860417366027832
test/mean-target-length: 15.583646774291992
test/next-item-accuracy: 0.4449840784072876
test/next-item-mae: 0.7407239675521851
test/next-item-mean-time-step: 0.8763554096221924
test/next-item-rmse: 1.0542874336242676
test/optimal-transport-distance: 13.498269081115723
val/detection-mAP: 0.12517528235912323
val/horizon-mean-time-step: 0.8934934139251709
val/loss: 2.442533254623413
val/loss_nhp: 2.442533254623413
val/mean-predicted-length: 10.79942798614502
val/mean-target-length: 15.263496398925781
val/next-item-accuracy: 0.4649583101272583
val/next-item-mae: 0.746284544467926
val/next-item-mean-time-step: 0.9047548174858093
val/next-item-rmse: 1.0707961320877075
val/optimal-transport-distance: 13.228248596191406
