date: '2024-06-05 22:37:48'
test/detection-mAP: 0.08992483466863632
test/horizon-mean-time-step: 0.9291624426841736
test/loss: 2.458589792251587
test/loss_nhp: 2.458589792251587
test/mean-predicted-length: 4.999658107757568
test/mean-target-length: 15.583646774291992
test/next-item-accuracy: 0.4449840784072876
test/next-item-mae: 0.7400258183479309
test/next-item-mean-time-step: 0.8760383725166321
test/next-item-rmse: 1.050797700881958
val/detection-mAP: 0.09744859486818314
val/horizon-mean-time-step: 0.9339032769203186
val/loss: 2.443302631378174
val/loss_nhp: 2.443302631378174
val/mean-predicted-length: 5.0
val/mean-target-length: 15.263496398925781
val/next-item-accuracy: 0.4649583101272583
val/next-item-mae: 0.7456667423248291
val/next-item-mean-time-step: 0.9045949578285217
val/next-item-rmse: 1.069185733795166
