date: '2024-08-05 15:16:00'
test/T-mAP: 0.12069566547870636
test/horizon-mean-time-step: 0.8041021823883057
test/loss: 2.3925132751464844
test/loss_nhp: 2.3925132751464844
test/mean-predicted-length: 11.934656143188477
test/mean-target-length: 15.583646774291992
test/next-item-accuracy: 0.445222944021225
test/next-item-mae: 0.7234522104263306
test/next-item-mean-time-step: 0.8797863125801086
test/next-item-rmse: 1.0433794260025024
test/optimal-transport-distance: 13.280206680297852
test/thinning_accepted: 49.097232818603516
val/T-mAP: 0.12468469887971878
val/horizon-mean-time-step: 0.8097745776176453
val/loss: 2.3845603466033936
val/loss_nhp: 2.3845603466033936
val/mean-predicted-length: 11.738648414611816
val/mean-target-length: 15.263496398925781
val/next-item-accuracy: 0.4650803208351135
val/next-item-mae: 0.732219398021698
val/next-item-mean-time-step: 0.9081609845161438
val/next-item-rmse: 1.0615061521530151
val/optimal-transport-distance: 13.0709228515625
val/thinning_accepted: 49.15702819824219
