date: '2024-08-05 15:05:38'
test/T-mAP: 0.06713081151247025
test/horizon-mean-time-step: 0.9154682159423828
test/loss: 2.3926827907562256
test/loss_nhp: 2.3926827907562256
test/mean-predicted-length: 2.0
test/mean-target-length: 15.583646774291992
test/next-item-accuracy: 0.44526273012161255
test/next-item-mae: 0.7228435277938843
test/next-item-mean-time-step: 0.8792110085487366
test/next-item-rmse: 1.041069507598877
test/thinning_accepted: 49.04849624633789
val/T-mAP: 0.06540748476982117
val/horizon-mean-time-step: 0.926743745803833
val/loss: 2.3853225708007812
val/loss_nhp: 2.3853225708007812
val/mean-predicted-length: 2.0
val/mean-target-length: 15.263496398925781
val/next-item-accuracy: 0.4650396704673767
val/next-item-mae: 0.7326621413230896
val/next-item-mean-time-step: 0.9079058170318604
val/next-item-rmse: 1.0601154565811157
val/thinning_accepted: 49.04208755493164
