date: '2024-06-05 22:38:25'
test/detection-mAP: 0.11163506656885147
test/horizon-mean-time-step: 0.9128536581993103
test/loss: 2.459969997406006
test/loss_nhp: 2.459969997406006
test/mean-predicted-length: 7.934998512268066
test/mean-target-length: 15.583646774291992
test/next-item-accuracy: 0.44494426250457764
test/next-item-mae: 0.7418147325515747
test/next-item-mean-time-step: 0.8769850730895996
test/next-item-rmse: 1.0539442300796509
val/detection-mAP: 0.1224033534526825
val/horizon-mean-time-step: 0.9201980233192444
val/loss: 2.4425649642944336
val/loss_nhp: 2.4425649642944336
val/mean-predicted-length: 7.928494930267334
val/mean-target-length: 15.263496398925781
val/next-item-accuracy: 0.4649583101272583
val/next-item-mae: 0.7466160655021667
val/next-item-mean-time-step: 0.9041869640350342
val/next-item-rmse: 1.0706582069396973
