date: '2024-08-05 15:05:00'
test/T-mAP: 0.05181625857949257
test/horizon-mean-time-step: .nan
test/loss: 2.391922950744629
test/loss_nhp: 2.391922950744629
test/mean-predicted-length: 1.0
test/mean-target-length: 15.583646774291992
test/next-item-accuracy: 0.445222944021225
test/next-item-mae: 0.7245277166366577
test/next-item-mean-time-step: 0.8796468377113342
test/next-item-rmse: 1.0421333312988281
test/thinning_accepted: 49.13397216796875
val/T-mAP: 0.04959388077259064
val/horizon-mean-time-step: .nan
val/loss: 2.3854944705963135
val/loss_nhp: 2.3854944705963135
val/mean-predicted-length: 1.0
val/mean-target-length: 15.263496398925781
val/next-item-accuracy: 0.4649989902973175
val/next-item-mae: 0.7321116328239441
val/next-item-mean-time-step: 0.9082656502723694
val/next-item-rmse: 1.0600630044937134
val/thinning_accepted: 49.02461242675781
