date: '2024-08-05 15:07:11'
test/T-mAP: 0.09851372987031937
test/horizon-mean-time-step: 0.8993321061134338
test/loss: 2.3936290740966797
test/loss_nhp: 2.3936290740966797
test/mean-predicted-length: 5.0
test/mean-target-length: 15.583646774291992
test/next-item-accuracy: 0.44526273012161255
test/next-item-mae: 0.7248923778533936
test/next-item-mean-time-step: 0.8792365789413452
test/next-item-rmse: 1.0431886911392212
test/thinning_accepted: 49.03184127807617
val/T-mAP: 0.09957627952098846
val/horizon-mean-time-step: 0.9053413271903992
val/loss: 2.3853509426116943
val/loss_nhp: 2.3853509426116943
val/mean-predicted-length: 5.0
val/mean-target-length: 15.263496398925781
val/next-item-accuracy: 0.4649176299571991
val/next-item-mae: 0.7325562238693237
val/next-item-mean-time-step: 0.907248854637146
val/next-item-rmse: 1.0599164962768555
val/thinning_accepted: 48.99901580810547
