date: '2024-08-05 15:08:10'
test/T-mAP: 0.12046920508146286
test/horizon-mean-time-step: 0.8820329308509827
test/loss: 2.3924968242645264
test/loss_nhp: 2.3924968242645264
test/mean-predicted-length: 7.9373931884765625
test/mean-target-length: 15.583646774291992
test/next-item-accuracy: 0.445222944021225
test/next-item-mae: 0.7248004078865051
test/next-item-mean-time-step: 0.8796066045761108
test/next-item-rmse: 1.043337345123291
test/thinning_accepted: 49.20891571044922
val/T-mAP: 0.12126746028661728
val/horizon-mean-time-step: 0.891627848148346
val/loss: 2.384465456008911
val/loss_nhp: 2.384465456008911
val/mean-predicted-length: 7.937432765960693
val/mean-target-length: 15.263496398925781
val/next-item-accuracy: 0.4650396704673767
val/next-item-mae: 0.7330338358879089
val/next-item-mean-time-step: 0.9084290266036987
val/next-item-rmse: 1.0616018772125244
val/thinning_accepted: 48.954959869384766
