date: '2024-08-05 15:05:56'
test/T-mAP: 0.055409789085388184
test/horizon-mean-time-step: 0.891950249671936
test/loss: 2.5450551509857178
test/loss_nhp: 2.5450551509857178
test/mean-predicted-length: 2.0
test/mean-target-length: 15.583646774291992
test/next-item-accuracy: 0.43841561675071716
test/next-item-mae: 0.735031247138977
test/next-item-mean-time-step: 0.8782088160514832
test/next-item-rmse: 1.0563267469406128
test/thinning_accepted: 46.7656135559082
val/T-mAP: 0.05570567771792412
val/horizon-mean-time-step: 0.8874242901802063
val/loss: 2.5202441215515137
val/loss_nhp: 2.5202441215515137
val/mean-predicted-length: 2.0
val/mean-target-length: 15.263496398925781
val/next-item-accuracy: 0.4562538266181946
val/next-item-mae: 0.7410821914672852
val/next-item-mean-time-step: 0.9073674082756042
val/next-item-rmse: 1.0769778490066528
val/thinning_accepted: 46.57912826538086
