date: '2024-08-05 15:08:44'
test/T-mAP: 0.09838521480560303
test/horizon-mean-time-step: 0.8374415040016174
test/loss: 2.5440597534179688
test/loss_nhp: 2.5440597534179688
test/mean-predicted-length: 7.920971393585205
test/mean-target-length: 15.583646774291992
test/next-item-accuracy: 0.43845540285110474
test/next-item-mae: 0.7374345064163208
test/next-item-mean-time-step: 0.8788365721702576
test/next-item-rmse: 1.0611432790756226
test/thinning_accepted: 46.83713150024414
val/T-mAP: 0.1079661175608635
val/horizon-mean-time-step: 0.8314149379730225
val/loss: 2.5206034183502197
val/loss_nhp: 2.5206034183502197
val/mean-predicted-length: 7.919198989868164
val/mean-target-length: 15.263496398925781
val/next-item-accuracy: 0.4563351571559906
val/next-item-mae: 0.7411867380142212
val/next-item-mean-time-step: 0.9081182479858398
val/next-item-rmse: 1.0782649517059326
val/thinning_accepted: 46.49446105957031
