date: '2024-08-05 15:07:36'
test/T-mAP: 0.08306606858968735
test/horizon-mean-time-step: 0.8607355952262878
test/loss: 2.545102596282959
test/loss_nhp: 2.545102596282959
test/mean-predicted-length: 4.996578693389893
test/mean-target-length: 15.583646774291992
test/next-item-accuracy: 0.43853503465652466
test/next-item-mae: 0.7382292151451111
test/next-item-mean-time-step: 0.8784538507461548
test/next-item-rmse: 1.0607144832611084
test/thinning_accepted: 46.646095275878906
val/T-mAP: 0.08773642033338547
val/horizon-mean-time-step: 0.8523578643798828
val/loss: 2.5209243297576904
val/loss_nhp: 2.5209243297576904
val/mean-predicted-length: 4.9982123374938965
val/mean-target-length: 15.263496398925781
val/next-item-accuracy: 0.4563351571559906
val/next-item-mae: 0.7409497499465942
val/next-item-mean-time-step: 0.906704306602478
val/next-item-rmse: 1.0763126611709595
val/thinning_accepted: 46.60374069213867
