date: '2024-08-05 15:05:16'
test/T-mAP: 0.04394667223095894
test/horizon-mean-time-step: .nan
test/loss: 2.5442349910736084
test/loss_nhp: 2.5442349910736084
test/mean-predicted-length: 1.0
test/mean-target-length: 15.583646774291992
test/next-item-accuracy: 0.43821656703948975
test/next-item-mae: 0.7375951409339905
test/next-item-mean-time-step: 0.8780737519264221
test/next-item-rmse: 1.0590696334838867
test/thinning_accepted: 46.76634979248047
val/T-mAP: 0.041025370359420776
val/horizon-mean-time-step: .nan
val/loss: 2.5208587646484375
val/loss_nhp: 2.5208587646484375
val/mean-predicted-length: 1.0
val/mean-target-length: 15.263496398925781
val/next-item-accuracy: 0.4562538266181946
val/next-item-mae: 0.7392767071723938
val/next-item-mean-time-step: 0.9077136516571045
val/next-item-rmse: 1.0760947465896606
val/thinning_accepted: 46.54442596435547
