date: '2024-08-05 15:14:23'
test/T-mAP: 0.09855608642101288
test/horizon-mean-time-step: 0.7649491429328918
test/loss: 2.543687105178833
test/loss_nhp: 2.543687105178833
test/mean-predicted-length: 12.819021224975586
test/mean-target-length: 15.583646774291992
test/next-item-accuracy: 0.4381369352340698
test/next-item-mae: 0.7366842031478882
test/next-item-mean-time-step: 0.8785609602928162
test/next-item-rmse: 1.0592749118804932
test/optimal-transport-distance: 13.512311935424805
test/thinning_accepted: 46.71663284301758
val/T-mAP: 0.10934019088745117
val/horizon-mean-time-step: 0.7571864128112793
val/loss: 2.520482301712036
val/loss_nhp: 2.520482301712036
val/mean-predicted-length: 12.932069778442383
val/mean-target-length: 15.263496398925781
val/next-item-accuracy: 0.4564978778362274
val/next-item-mae: 0.7409348487854004
val/next-item-mean-time-step: 0.9078177213668823
val/next-item-rmse: 1.0771328210830688
val/optimal-transport-distance: 13.256402015686035
val/thinning_accepted: 46.503570556640625
