date: '2024-06-05 22:37:28'
test/detection-mAP: 0.10066980868577957
test/horizon-mean-time-step: 0.8692687749862671
test/loss: 2.3909146785736084
test/loss_labels: 1.6034382581710815
test/loss_timestamps: 0.7874762415885925
test/mean-predicted-length: 5.0
test/mean-target-length: 15.583646774291992
test/next-item-accuracy: 0.4542197585105896
test/next-item-mae: 0.7135950326919556
test/next-item-mean-time-step: 0.8817739486694336
test/next-item-rmse: 1.0354794263839722
test/timestamps-bias-mean: 0.19576258957386017
test/timestamps-current_influence: -0.07235663384199142
val/detection-mAP: 0.09764273464679718
val/horizon-mean-time-step: 0.8658914566040039
val/loss: 2.3879616260528564
val/loss_labels: 1.5609955787658691
val/loss_timestamps: 0.8269662261009216
val/mean-predicted-length: 5.0
val/mean-target-length: 15.263496398925781
val/next-item-accuracy: 0.46918854117393494
val/next-item-mae: 0.7225695848464966
val/next-item-mean-time-step: 0.9099135398864746
val/next-item-rmse: 1.0541027784347534
val/timestamps-bias-mean: 0.17753562331199646
val/timestamps-current_influence: -0.07235663384199142
