date: '2024-08-09 13:58:18'
test/T-mAP: 0.12266175448894501
test/horizon-mean-time-step: 0.8274800181388855
test/loss: 2.394768476486206
test/loss_labels: 1.6084891557693481
test/loss_timestamps: 0.7862793803215027
test/mean-predicted-length: 7.9452619552612305
test/mean-target-length: 15.583646774291992
test/next-item-accuracy: 0.4517117738723755
test/next-item-mae: 0.7142333984375
test/next-item-mean-time-step: 0.8819789886474609
test/next-item-rmse: 1.0349886417388916
test/timestamps-bias-mean: 0.19825884699821472
test/timestamps-current_influence: -0.07269307225942612
val/T-mAP: 0.1248776987195015
val/horizon-mean-time-step: 0.8159273266792297
val/loss: 2.3856077194213867
val/loss_labels: 1.5611518621444702
val/loss_timestamps: 0.824455738067627
val/mean-predicted-length: 7.960314750671387
val/mean-target-length: 15.263496398925781
val/next-item-accuracy: 0.469554603099823
val/next-item-mae: 0.7194841504096985
val/next-item-mean-time-step: 0.9106945991516113
val/next-item-rmse: 1.052786111831665
val/timestamps-bias-mean: 0.18440446257591248
val/timestamps-current_influence: -0.07269307225942612
