date: '2024-08-05 13:40:49'
test/detection-mAP: 0.050618354231119156
test/horizon-mean-time-step: .nan
test/loss: 2.396221399307251
test/loss_labels: 1.6172550916671753
test/loss_timestamps: 0.77896648645401
test/mean-predicted-length: 1.0
test/mean-target-length: 15.583646774291992
test/next-item-accuracy: 0.45394107699394226
test/next-item-mae: 0.6983965039253235
test/next-item-mean-time-step: 0.8803569078445435
test/next-item-rmse: 1.0332508087158203
test/timestamps-bias-mean: 0.2685953676700592
test/timestamps-current_influence: -0.07710317522287369
val/detection-mAP: 0.04796581342816353
val/horizon-mean-time-step: .nan
val/loss: 2.390831708908081
val/loss_labels: 1.571693778038025
val/loss_timestamps: 0.8191379308700562
val/mean-predicted-length: 1.0
val/mean-target-length: 15.263496398925781
val/next-item-accuracy: 0.47053080797195435
val/next-item-mae: 0.7060208916664124
val/next-item-mean-time-step: 0.9083535671234131
val/next-item-rmse: 1.0488518476486206
val/timestamps-bias-mean: 0.249516099691391
val/timestamps-current_influence: -0.07710317522287369
