date: '2024-08-05 15:14:39'
test/detection-mAP: 0.11689593642950058
test/horizon-mean-time-step: 0.6431236863136292
test/loss: 2.3933708667755127
test/loss_labels: 1.614208698272705
test/loss_timestamps: 0.7791619300842285
test/mean-predicted-length: 14.955866813659668
test/mean-target-length: 15.583646774291992
test/next-item-accuracy: 0.4535827934741974
test/next-item-mae: 0.6991536021232605
test/next-item-mean-time-step: 0.8816831111907959
test/next-item-rmse: 1.033281922340393
test/optimal-transport-distance: 13.214803695678711
test/timestamps-bias-mean: 0.26756712794303894
test/timestamps-current_influence: -0.08168898522853851
val/detection-mAP: 0.12648886442184448
val/horizon-mean-time-step: 0.6439423561096191
val/loss: 2.388807535171509
val/loss_labels: 1.5686330795288086
val/loss_timestamps: 0.820174515247345
val/mean-predicted-length: 14.715409278869629
val/mean-target-length: 15.263496398925781
val/next-item-accuracy: 0.4703681170940399
val/next-item-mae: 0.7071800231933594
val/next-item-mean-time-step: 0.9096665382385254
val/next-item-rmse: 1.0509490966796875
val/optimal-transport-distance: 12.999512672424316
val/timestamps-bias-mean: 0.24700170755386353
val/timestamps-current_influence: -0.08168898522853851
