date: '2024-08-05 13:41:38'
test/detection-mAP: 0.06666482985019684
test/horizon-mean-time-step: 0.874998927116394
test/loss: 2.418600559234619
test/loss_labels: 1.6411969661712646
test/loss_timestamps: 0.7774035930633545
test/mean-predicted-length: 2.0
test/mean-target-length: 15.583646774291992
test/next-item-accuracy: 0.45338374376296997
test/next-item-mae: 0.7071170210838318
test/next-item-mean-time-step: 0.8816326260566711
test/next-item-rmse: 1.0351680517196655
test/timestamps-bias-mean: 0.2407759130001068
test/timestamps-current_influence: -0.08487048000097275
val/detection-mAP: 0.06386315822601318
val/horizon-mean-time-step: 0.8781076669692993
val/loss: 2.411208152770996
val/loss_labels: 1.5937349796295166
val/loss_timestamps: 0.8174731731414795
val/mean-predicted-length: 2.0
val/mean-target-length: 15.263496398925781
val/next-item-accuracy: 0.46988001465797424
val/next-item-mae: 0.7147474884986877
val/next-item-mean-time-step: 0.9100802540779114
val/next-item-rmse: 1.0508670806884766
val/timestamps-bias-mean: 0.2199876606464386
val/timestamps-current_influence: -0.08487048000097275
