date: '2024-08-09 13:56:31'
test/T-mAP: 0.06821560114622116
test/horizon-mean-time-step: 0.8756119012832642
test/loss: 2.394768476486206
test/loss_labels: 1.6084891557693481
test/loss_timestamps: 0.7862793803215027
test/mean-predicted-length: 2.0
test/mean-target-length: 15.583646774291992
test/next-item-accuracy: 0.4517117738723755
test/next-item-mae: 0.7123204469680786
test/next-item-mean-time-step: 0.88294917345047
test/next-item-rmse: 1.033945083618164
test/timestamps-bias-mean: 0.19825884699821472
test/timestamps-current_influence: -0.07269307225942612
val/T-mAP: 0.06727446615695953
val/horizon-mean-time-step: 0.8629874587059021
val/loss: 2.3856077194213867
val/loss_labels: 1.5611518621444702
val/loss_timestamps: 0.824455738067627
val/mean-predicted-length: 2.0
val/mean-target-length: 15.263496398925781
val/next-item-accuracy: 0.469554603099823
val/next-item-mae: 0.7169618010520935
val/next-item-mean-time-step: 0.9101006984710693
val/next-item-rmse: 1.0499659776687622
val/timestamps-bias-mean: 0.18440446257591248
val/timestamps-current_influence: -0.07269307225942612
