date: '2024-08-09 14:01:23'
test/T-mAP: 0.1257007122039795
test/horizon-mean-time-step: 0.6564661860466003
test/loss: 2.394768476486206
test/loss_labels: 1.6084891557693481
test/loss_timestamps: 0.7862793803215027
test/mean-predicted-length: 13.435853958129883
test/mean-target-length: 15.583646774291992
test/next-item-accuracy: 0.4517117738723755
test/next-item-mae: 0.715039074420929
test/next-item-mean-time-step: 0.8829219937324524
test/next-item-rmse: 1.0361963510513306
test/optimal-transport-distance: 13.276985168457031
test/timestamps-bias-mean: 0.19825884699821472
test/timestamps-current_influence: -0.07269307225942612
val/T-mAP: 0.13239839673042297
val/horizon-mean-time-step: 0.6484641432762146
val/loss: 2.3856077194213867
val/loss_labels: 1.5611518621444702
val/loss_timestamps: 0.824455738067627
val/mean-predicted-length: 13.491240501403809
val/mean-target-length: 15.263496398925781
val/next-item-accuracy: 0.469554603099823
val/next-item-mae: 0.7181098461151123
val/next-item-mean-time-step: 0.9099132418632507
val/next-item-rmse: 1.0500367879867554
val/optimal-transport-distance: 13.009910583496094
val/timestamps-bias-mean: 0.18440446257591248
val/timestamps-current_influence: -0.07269307225942612
