date: '2024-08-05 13:44:48'
test/detection-mAP: 0.10904964804649353
test/horizon-mean-time-step: 0.7889699935913086
test/loss: 2.511808395385742
test/loss_labels: 1.7339531183242798
test/loss_timestamps: 0.7778553366661072
test/mean-predicted-length: 7.977078437805176
test/mean-target-length: 15.583646774291992
test/next-item-accuracy: 0.4448646605014801
test/next-item-mae: 0.6933460235595703
test/next-item-mean-time-step: 0.8799154758453369
test/next-item-rmse: 1.0611560344696045
test/timestamps-bias-mean: 0.37902024388313293
test/timestamps-current_influence: -0.12836554646492004
val/detection-mAP: 0.11580459773540497
val/horizon-mean-time-step: 0.7906774878501892
val/loss: 2.5008609294891357
val/loss_labels: 1.681828498840332
val/loss_timestamps: 0.8190324306488037
val/mean-predicted-length: 7.975330829620361
val/mean-target-length: 15.263496398925781
val/next-item-accuracy: 0.4634533226490021
val/next-item-mae: 0.7012685537338257
val/next-item-mean-time-step: 0.9093621373176575
val/next-item-rmse: 1.0851078033447266
val/timestamps-bias-mean: 0.37341228127479553
val/timestamps-current_influence: -0.12836554646492004
