date: '2024-06-05 22:41:49'
test/detection-mAP: 0.13217981159687042
test/horizon-mean-time-step: 0.6965581178665161
test/loss: 2.3909146785736084
test/loss_labels: 1.6034382581710815
test/loss_timestamps: 0.7874762415885925
test/mean-predicted-length: 12.699624061584473
test/mean-target-length: 15.583646774291992
test/next-item-accuracy: 0.4542197585105896
test/next-item-mae: 0.7127476930618286
test/next-item-mean-time-step: 0.8809554576873779
test/next-item-rmse: 1.0336058139801025
test/optimal-transport-distance: 13.219711303710938
test/timestamps-bias-mean: 0.19576258957386017
test/timestamps-current_influence: -0.07235663384199142
val/detection-mAP: 0.13137635588645935
val/horizon-mean-time-step: 0.6955286264419556
val/loss: 2.3879616260528564
val/loss_labels: 1.5609955787658691
val/loss_timestamps: 0.8269662261009216
val/mean-predicted-length: 12.588845252990723
val/mean-target-length: 15.263496398925781
val/next-item-accuracy: 0.46918854117393494
val/next-item-mae: 0.7233139872550964
val/next-item-mean-time-step: 0.9096106290817261
val/next-item-rmse: 1.0538272857666016
val/optimal-transport-distance: 13.043296813964844
val/timestamps-bias-mean: 0.17753562331199646
val/timestamps-current_influence: -0.07235663384199142
