date: '2024-08-05 13:46:22'
test/detection-mAP: 0.12053541839122772
test/horizon-mean-time-step: 0.7797253727912903
test/loss: 2.473802328109741
test/loss_labels: 1.7270233631134033
test/loss_timestamps: 0.7467789649963379
test/mean-predicted-length: 12.455696105957031
test/mean-target-length: 15.583646774291992
test/next-item-accuracy: 0.4442276954650879
test/next-item-mae: 0.7021021842956543
test/next-item-mean-time-step: 0.8800812363624573
test/next-item-rmse: 1.0658413171768188
test/optimal-transport-distance: 13.397603988647461
test/timestamps-bias-mean: 0.35957255959510803
test/timestamps-current_influence: -0.12461777776479721
val/detection-mAP: 0.12913678586483002
val/horizon-mean-time-step: 0.7813000082969666
val/loss: 2.459993600845337
val/loss_labels: 1.6729037761688232
val/loss_timestamps: 0.7870898842811584
val/mean-predicted-length: 12.434036254882812
val/mean-target-length: 15.263496398925781
val/next-item-accuracy: 0.4641447961330414
val/next-item-mae: 0.7087666988372803
val/next-item-mean-time-step: 0.9092140197753906
val/next-item-rmse: 1.091187834739685
val/optimal-transport-distance: 13.158470153808594
val/timestamps-bias-mean: 0.35659530758857727
val/timestamps-current_influence: -0.12461777776479721
