date: '2024-08-05 15:07:47'
test/detection-mAP: 0.11365220695734024
test/horizon-mean-time-step: 0.8035132884979248
test/loss: 2.3933708667755127
test/loss_labels: 1.614208698272705
test/loss_timestamps: 0.7791619300842285
test/mean-predicted-length: 7.9062604904174805
test/mean-target-length: 15.583646774291992
test/next-item-accuracy: 0.4535827934741974
test/next-item-mae: 0.6989082098007202
test/next-item-mean-time-step: 0.881137490272522
test/next-item-rmse: 1.0332788228988647
test/timestamps-bias-mean: 0.26756712794303894
test/timestamps-current_influence: -0.08168898522853851
val/detection-mAP: 0.11523294448852539
val/horizon-mean-time-step: 0.8065053820610046
val/loss: 2.388807535171509
val/loss_labels: 1.5686330795288086
val/loss_timestamps: 0.820174515247345
val/mean-predicted-length: 7.918126583099365
val/mean-target-length: 15.263496398925781
val/next-item-accuracy: 0.4703681170940399
val/next-item-mae: 0.7070660591125488
val/next-item-mean-time-step: 0.9095837473869324
val/next-item-rmse: 1.0502573251724243
val/timestamps-bias-mean: 0.24700170755386353
val/timestamps-current_influence: -0.08168898522853851
