date: '2024-06-05 22:40:29'
test/detection-mAP: 0.13253580033779144
test/horizon-mean-time-step: 0.7360005974769592
test/loss: 2.3909146785736084
test/loss_labels: 1.6034382581710815
test/loss_timestamps: 0.7874762415885925
test/mean-predicted-length: 12.596989631652832
test/mean-target-length: 15.583646774291992
test/next-item-accuracy: 0.4542197585105896
test/next-item-mae: 0.7138094902038574
test/next-item-mean-time-step: 0.8813794255256653
test/next-item-rmse: 1.0360217094421387
test/optimal-transport-distance: 13.24404525756836
test/timestamps-bias-mean: 0.19576258957386017
test/timestamps-current_influence: -0.07235663384199142
val/detection-mAP: 0.13226985931396484
val/horizon-mean-time-step: 0.7350512146949768
val/loss: 2.3879616260528564
val/loss_labels: 1.5609955787658691
val/loss_timestamps: 0.8269662261009216
val/mean-predicted-length: 12.547014236450195
val/mean-target-length: 15.263496398925781
val/next-item-accuracy: 0.46918854117393494
val/next-item-mae: 0.7206195592880249
val/next-item-mean-time-step: 0.909482479095459
val/next-item-rmse: 1.053491234779358
val/optimal-transport-distance: 13.03542709350586
val/timestamps-bias-mean: 0.17753562331199646
val/timestamps-current_influence: -0.07235663384199142
