date: '2024-08-09 13:58:56'
test/T-mAP: 0.1302211880683899
test/horizon-mean-time-step: 0.7881991863250732
test/loss: 2.394768476486206
test/loss_labels: 1.6084891557693481
test/loss_timestamps: 0.7862793803215027
test/mean-predicted-length: 10.84228515625
test/mean-target-length: 15.583646774291992
test/next-item-accuracy: 0.4517117738723755
test/next-item-mae: 0.7146693468093872
test/next-item-mean-time-step: 0.8824432492256165
test/next-item-rmse: 1.0361768007278442
test/optimal-transport-distance: 13.277973175048828
test/timestamps-bias-mean: 0.19825884699821472
test/timestamps-current_influence: -0.07269307225942612
val/T-mAP: 0.13633430004119873
val/horizon-mean-time-step: 0.7813866138458252
val/loss: 2.3856077194213867
val/loss_labels: 1.5611518621444702
val/loss_timestamps: 0.824455738067627
val/mean-predicted-length: 10.90811538696289
val/mean-target-length: 15.263496398925781
val/next-item-accuracy: 0.469554603099823
val/next-item-mae: 0.7202741503715515
val/next-item-mean-time-step: 0.9100474119186401
val/next-item-rmse: 1.050522804260254
val/optimal-transport-distance: 13.035429954528809
val/timestamps-bias-mean: 0.18440446257591248
val/timestamps-current_influence: -0.07269307225942612
