date: '2024-06-05 22:36:35'
test/detection-mAP: 0.06891432404518127
test/horizon-mean-time-step: 0.8816561698913574
test/loss: 2.3909146785736084
test/loss_labels: 1.6034382581710815
test/loss_timestamps: 0.7874762415885925
test/mean-predicted-length: 2.0
test/mean-target-length: 15.583646774291992
test/next-item-accuracy: 0.4542197585105896
test/next-item-mae: 0.7156507968902588
test/next-item-mean-time-step: 0.8810924887657166
test/next-item-rmse: 1.0384390354156494
test/timestamps-bias-mean: 0.19576258957386017
test/timestamps-current_influence: -0.07235663384199142
val/detection-mAP: 0.06535884737968445
val/horizon-mean-time-step: 0.884066104888916
val/loss: 2.3879616260528564
val/loss_labels: 1.5609955787658691
val/loss_timestamps: 0.8269662261009216
val/mean-predicted-length: 2.0
val/mean-target-length: 15.263496398925781
val/next-item-accuracy: 0.46918854117393494
val/next-item-mae: 0.7213278412818909
val/next-item-mean-time-step: 0.909496009349823
val/next-item-rmse: 1.053299903869629
val/timestamps-bias-mean: 0.17753562331199646
val/timestamps-current_influence: -0.07235663384199142
