date: '2024-06-05 22:38:39'
test/detection-mAP: 0.135310560464859
test/horizon-mean-time-step: 0.813322901725769
test/loss: 2.3909146785736084
test/loss_labels: 1.6034382581710815
test/loss_timestamps: 0.7874762415885925
test/mean-predicted-length: 10.715019226074219
test/mean-target-length: 15.583646774291992
test/next-item-accuracy: 0.4542197585105896
test/next-item-mae: 0.7149356007575989
test/next-item-mean-time-step: 0.8816349506378174
test/next-item-rmse: 1.0365102291107178
test/optimal-transport-distance: 13.223865509033203
test/timestamps-bias-mean: 0.19576258957386017
test/timestamps-current_influence: -0.07235663384199142
val/detection-mAP: 0.13313816487789154
val/horizon-mean-time-step: 0.8110763430595398
val/loss: 2.3879616260528564
val/loss_labels: 1.5609955787658691
val/loss_timestamps: 0.8269662261009216
val/mean-predicted-length: 10.751876831054688
val/mean-target-length: 15.263496398925781
val/next-item-accuracy: 0.46918854117393494
val/next-item-mae: 0.7210199236869812
val/next-item-mean-time-step: 0.909377932548523
val/next-item-rmse: 1.0536088943481445
val/optimal-transport-distance: 13.036723136901855
val/timestamps-bias-mean: 0.17753562331199646
val/timestamps-current_influence: -0.07235663384199142
