date: '2024-08-09 14:00:27'
test/T-mAP: 0.12646842002868652
test/horizon-mean-time-step: 0.7011531591415405
test/loss: 2.394768476486206
test/loss_labels: 1.6084891557693481
test/loss_timestamps: 0.7862793803215027
test/mean-predicted-length: 13.216216087341309
test/mean-target-length: 15.583646774291992
test/next-item-accuracy: 0.4517117738723755
test/next-item-mae: 0.7143720388412476
test/next-item-mean-time-step: 0.8824573159217834
test/next-item-rmse: 1.0345357656478882
test/optimal-transport-distance: 13.279221534729004
test/timestamps-bias-mean: 0.19825884699821472
test/timestamps-current_influence: -0.07269307225942612
val/T-mAP: 0.13399818539619446
val/horizon-mean-time-step: 0.693193256855011
val/loss: 2.3856077194213867
val/loss_labels: 1.5611518621444702
val/loss_timestamps: 0.824455738067627
val/mean-predicted-length: 13.352877616882324
val/mean-target-length: 15.263496398925781
val/next-item-accuracy: 0.469554603099823
val/next-item-mae: 0.7185149192810059
val/next-item-mean-time-step: 0.909980297088623
val/next-item-rmse: 1.0492233037948608
val/optimal-transport-distance: 13.017443656921387
val/timestamps-bias-mean: 0.18440446257591248
val/timestamps-current_influence: -0.07269307225942612
