date: '2024-08-05 15:06:05'
test/detection-mAP: 0.08468858152627945
test/horizon-mean-time-step: 0.8393545150756836
test/loss: 2.3933708667755127
test/loss_labels: 1.614208698272705
test/loss_timestamps: 0.7791619300842285
test/mean-predicted-length: 4.0
test/mean-target-length: 15.583646774291992
test/next-item-accuracy: 0.4535827934741974
test/next-item-mae: 0.6985212564468384
test/next-item-mean-time-step: 0.8810511231422424
test/next-item-rmse: 1.030963659286499
test/timestamps-bias-mean: 0.26756712794303894
test/timestamps-current_influence: -0.08168898522853851
val/detection-mAP: 0.08411562442779541
val/horizon-mean-time-step: 0.8444302082061768
val/loss: 2.388807535171509
val/loss_labels: 1.5686330795288086
val/loss_timestamps: 0.820174515247345
val/mean-predicted-length: 4.0
val/mean-target-length: 15.263496398925781
val/next-item-accuracy: 0.4703681170940399
val/next-item-mae: 0.7057971954345703
val/next-item-mean-time-step: 0.9101997017860413
val/next-item-rmse: 1.050226092338562
val/timestamps-bias-mean: 0.24700170755386353
val/timestamps-current_influence: -0.08168898522853851
