date: '2024-08-09 13:56:00'
test/T-mAP: 0.05248471722006798
test/horizon-mean-time-step: .nan
test/loss: 2.394768476486206
test/loss_labels: 1.6084891557693481
test/loss_timestamps: 0.7862793803215027
test/mean-predicted-length: 1.0
test/mean-target-length: 15.583646774291992
test/next-item-accuracy: 0.4517117738723755
test/next-item-mae: 0.7148248553276062
test/next-item-mean-time-step: 0.8834814429283142
test/next-item-rmse: 1.0365811586380005
test/timestamps-bias-mean: 0.19825884699821472
test/timestamps-current_influence: -0.07269307225942612
val/T-mAP: 0.05182107910513878
val/horizon-mean-time-step: .nan
val/loss: 2.3856077194213867
val/loss_labels: 1.5611518621444702
val/loss_timestamps: 0.824455738067627
val/mean-predicted-length: 1.0
val/mean-target-length: 15.263496398925781
val/next-item-accuracy: 0.469554603099823
val/next-item-mae: 0.7179473638534546
val/next-item-mean-time-step: 0.9105889797210693
val/next-item-rmse: 1.0499498844146729
val/timestamps-bias-mean: 0.18440446257591248
val/timestamps-current_influence: -0.07269307225942612
