date: '2024-08-09 13:59:40'
test/T-mAP: 0.13046063482761383
test/horizon-mean-time-step: 0.7565752863883972
test/loss: 2.394768476486206
test/loss_labels: 1.6084891557693481
test/loss_timestamps: 0.7862793803215027
test/mean-predicted-length: 12.210741996765137
test/mean-target-length: 15.583646774291992
test/next-item-accuracy: 0.4517117738723755
test/next-item-mae: 0.7136276960372925
test/next-item-mean-time-step: 0.8829455375671387
test/next-item-rmse: 1.0360151529312134
test/optimal-transport-distance: 13.2830171585083
test/timestamps-bias-mean: 0.19825884699821472
test/timestamps-current_influence: -0.07269307225942612
val/T-mAP: 0.13720233738422394
val/horizon-mean-time-step: 0.7487030625343323
val/loss: 2.3856077194213867
val/loss_labels: 1.5611518621444702
val/loss_timestamps: 0.824455738067627
val/mean-predicted-length: 12.36574935913086
val/mean-target-length: 15.263496398925781
val/next-item-accuracy: 0.469554603099823
val/next-item-mae: 0.7191098928451538
val/next-item-mean-time-step: 0.9098694920539856
val/next-item-rmse: 1.0501025915145874
val/optimal-transport-distance: 13.019035339355469
val/timestamps-bias-mean: 0.18440446257591248
val/timestamps-current_influence: -0.07269307225942612
