date: '2024-08-05 15:08:55'
test/detection-mAP: 0.12276728451251984
test/horizon-mean-time-step: 0.7710419297218323
test/loss: 2.3933708667755127
test/loss_labels: 1.614208698272705
test/loss_timestamps: 0.7791619300842285
test/mean-predicted-length: 10.751625061035156
test/mean-target-length: 15.583646774291992
test/next-item-accuracy: 0.4535827934741974
test/next-item-mae: 0.6969688534736633
test/next-item-mean-time-step: 0.8805461525917053
test/next-item-rmse: 1.0293909311294556
test/optimal-transport-distance: 13.199947357177734
test/timestamps-bias-mean: 0.26756712794303894
test/timestamps-current_influence: -0.08168898522853851
val/detection-mAP: 0.1278809905052185
val/horizon-mean-time-step: 0.772442102432251
val/loss: 2.388807535171509
val/loss_labels: 1.5686330795288086
val/loss_timestamps: 0.820174515247345
val/mean-predicted-length: 10.764033317565918
val/mean-target-length: 15.263496398925781
val/next-item-accuracy: 0.4703681170940399
val/next-item-mae: 0.7058406472206116
val/next-item-mean-time-step: 0.9099175333976746
val/next-item-rmse: 1.0501877069473267
val/optimal-transport-distance: 13.001002311706543
val/timestamps-bias-mean: 0.24700170755386353
val/timestamps-current_influence: -0.08168898522853851
