date: '2024-06-05 22:36:13'
test/detection-mAP: 0.053789399564266205
test/horizon-mean-time-step: .nan
test/loss: 2.3909146785736084
test/loss_labels: 1.6034382581710815
test/loss_timestamps: 0.7874762415885925
test/mean-predicted-length: 1.0
test/mean-target-length: 15.583646774291992
test/next-item-accuracy: 0.4542197585105896
test/next-item-mae: 0.7129248380661011
test/next-item-mean-time-step: 0.8808892369270325
test/next-item-rmse: 1.034674882888794
test/timestamps-bias-mean: 0.19576258957386017
test/timestamps-current_influence: -0.07235663384199142
val/detection-mAP: 0.04964663088321686
val/horizon-mean-time-step: .nan
val/loss: 2.3879616260528564
val/loss_labels: 1.5609955787658691
val/loss_timestamps: 0.8269662261009216
val/mean-predicted-length: 1.0
val/mean-target-length: 15.263496398925781
val/next-item-accuracy: 0.46918854117393494
val/next-item-mae: 0.7221626043319702
val/next-item-mean-time-step: 0.9095064997673035
val/next-item-rmse: 1.054382562637329
val/timestamps-bias-mean: 0.17753562331199646
val/timestamps-current_influence: -0.07235663384199142
