date: '2024-08-09 13:57:40'
test/T-mAP: 0.10069994628429413
test/horizon-mean-time-step: 0.8560749888420105
test/loss: 2.394768476486206
test/loss_labels: 1.6084891557693481
test/loss_timestamps: 0.7862793803215027
test/mean-predicted-length: 4.999658107757568
test/mean-target-length: 15.583646774291992
test/next-item-accuracy: 0.4517117738723755
test/next-item-mae: 0.7143478393554688
test/next-item-mean-time-step: 0.8825594782829285
test/next-item-rmse: 1.0366454124450684
test/timestamps-bias-mean: 0.19825884699821472
test/timestamps-current_influence: -0.07269307225942612
val/T-mAP: 0.10051857680082321
val/horizon-mean-time-step: 0.8436300754547119
val/loss: 2.3856077194213867
val/loss_labels: 1.5611518621444702
val/loss_timestamps: 0.824455738067627
val/mean-predicted-length: 5.0
val/mean-target-length: 15.263496398925781
val/next-item-accuracy: 0.469554603099823
val/next-item-mae: 0.718501091003418
val/next-item-mean-time-step: 0.9104369878768921
val/next-item-rmse: 1.050458312034607
val/timestamps-bias-mean: 0.18440446257591248
val/timestamps-current_influence: -0.07269307225942612
