date: '2024-08-05 15:12:15'
test/detection-mAP: 0.11983053386211395
test/horizon-mean-time-step: 0.6884956359863281
test/loss: 2.3933708667755127
test/loss_labels: 1.614208698272705
test/loss_timestamps: 0.7791619300842285
test/mean-predicted-length: 14.03831672668457
test/mean-target-length: 15.583646774291992
test/next-item-accuracy: 0.4535827934741974
test/next-item-mae: 0.6999730467796326
test/next-item-mean-time-step: 0.8812793493270874
test/next-item-rmse: 1.0345674753189087
test/optimal-transport-distance: 13.199106216430664
test/timestamps-bias-mean: 0.26756712794303894
test/timestamps-current_influence: -0.08168898522853851
val/detection-mAP: 0.12815366685390472
val/horizon-mean-time-step: 0.6896478533744812
val/loss: 2.388807535171509
val/loss_labels: 1.5686330795288086
val/loss_timestamps: 0.820174515247345
val/mean-predicted-length: 13.965677261352539
val/mean-target-length: 15.263496398925781
val/next-item-accuracy: 0.4703681170940399
val/next-item-mae: 0.7055675983428955
val/next-item-mean-time-step: 0.9095337986946106
val/next-item-rmse: 1.0503194332122803
val/optimal-transport-distance: 13.013812065124512
val/timestamps-bias-mean: 0.24700170755386353
val/timestamps-current_influence: -0.08168898522853851
