date: '2024-10-01 13:31:01'
test/T-mAP: 0.093275286257267
test/T-mAP-micro: 0.5127565264701843
test/horizon-mean-time-step: 0.1612013727426529
test/loss: 2.838010311126709
test/loss__presence: 0.20050905644893646
test/loss_labels: 1.7108371257781982
test/loss_timestamps: 0.9266640543937683
test/match_cost_mean: -5.638919353485107
test/match_cost_std: 6.917697429656982
test/max_cost: 78.06585693359375
test/mean-predicted-length: 9.058462142944336
test/mean-target-length: 9.136935234069824
test/next-item-accuracy: 0.3528308570384979
test/next-item-mae: 0.7071039080619812
test/next-item-map: 0.03844605013728142
test/next-item-map-micro: 0.29304397106170654
test/next-item-mean-time-step: 0.833131730556488
test/next-item-rmse: 1.0572733879089355
test/next-k-label-distribution-delta: 4.661477088928223
test/optimal-transport-distance: 6.597732067108154
test/prediction_match_rate: 0.2772980034351349
test/sequence-labels-entropy: 1.446040391921997
test/target_match_rate: 1.0
val/T-mAP: 0.09289106726646423
val/T-mAP-micro: 0.5157744288444519
val/horizon-mean-time-step: 0.16135849058628082
val/loss: 2.8158419132232666
val/loss__presence: 0.19935815036296844
val/loss_labels: 1.6907882690429688
val/loss_timestamps: 0.9256953597068787
val/match_cost_mean: -5.690013408660889
val/match_cost_std: 6.892674922943115
val/max_cost: 78.57682037353516
val/mean-predicted-length: 9.118284225463867
val/mean-target-length: 9.149765014648438
val/next-item-accuracy: 0.3549787998199463
val/next-item-mae: 0.7059758901596069
val/next-item-map: 0.036923862993717194
val/next-item-map-micro: 0.2960825562477112
val/next-item-mean-time-step: 0.8334864377975464
val/next-item-rmse: 1.0590740442276
val/next-k-label-distribution-delta: 4.644145965576172
val/optimal-transport-distance: 6.588973045349121
val/prediction_match_rate: 0.27781158685684204
val/sequence-labels-entropy: 1.4511299133300781
val/target_match_rate: 1.0
