date: '2024-10-02 03:30:16'
test/T-mAP: 0.09357380121946335
test/T-mAP-micro: 0.5120784640312195
test/horizon-mean-time-step: 0.1091332882642746
test/loss: 2.7731592655181885
test/loss__presence: 0.13312910497188568
test/loss_labels: 1.711317539215088
test/loss_timestamps: 0.9287121295928955
test/match_cost_mean: -5.256646156311035
test/match_cost_std: 6.76245641708374
test/max_cost: 132.91571044921875
test/mean-predicted-length: 8.87753677368164
test/mean-target-length: 9.136935234069824
test/next-item-accuracy: 0.35006338357925415
test/next-item-mae: 0.7073062658309937
test/next-item-map: 0.03808207809925079
test/next-item-map-micro: 0.2918742001056671
test/next-item-mean-time-step: 0.8312628269195557
test/next-item-rmse: 1.0500974655151367
test/next-k-label-distribution-delta: 4.608604907989502
test/optimal-transport-distance: 6.604915618896484
test/prediction_match_rate: 0.1845269799232483
test/sequence-labels-entropy: 1.4626544713974
test/target_match_rate: 1.0
val/T-mAP: 0.09795180708169937
val/T-mAP-micro: 0.5153356790542603
val/horizon-mean-time-step: 0.10918173938989639
val/loss: 2.753373384475708
val/loss__presence: 0.13268472254276276
val/loss_labels: 1.6934212446212769
val/loss_timestamps: 0.9272680282592773
val/match_cost_mean: -5.27776575088501
val/match_cost_std: 6.745157718658447
val/max_cost: 133.67123413085938
val/mean-predicted-length: 8.91953182220459
val/mean-target-length: 9.149765014648438
val/next-item-accuracy: 0.35222283005714417
val/next-item-mae: 0.7063117623329163
val/next-item-map: 0.036886997520923615
val/next-item-map-micro: 0.29498812556266785
val/next-item-mean-time-step: 0.831662118434906
val/next-item-rmse: 1.052064299583435
val/next-k-label-distribution-delta: 4.583186149597168
val/optimal-transport-distance: 6.5915751457214355
val/prediction_match_rate: 0.1847710758447647
val/sequence-labels-entropy: 1.4610753059387207
val/target_match_rate: 1.0
