date: '2024-10-01 09:29:00'
test/T-mAP: 0.0917346403002739
test/T-mAP-micro: 0.5157738924026489
test/horizon-mean-time-step: 0.31465569138526917
test/loss: 3.015077829360962
test/loss__presence: 0.36328771710395813
test/loss_labels: 1.7116608619689941
test/loss_timestamps: 0.9401301145553589
test/match_cost_mean: -5.825143337249756
test/match_cost_std: 6.7866926193237305
test/max_cost: 36.53415298461914
test/mean-predicted-length: 8.873200416564941
test/mean-target-length: 9.136935234069824
test/next-item-accuracy: 0.35066360235214233
test/next-item-mae: 0.6831595301628113
test/next-item-map: 0.038318708539009094
test/next-item-map-micro: 0.2928769588470459
test/next-item-mean-time-step: 0.8312593102455139
test/next-item-rmse: 1.0415197610855103
test/next-k-label-distribution-delta: 4.577989101409912
test/optimal-transport-distance: 6.657434463500977
test/prediction_match_rate: 0.5459436178207397
test/sequence-labels-entropy: 1.5082073211669922
test/target_match_rate: 1.0
val/T-mAP: 0.09825346618890762
val/T-mAP-micro: 0.5195291042327881
val/horizon-mean-time-step: 0.31501320004463196
val/loss: 2.993692398071289
val/loss__presence: 0.36222296953201294
val/loss_labels: 1.6931036710739136
val/loss_timestamps: 0.9383655786514282
val/match_cost_mean: -5.844640731811523
val/match_cost_std: 6.775821208953857
val/max_cost: 36.44058609008789
val/mean-predicted-length: 8.901690483093262
val/mean-target-length: 9.149765014648438
val/next-item-accuracy: 0.352714866399765
val/next-item-mae: 0.6825606226921082
val/next-item-map: 0.03748024255037308
val/next-item-map-micro: 0.29607605934143066
val/next-item-mean-time-step: 0.8317499756813049
val/next-item-rmse: 1.043822169303894
val/next-k-label-distribution-delta: 4.547236919403076
val/optimal-transport-distance: 6.638311386108398
val/prediction_match_rate: 0.5469952821731567
val/sequence-labels-entropy: 1.5077747106552124
val/target_match_rate: 1.0
