date: '2024-09-24 14:10:05'
test/T-mAP: 0.014805855229496956
test/T-mAP-micro: 0.19210585951805115
test/horizon-mean-time-step: 0.8747085928916931
test/loss: 3.597580671310425
test/loss_nhp: 3.597580671310425
test/mean-predicted-length: 7.600599765777588
test/mean-target-length: 9.077994346618652
test/next-item-accuracy: 0.31115999817848206
test/next-item-mae: 0.716809093952179
test/next-item-map: 0.012129866518080235
test/next-item-map-micro: 0.1858406811952591
test/next-item-mean-time-step: 0.8392940163612366
test/next-item-rmse: 1.0630100965499878
test/next-k-label-distribution-delta: 6.88107967376709
test/optimal-transport-distance: 7.501073837280273
test/thinning_accepted: 49.927024841308594
val/T-mAP: 0.017097044736146927
val/T-mAP-micro: 0.1940900683403015
val/horizon-mean-time-step: 0.8776330947875977
val/loss: 3.5853495597839355
val/loss_nhp: 3.5853495597839355
val/mean-predicted-length: 7.574157238006592
val/mean-target-length: 9.088143348693848
val/next-item-accuracy: 0.3140859603881836
val/next-item-mae: 0.718874990940094
val/next-item-map: 0.012216862291097641
val/next-item-map-micro: 0.1878008097410202
val/next-item-mean-time-step: 0.8458569645881653
val/next-item-rmse: 1.0717101097106934
val/next-k-label-distribution-delta: 6.907899856567383
val/optimal-transport-distance: 7.523194789886475
val/thinning_accepted: 49.9133415222168
