date: '2025-02-24 20:31:07'
test/T-mAP: 0.014873125590384007
test/T-mAP-weighted: 0.194366917014122
test/horizon-max-f-score: 0.027929088100790977
test/horizon-max-f-score-weighted: 0.26760244369506836
test/horizon-mean-time-step: 0.973763108253479
test/loss: 3.676335573196411
test/loss_nhp: 3.676335573196411
test/mean-predicted-length: 6.7832865715026855
test/mean-target-length: 9.136935234069824
test/next-item-accuracy: 0.30683228373527527
test/next-item-mae: 0.7494630217552185
test/next-item-map: 0.01091956626623869
test/next-item-map-weighted: 0.16719870269298553
test/next-item-max-f-score: 0.02204778976738453
test/next-item-max-f-score-weighted: 0.23494821786880493
test/next-item-mean-time-step: 0.8580574989318848
test/next-item-rmse: 1.1060432195663452
test/next-k-label-distribution-delta: 6.922964572906494
test/optimal-transport-distance: 7.484728813171387
test/sequence-labels-entropy: 0.002804802032187581
test/thinning_accepted: 49.949180603027344
val/T-mAP: 0.015046595595777035
val/T-mAP-weighted: 0.19839678704738617
val/horizon-max-f-score: 0.029682422056794167
val/horizon-max-f-score-weighted: 0.2698032557964325
val/horizon-mean-time-step: 0.9730074405670166
val/loss: 3.6516451835632324
val/loss_nhp: 3.6516451835632324
val/mean-predicted-length: 6.795311450958252
val/mean-target-length: 9.149765014648438
val/next-item-accuracy: 0.3100448548793793
val/next-item-mae: 0.7489794492721558
val/next-item-map: 0.01112336851656437
val/next-item-map-weighted: 0.17379505932331085
val/next-item-max-f-score: 0.021926186978816986
val/next-item-max-f-score-weighted: 0.2383146435022354
val/next-item-mean-time-step: 0.858372688293457
val/next-item-rmse: 1.108397126197815
val/next-k-label-distribution-delta: 6.894721031188965
val/optimal-transport-distance: 7.46872615814209
val/sequence-labels-entropy: 0.002641194500029087
val/thinning_accepted: 49.96923065185547
