date: '2024-09-06 16:39:33'
test/T-mAP: 0.09124846011400223
test/horizon-mean-time-step: 0.16295947134494781
test/loss: 5.677654266357422
test/loss__presence: 0.1993536800146103
test/loss_labels: 1.7124611139297485
test/loss_next_item_labels: 2.2594895362854004
test/loss_next_item_timestamps: 0.569548487663269
test/loss_timestamps: 0.9368012547492981
test/match_cost_mean: -5.509093761444092
test/match_cost_std: 6.972998142242432
test/max_cost: 65.05512237548828
test/mean-predicted-length: 9.009743690490723
test/mean-target-length: 9.136935234069824
test/next-item-accuracy: 0.38300979137420654
test/next-item-mae: 0.6488423347473145
test/next-item-mean-time-step: 0.8291551470756531
test/next-item-rmse: 1.2007596492767334
test/next-k-label-distribution-delta: 4.690891265869141
test/optimal-transport-distance: 6.683417320251465
test/prediction_match_rate: 0.2774158716201782
test/target_match_rate: 1.0
val/T-mAP: 0.09286921471357346
val/horizon-mean-time-step: 0.16319480538368225
val/loss: 5.636126518249512
val/loss__presence: 0.1984892338514328
val/loss_labels: 1.6929415464401245
val/loss_next_item_labels: 2.2414872646331787
val/loss_next_item_timestamps: 0.5686596632003784
val/loss_timestamps: 0.9345479607582092
val/match_cost_mean: -5.546274662017822
val/match_cost_std: 6.955296516418457
val/max_cost: 65.5733413696289
val/mean-predicted-length: 9.058259010314941
val/mean-target-length: 9.149765014648438
val/next-item-accuracy: 0.3854930102825165
val/next-item-mae: 0.648108184337616
val/next-item-mean-time-step: 0.8296146988868713
val/next-item-rmse: 1.1959691047668457
val/next-k-label-distribution-delta: 4.651882648468018
val/optimal-transport-distance: 6.670230388641357
val/prediction_match_rate: 0.2779974937438965
val/target_match_rate: 1.0
