date: '2025-02-22 14:21:57'
test/T-mAP: 0.07540878653526306
test/T-mAP-weighted: 0.4317266643047333
test/horizon-max-f-score: 0.12187618762254715
test/horizon-max-f-score-weighted: 0.4445175528526306
test/horizon-mean-time-step: 0.9618955254554749
test/loss: 0.0013178772060200572
test/loss_hypro-bce: 0.0013178772060200572
test/mean-noise-energy: 13.269920349121094
test/mean-predicted-length: 7.288210868835449
test/mean-target-energy: -11.057805061340332
test/mean-target-length: 9.136935234069824
test/next-item-accuracy: 0.22496531903743744
test/next-item-mae: 0.6935207843780518
test/next-item-map: 0.046189114451408386
test/next-item-map-weighted: 0.32416439056396484
test/next-item-max-f-score: 0.08798034489154816
test/next-item-max-f-score-weighted: 0.3612193167209625
test/next-item-mean-time-step: 0.8414314985275269
test/next-item-rmse: 1.0356922149658203
test/next-k-label-distribution-delta: 5.542593002319336
test/optimal-transport-distance: 7.62371826171875
test/sequence-labels-entropy: 2.1390419006347656
val/T-mAP: 0.08198071271181107
val/T-mAP-weighted: 0.43419933319091797
val/horizon-max-f-score: 0.12478245049715042
val/horizon-max-f-score-weighted: 0.447943776845932
val/horizon-mean-time-step: 0.9618839025497437
val/loss: 0.0028877651784569025
val/loss_hypro-bce: 0.0028877651784569025
val/mean-noise-energy: 13.265710830688477
val/mean-predicted-length: 7.281655311584473
val/mean-target-energy: -11.061481475830078
val/mean-target-length: 9.149765014648438
val/next-item-accuracy: 0.2273070365190506
val/next-item-mae: 0.6927871704101562
val/next-item-map: 0.04609251394867897
val/next-item-map-weighted: 0.32709646224975586
val/next-item-max-f-score: 0.08684856444597244
val/next-item-max-f-score-weighted: 0.3638392686843872
val/next-item-mean-time-step: 0.8418208360671997
val/next-item-rmse: 1.0374170541763306
val/next-k-label-distribution-delta: 5.5107879638671875
val/optimal-transport-distance: 7.621428966522217
val/sequence-labels-entropy: 2.12479829788208
