date: '2024-06-02 05:08:16'
test/detection-mAP: 0.065146803855896
test/horizon-mean-time-step: 0.6285585761070251
test/loss: 15.44155502319336
test/loss_hypro-bce: 15.44155502319336
test/mean-noise-energy: 15.802189826965332
test/mean-predicted-length: 11.431885719299316
test/mean-target-energy: 15.432531356811523
test/mean-target-length: 9.136935234069824
test/next-item-accuracy: 0.3827483057975769
test/next-item-mae: 0.6583009362220764
test/next-item-mean-time-step: 0.8244662880897522
test/next-item-rmse: 1.0303555727005005
test/optimal-transport-distance: 6.822812080383301
val/detection-mAP: 0.06715671718120575
val/horizon-mean-time-step: 0.6317943334579468
val/loss: 15.389700889587402
val/loss_hypro-bce: 15.389700889587402
val/mean-noise-energy: 15.795166015625
val/mean-predicted-length: 11.417147636413574
val/mean-target-energy: 15.381206512451172
val/mean-target-length: 9.149765014648438
val/next-item-accuracy: 0.3853338658809662
val/next-item-mae: 0.657139241695404
val/next-item-mean-time-step: 0.8241559863090515
val/next-item-rmse: 1.0323175191879272
val/optimal-transport-distance: 6.807572841644287
