date: '2024-08-16 01:50:24'
test/T-mAP: 0.07117117941379547
test/horizon-mean-time-step: 0.9659202098846436
test/loss: 0.023796720430254936
test/loss_hypro-bce: 0.023796720430254936
test/mean-noise-energy: 8.761343955993652
test/mean-predicted-length: 6.770382404327393
test/mean-target-energy: -6.6094841957092285
test/mean-target-length: 9.136935234069824
test/next-item-accuracy: 0.3425828814506531
test/next-item-mae: 0.7697522044181824
test/next-item-mean-time-step: 0.8855322003364563
test/next-item-rmse: 1.2383607625961304
test/optimal-transport-distance: 7.123547077178955
val/T-mAP: 0.07838280498981476
val/horizon-mean-time-step: 0.9667826890945435
val/loss: 0.02747000753879547
val/loss_hypro-bce: 0.02747000753879547
val/mean-noise-energy: 8.758740425109863
val/mean-predicted-length: 6.774035453796387
val/mean-target-energy: -6.5847392082214355
val/mean-target-length: 9.149765014648438
val/next-item-accuracy: 0.3433394134044647
val/next-item-mae: 0.769282877445221
val/next-item-mean-time-step: 0.8859171271324158
val/next-item-rmse: 1.2334758043289185
val/optimal-transport-distance: 7.111506462097168
