date: '2024-09-14 03:04:07'
test/T-mAP: 0.07053106278181076
test/T-mAP-micro: 0.42452216148376465
test/horizon-mean-time-step: 0.9533451199531555
test/loss: 0.01529714185744524
test/loss_hypro-bce: 0.01529714185744524
test/mean-noise-energy: 9.194397926330566
test/mean-predicted-length: 6.862411975860596
test/mean-target-energy: -6.582260608673096
test/mean-target-length: 9.136935234069824
test/next-item-accuracy: 0.3425847887992859
test/next-item-mae: 0.7583686113357544
test/next-item-map: 0.03464740142226219
test/next-item-map-micro: 0.2599357068538666
test/next-item-mean-time-step: 0.885475218296051
test/next-item-rmse: 1.0871291160583496
test/next-k-label-distribution-delta: 5.629267692565918
test/optimal-transport-distance: 7.049784183502197
val/T-mAP: 0.07794684916734695
val/T-mAP-micro: 0.42694979906082153
val/horizon-mean-time-step: 0.9529393911361694
val/loss: 0.017180917784571648
val/loss_hypro-bce: 0.017180917784571648
val/mean-noise-energy: 9.194321632385254
val/mean-predicted-length: 6.864874839782715
val/mean-target-energy: -6.5731201171875
val/mean-target-length: 9.149765014648438
val/next-item-accuracy: 0.3433374762535095
val/next-item-mae: 0.7575103640556335
val/next-item-map: 0.03384912386536598
val/next-item-map-micro: 0.26278623938560486
val/next-item-mean-time-step: 0.8858424425125122
val/next-item-rmse: 1.0884426832199097
val/next-k-label-distribution-delta: 5.616033554077148
val/optimal-transport-distance: 7.042750835418701
