date: '2025-02-19 18:08:17'
num_seeds: 5
test/T-mAP: 0.07116971462965012
test/T-mAP-micro: 0.3856826961040497
test/T-mAP-micro-std: 0.0037446556161179604
test/T-mAP-std: 0.0009731736141654337
test/horizon-max-accuracy-micro: 0.5191986441612244
test/horizon-max-accuracy-micro-std: 0.0015413878980490014
test/horizon-mean-time-step: 0.7899220824241638
test/horizon-mean-time-step-std: 0.01431790788198854
test/loss: 3.117363691329956
test/loss-std: 0.0016024234553031161
test/loss_labels: 2.260141468048096
test/loss_labels-std: 0.0012657445493623211
test/loss_timestamps: 0.8572225689888
test/loss_timestamps-std: 0.0003529753977933896
test/mean-predicted-length: 8.68034782409668
test/mean-predicted-length-std: 0.1371807019442445
test/mean-target-length: 9.136935234069824
test/mean-target-length-std: 0.0
test/next-item-accuracy: 0.3828084826469421
test/next-item-accuracy-std: 0.0004151537495581599
test/next-item-mae: 0.6925873041152955
test/next-item-mae-std: 0.005421088486586531
test/next-item-map: 0.04639275893568993
test/next-item-map-micro: 0.32385865449905393
test/next-item-map-micro-std: 0.00039106665097612606
test/next-item-map-std: 0.00017894725393968492
test/next-item-max-accuracy: 0.49040578603744506
test/next-item-max-accuracy-std: 0.00013547752451939255
test/next-item-mean-time-step: 0.8419424891471863
test/next-item-mean-time-step-std: 0.00040980668339976855
test/next-item-rmse: 1.035922598838806
test/next-item-rmse-std: 0.0021852828010185724
test/next-k-label-distribution-delta: 5.184221935272217
test/next-k-label-distribution-delta-std: 0.031593721203766
test/optimal-transport-distance: 6.7013226509094235
test/optimal-transport-distance-std: 0.006290657617591547
test/sequence-labels-entropy: 0.8741948246955872
test/sequence-labels-entropy-std: 0.022248632179414612
test/timestamps-bias-mean: 0.1925932765007019
test/timestamps-bias-mean-std: 0.022020570150006292
test/timestamps-current_influence: -0.047870217263698576
test/timestamps-current_influence-std: 0.0006988148549366172
val/T-mAP: 0.07412414401769638
val/T-mAP-micro: 0.3875530242919922
val/T-mAP-micro-std: 0.003830710350470598
val/T-mAP-std: 0.0035065021571350267
val/horizon-max-accuracy-micro: 0.5185193538665771
val/horizon-max-accuracy-micro-std: 0.001614870970655728
val/horizon-mean-time-step: 0.7936600685119629
val/horizon-mean-time-step-std: 0.014883189239921542
val/loss: 3.098423147201538
val/loss-std: 0.0016649083768642292
val/loss_labels: 2.242449331283569
val/loss_labels-std: 0.0013073344405407394
val/loss_timestamps: 0.8559737801551819
val/loss_timestamps-std: 0.0003846830448795301
val/mean-predicted-length: 8.666982460021973
val/mean-predicted-length-std: 0.13953652818971582
val/mean-target-length: 9.149765014648438
val/mean-target-length-std: 0.0
val/next-item-accuracy: 0.3854800045490265
val/next-item-accuracy-std: 0.0003165158769440917
val/next-item-mae: 0.69184889793396
val/next-item-mae-std: 0.005428267078962005
val/next-item-map: 0.046011488884687424
val/next-item-map-micro: 0.32674888968467714
val/next-item-map-micro-std: 0.00040216330471372325
val/next-item-map-std: 0.00044343620820375715
val/next-item-max-accuracy: 0.49060799479484557
val/next-item-max-accuracy-std: 0.00017352153652736
val/next-item-mean-time-step: 0.8422693014144897
val/next-item-mean-time-step-std: 0.0004188443351501299
val/next-item-rmse: 1.037602138519287
val/next-item-rmse-std: 0.0021829956928553582
val/next-k-label-distribution-delta: 5.157915115356445
val/next-k-label-distribution-delta-std: 0.034165001207555924
val/optimal-transport-distance: 6.683525562286377
val/optimal-transport-distance-std: 0.009002484192051203
val/sequence-labels-entropy: 0.8654384851455689
val/sequence-labels-entropy-std: 0.022274156290152017
val/timestamps-bias-mean: 0.19362422227859497
val/timestamps-bias-mean-std: 0.022046650021038217
val/timestamps-current_influence: -0.0478702150285244
val/timestamps-current_influence-std: 0.0006988151129268661
