date: '2025-11-20 20:25:54'
num_seeds: 5
test/T-mAP: 0.03389646112918854
test/T-mAP-std: 0.0
test/T-mAP-weighted: 0.26606565713882446
test/T-mAP-weighted-std: 0.0
test/horizon-edit-distance: 0.6999250650405884
test/horizon-edit-distance-std: 0.0
test/horizon-f1-score-micro: 0.38781583309173584
test/horizon-f1-score-micro-std: 0.0
test/horizon-max-f-score: 0.09213454276323318
test/horizon-max-f-score-std: 0.0
test/horizon-max-f-score-weighted: 0.41994738578796387
test/horizon-max-f-score-weighted-std: 0.0
test/horizon-mean-time-step: 0.6867958903312683
test/horizon-mean-time-step-std: 0.0
test/loss: 0.0
test/loss-std: 0.0
test/mean-predicted-length: 4.999921798706055
test/mean-predicted-length-std: 0.0
test/mean-target-length: 9.132067680358887
test/mean-target-length-std: 0.0
test/next-item-accuracy: 0.3260384202003479
test/next-item-accuracy-std: 0.0
test/next-item-mae: 0.6492370367050171
test/next-item-mae-std: 0.0
test/next-item-map: 0.011029369197785854
test/next-item-map-std: 0.0
test/next-item-map-weighted: 0.16781920194625854
test/next-item-map-weighted-std: 0.0
test/next-item-max-f-score: 0.030193936079740524
test/next-item-max-f-score-std: 0.0
test/next-item-max-f-score-weighted: 0.2573540210723877
test/next-item-max-f-score-weighted-std: 0.0
test/next-item-mean-time-step: 0.8341488838195801
test/next-item-mean-time-step-std: 0.0
test/next-item-rmse: 0.7891305685043335
test/next-item-rmse-std: 0.0
test/next-k-label-distribution-delta: 4.406988620758057
test/next-k-label-distribution-delta-std: 0.0
test/optimal-transport-distance: 7.026889324188232
test/optimal-transport-distance-std: 0.0
test/sequence-labels-entropy: 1.735190749168396
test/sequence-labels-entropy-std: 0.0
test/sequence-unique-labels: 10.390999794006348
test/sequence-unique-labels-std: 0.0
test/target-sequence-labels-entropy: 2.2661306858062744
test/target-sequence-labels-entropy-std: 0.0
test/target-sequence-unique-labels: 42.137664794921875
test/target-sequence-unique-labels-std: 0.0
val/T-mAP: 0.029174944385886192
val/T-mAP-std: 0.0
val/T-mAP-weighted: 0.26699304580688477
val/T-mAP-weighted-std: 0.0
val/horizon-edit-distance: 0.698969304561615
val/horizon-edit-distance-std: 0.0
val/horizon-f1-score-micro: 0.38931626081466675
val/horizon-f1-score-micro-std: 0.0
val/horizon-max-f-score: 0.08304674178361893
val/horizon-max-f-score-std: 0.0
val/horizon-max-f-score-weighted: 0.4227927029132843
val/horizon-max-f-score-weighted-std: 0.0
val/horizon-mean-time-step: 0.6857710480690002
val/horizon-mean-time-step-std: 0.0
val/loss: 0.0
val/loss-std: 0.0
val/mean-predicted-length: 4.999966621398926
val/mean-predicted-length-std: 0.0
val/mean-target-length: 9.149765014648438
val/mean-target-length-std: 0.0
val/next-item-accuracy: 0.32740798592567444
val/next-item-accuracy-std: 0.0
val/next-item-mae: 0.6476758718490601
val/next-item-mae-std: 0.0
val/next-item-map: 0.010965161956846714
val/next-item-map-std: 0.0
val/next-item-map-weighted: 0.16766132414340973
val/next-item-map-weighted-std: 0.0
val/next-item-max-f-score: 0.028626086190342903
val/next-item-max-f-score-std: 0.0
val/next-item-max-f-score-weighted: 0.25764623284339905
val/next-item-max-f-score-weighted-std: 0.0
val/next-item-mean-time-step: 0.8342503905296326
val/next-item-mean-time-step-std: 0.0
val/next-item-rmse: 0.7875940203666687
val/next-item-rmse-std: 0.0
val/next-k-label-distribution-delta: 4.382165431976318
val/next-k-label-distribution-delta-std: 0.0
val/optimal-transport-distance: 7.019979953765869
val/optimal-transport-distance-std: 0.0
val/sequence-labels-entropy: 1.7247610092163086
val/sequence-labels-entropy-std: 0.0
val/sequence-unique-labels: 10.251914978027344
val/sequence-unique-labels-std: 0.0
val/target-sequence-labels-entropy: 2.252082586288452
val/target-sequence-labels-entropy-std: 0.0
val/target-sequence-unique-labels: 41.50212860107422
val/target-sequence-unique-labels-std: 0.0
