date: '2025-02-12 17:07:38'
num_seeds: 1
test/T-mAP: 0.0225296039134264
test/T-mAP-std: 0.0
test/T-mAP-weighted: 0.29573342204093933
test/T-mAP-weighted-std: 0.0
test/horizon-max-f-score: 0.05072099342942238
test/horizon-max-f-score-std: 0.0
test/horizon-max-f-score-weighted: 0.3825031816959381
test/horizon-max-f-score-weighted-std: 0.0
test/horizon-mean-time-step: 0.9291513562202454
test/horizon-mean-time-step-std: 0.0
test/loss: 0.0
test/loss-std: 0.0
test/mean-predicted-length: 4.939108371734619
test/mean-predicted-length-std: 0.0
test/mean-target-length: 9.136935234069824
test/mean-target-length-std: 0.0
test/next-item-accuracy: 0.32780423760414124
test/next-item-accuracy-std: 0.0
test/next-item-mae: 0.7515374422073364
test/next-item-mae-std: 0.0
test/next-item-map: 0.008578581735491753
test/next-item-map-std: 0.0
test/next-item-map-weighted: 0.16222696006298065
test/next-item-map-weighted-std: 0.0
test/next-item-max-f-score: 0.018982652574777603
test/next-item-max-f-score-std: 0.0
test/next-item-max-f-score-weighted: 0.24497565627098083
test/next-item-max-f-score-weighted-std: 0.0
test/next-item-mean-time-step: 0.8281562328338623
test/next-item-mean-time-step-std: 0.0
test/next-item-rmse: 1.1106961965560913
test/next-item-rmse-std: 0.0
test/next-k-label-distribution-delta: 4.512369155883789
test/next-k-label-distribution-delta-std: 0.0
test/optimal-transport-distance: 7.234575271606445
test/optimal-transport-distance-std: 0.0
test/sequence-labels-entropy: 1.453525424003601
test/sequence-labels-entropy-std: 0.0
val/T-mAP: 0.021268006414175034
val/T-mAP-std: 0.0
val/T-mAP-weighted: 0.29667606949806213
val/T-mAP-weighted-std: 0.0
val/horizon-max-f-score: 0.04715630039572716
val/horizon-max-f-score-std: 0.0
val/horizon-max-f-score-weighted: 0.3853875994682312
val/horizon-max-f-score-weighted-std: 0.0
val/horizon-mean-time-step: 0.9303346276283264
val/horizon-mean-time-step-std: 0.0
val/loss: 0.0
val/loss-std: 0.0
val/mean-predicted-length: 4.938406467437744
val/mean-predicted-length-std: 0.0
val/mean-target-length: 9.149765014648438
val/mean-target-length-std: 0.0
val/next-item-accuracy: 0.3298934996128082
val/next-item-accuracy-std: 0.0
val/next-item-mae: 0.7517320513725281
val/next-item-mae-std: 0.0
val/next-item-map: 0.008592610247433186
val/next-item-map-std: 0.0
val/next-item-map-weighted: 0.16161921620368958
val/next-item-map-weighted-std: 0.0
val/next-item-max-f-score: 0.018784847110509872
val/next-item-max-f-score-std: 0.0
val/next-item-max-f-score-weighted: 0.24508795142173767
val/next-item-max-f-score-weighted-std: 0.0
val/next-item-mean-time-step: 0.8284971117973328
val/next-item-mean-time-step-std: 0.0
val/next-item-rmse: 1.1119029521942139
val/next-item-rmse-std: 0.0
val/next-k-label-distribution-delta: 4.473205089569092
val/next-k-label-distribution-delta-std: 0.0
val/optimal-transport-distance: 7.221233367919922
val/optimal-transport-distance-std: 0.0
val/sequence-labels-entropy: 1.4435261487960815
val/sequence-labels-entropy-std: 0.0
