date: '2025-02-12 17:33:19'
num_seeds: 1
test/T-mAP: 0.022084055468440056
test/T-mAP-std: 0.0
test/T-mAP-weighted: 0.2696448862552643
test/T-mAP-weighted-std: 0.0
test/horizon-max-f-score: 0.05519014596939087
test/horizon-max-f-score-std: 0.0
test/horizon-max-f-score-weighted: 0.38758164644241333
test/horizon-max-f-score-weighted-std: 0.0
test/horizon-mean-time-step: 0.749971866607666
test/horizon-mean-time-step-std: 0.0
test/loss: 0.0
test/loss-std: 0.0
test/mean-predicted-length: 4.9996867179870605
test/mean-predicted-length-std: 0.0
test/mean-target-length: 9.136935234069824
test/mean-target-length-std: 0.0
test/next-item-accuracy: 0.32780423760414124
test/next-item-accuracy-std: 0.0
test/next-item-mae: 0.6473862528800964
test/next-item-mae-std: 0.0
test/next-item-map: 0.008578581735491753
test/next-item-map-std: 0.0
test/next-item-map-weighted: 0.16222696006298065
test/next-item-map-weighted-std: 0.0
test/next-item-max-f-score: 0.018982652574777603
test/next-item-max-f-score-std: 0.0
test/next-item-max-f-score-weighted: 0.24497565627098083
test/next-item-max-f-score-weighted-std: 0.0
test/next-item-mean-time-step: 0.8271989822387695
test/next-item-mean-time-step-std: 0.0
test/next-item-rmse: 0.7921813726425171
test/next-item-rmse-std: 0.0
test/next-k-label-distribution-delta: 4.512369155883789
test/next-k-label-distribution-delta-std: 0.0
test/optimal-transport-distance: 7.155336380004883
test/optimal-transport-distance-std: 0.0
test/sequence-labels-entropy: 1.465806007385254
test/sequence-labels-entropy-std: 0.0
val/T-mAP: 0.02036283165216446
val/T-mAP-std: 0.0
val/T-mAP-weighted: 0.2707986533641815
val/T-mAP-weighted-std: 0.0
val/horizon-max-f-score: 0.050320882350206375
val/horizon-max-f-score-std: 0.0
val/horizon-max-f-score-weighted: 0.39092376828193665
val/horizon-max-f-score-weighted-std: 0.0
val/horizon-mean-time-step: 0.7491285800933838
val/horizon-mean-time-step-std: 0.0
val/loss: 0.0
val/loss-std: 0.0
val/mean-predicted-length: 4.999799728393555
val/mean-predicted-length-std: 0.0
val/mean-target-length: 9.149765014648438
val/mean-target-length-std: 0.0
val/next-item-accuracy: 0.3298934996128082
val/next-item-accuracy-std: 0.0
val/next-item-mae: 0.6460257768630981
val/next-item-mae-std: 0.0
val/next-item-map: 0.008592610247433186
val/next-item-map-std: 0.0
val/next-item-map-weighted: 0.16161921620368958
val/next-item-map-weighted-std: 0.0
val/next-item-max-f-score: 0.018784847110509872
val/next-item-max-f-score-std: 0.0
val/next-item-max-f-score-weighted: 0.24508795142173767
val/next-item-max-f-score-weighted-std: 0.0
val/next-item-mean-time-step: 0.8275689482688904
val/next-item-mean-time-step-std: 0.0
val/next-item-rmse: 0.7907837629318237
val/next-item-rmse-std: 0.0
val/next-k-label-distribution-delta: 4.473205089569092
val/next-k-label-distribution-delta-std: 0.0
val/optimal-transport-distance: 7.137454509735107
val/optimal-transport-distance-std: 0.0
val/sequence-labels-entropy: 1.455908179283142
val/sequence-labels-entropy-std: 0.0
