date: '2025-02-12 17:13:23'
num_seeds: 1
test/T-mAP: 0.07832855731248856
test/T-mAP-std: 0.0
test/T-mAP-weighted: 0.4715610444545746
test/T-mAP-weighted-std: 0.0
test/horizon-max-f-score: 0.13164423406124115
test/horizon-max-f-score-std: 0.0
test/horizon-max-f-score-weighted: 0.4944203794002533
test/horizon-max-f-score-weighted-std: 0.0
test/horizon-mean-time-step: 0.025653773918747902
test/horizon-mean-time-step-std: 0.0
test/loss: 0.0
test/loss-std: 0.0
test/mean-predicted-length: 176.4127960205078
test/mean-predicted-length-std: 0.0
test/mean-target-length: 9.136935234069824
test/mean-target-length-std: 0.0
test/next-item-accuracy: 0.3275561034679413
test/next-item-accuracy-std: 0.0
test/next-item-mae: 0.7565631866455078
test/next-item-mae-std: 0.0
test/next-item-map: 0.008887148462235928
test/next-item-map-std: 0.0
test/next-item-map-weighted: 0.16293220221996307
test/next-item-map-weighted-std: 0.0
test/next-item-max-f-score: 0.021013082936406136
test/next-item-max-f-score-std: 0.0
test/next-item-max-f-score-weighted: 0.24658679962158203
test/next-item-max-f-score-weighted-std: 0.0
test/next-item-mean-time-step: 0.8249003291130066
test/next-item-mean-time-step-std: 0.0
test/next-item-rmse: 1.1238510608673096
test/next-item-rmse-std: 0.0
test/next-k-label-distribution-delta: 5.264125823974609
test/next-k-label-distribution-delta-std: 0.0
test/optimal-transport-distance: 7.866408824920654
test/optimal-transport-distance-std: 0.0
test/sequence-labels-entropy: 4.056951999664307
test/sequence-labels-entropy-std: 0.0
val/T-mAP: 0.07922845333814621
val/T-mAP-std: 0.0
val/T-mAP-weighted: 0.4754709005355835
val/T-mAP-weighted-std: 0.0
val/horizon-max-f-score: 0.1286005973815918
val/horizon-max-f-score-std: 0.0
val/horizon-max-f-score-weighted: 0.4984116554260254
val/horizon-max-f-score-weighted-std: 0.0
val/horizon-mean-time-step: 0.026042509824037552
val/horizon-mean-time-step-std: 0.0
val/loss: 0.0
val/loss-std: 0.0
val/mean-predicted-length: 173.79441833496094
val/mean-predicted-length-std: 0.0
val/mean-target-length: 9.149765014648438
val/mean-target-length-std: 0.0
val/next-item-accuracy: 0.3292633295059204
val/next-item-accuracy-std: 0.0
val/next-item-mae: 0.756131112575531
val/next-item-mae-std: 0.0
val/next-item-map: 0.008806099183857441
val/next-item-map-std: 0.0
val/next-item-map-weighted: 0.1625281274318695
val/next-item-map-weighted-std: 0.0
val/next-item-max-f-score: 0.020523691549897194
val/next-item-max-f-score-std: 0.0
val/next-item-max-f-score-weighted: 0.2467762678861618
val/next-item-max-f-score-weighted-std: 0.0
val/next-item-mean-time-step: 0.82529217004776
val/next-item-mean-time-step-std: 0.0
val/next-item-rmse: 1.1258370876312256
val/next-item-rmse-std: 0.0
val/next-k-label-distribution-delta: 5.231733798980713
val/next-k-label-distribution-delta-std: 0.0
val/optimal-transport-distance: 7.846383571624756
val/optimal-transport-distance-std: 0.0
val/sequence-labels-entropy: 4.040632247924805
val/sequence-labels-entropy-std: 0.0
