date: '2025-01-29 02:47:00'
num_seeds: 5
test/T-mAP: 0.01511700004339218
test/T-mAP-micro: 0.2696756511926651
test/T-mAP-micro-std: 0.02092017799763953
test/T-mAP-std: 0.0011849338080407625
test/horizon-max-accuracy-micro: 0.5028828382492065
test/horizon-max-accuracy-micro-std: 0.01980858352291694
test/horizon-mean-time-step: 0.7598818600177765
test/horizon-mean-time-step-std: 0.3853037649986179
test/loss: 6.3214374542236325
test/loss-std: 4.1515809259323
test/loss_decoder_labels: 0.00018246913605253213
test/loss_decoder_labels-std: 8.268326373774865e-05
test/loss_decoder_timestamps: 0.25072635114192965
test/loss_decoder_timestamps-std: 0.028199802161743018
test/loss_diffusion: 6.069735193252564
test/loss_diffusion-std: 4.16812643875266
test/loss_embedder_regularizer: 0.0007933460525237024
test/loss_embedder_regularizer-std: 0.0008724499611019755
test/mean-predicted-length: 10.485081195831299
test/mean-predicted-length-std: 4.000575302271916
test/mean-target-length: 9.136935234069824
test/mean-target-length-std: 0.0
test/next-item-accuracy: 0.16717324107885362
test/next-item-accuracy-std: 0.07214369764069738
test/next-item-mae: 0.8178379774093628
test/next-item-mae-std: 0.08776154687869517
test/next-item-map: 0.008546948246657849
test/next-item-map-micro: 0.17581744790077208
test/next-item-map-micro-std: 0.022329542637705153
test/next-item-map-std: 0.0017734617072207878
test/next-item-max-accuracy: 0.46591622829437257
test/next-item-max-accuracy-std: 0.00214835519115371
test/next-item-mean-time-step: 0.9173072814941406
test/next-item-mean-time-step-std: 0.027536278438123958
test/next-item-rmse: 1.200898241996765
test/next-item-rmse-std: 0.04896341288049626
test/next-k-label-distribution-delta: 8.462046432495118
test/next-k-label-distribution-delta-std: 0.8618460009099105
test/optimal-transport-distance: 9.011104488372803
test/optimal-transport-distance-std: 0.7030536524123616
test/sequence-labels-entropy: 1.2529922246932983
test/sequence-labels-entropy-std: 0.5961582567755945
val/T-mAP: 0.015148818120360374
val/T-mAP-micro: 0.2700756430625916
val/T-mAP-micro-std: 0.021237743976887994
val/T-mAP-std: 0.0011580833875003823
val/horizon-max-accuracy-micro: 0.5034167349338532
val/horizon-max-accuracy-micro-std: 0.019453001760013158
val/horizon-mean-time-step: 0.7573711454868317
val/horizon-mean-time-step-std: 0.3833806144008386
val/loss: 6.311603832244873
val/loss-std: 4.1352495368157225
val/loss_decoder_labels: 0.0001793145012925379
val/loss_decoder_labels-std: 7.295974572584164e-05
val/loss_decoder_timestamps: 0.2507700860500336
val/loss_decoder_timestamps-std: 0.02813390426367384
val/loss_diffusion: 6.059858942031861
val/loss_diffusion-std: 4.151770679091102
val/loss_embedder_regularizer: 0.0007947545556817204
val/loss_embedder_regularizer-std: 0.0008738399306725556
val/mean-predicted-length: 10.496828651428222
val/mean-predicted-length-std: 3.9976804641807515
val/mean-target-length: 9.149765014648438
val/mean-target-length-std: 0.0
val/next-item-accuracy: 0.1692741334438324
val/next-item-accuracy-std: 0.07250603951094817
val/next-item-mae: 0.8167808055877686
val/next-item-mae-std: 0.08912440954357945
val/next-item-map: 0.008672838564962149
val/next-item-map-micro: 0.1774709552526474
val/next-item-map-micro-std: 0.023464387273952263
val/next-item-map-std: 0.0018492389455627377
val/next-item-max-accuracy: 0.46583234071731566
val/next-item-max-accuracy-std: 0.0024932373228243303
val/next-item-mean-time-step: 0.9176486968994141
val/next-item-mean-time-step-std: 0.027670536713568995
val/next-item-rmse: 1.2023842096328736
val/next-item-rmse-std: 0.04965975506492918
val/next-k-label-distribution-delta: 8.44823408126831
val/next-k-label-distribution-delta-std: 0.8671009214448288
val/optimal-transport-distance: 9.005316829681396
val/optimal-transport-distance-std: 0.7066564255711549
val/sequence-labels-entropy: 1.2546764224767686
val/sequence-labels-entropy-std: 0.5965186155975825
