date: '2025-11-20 20:38:13'
num_seeds: 5
test/T-mAP: 0.07295490056276321
test/T-mAP-std: 0.0
test/T-mAP-weighted: 0.45102590322494507
test/T-mAP-weighted-std: 0.0
test/horizon-edit-distance: 0.9719506502151489
test/horizon-edit-distance-std: 0.0
test/horizon-f1-score-micro: 0.05411160737276077
test/horizon-f1-score-micro-std: 0.0
test/horizon-max-f-score: 0.1270107477903366
test/horizon-max-f-score-std: 0.0
test/horizon-max-f-score-weighted: 0.46909359097480774
test/horizon-max-f-score-weighted-std: 0.0
test/horizon-mean-time-step: 0.014131505973637104
test/horizon-mean-time-step-std: 0.0
test/loss: 0.0
test/loss-std: 0.0
test/mean-predicted-length: 248.67352294921875
test/mean-predicted-length-std: 0.0
test/mean-target-length: 9.132067680358887
test/mean-target-length-std: 0.0
test/next-item-accuracy: 0.32782480120658875
test/next-item-accuracy-std: 0.0
test/next-item-mae: 1.0627233982086182
test/next-item-mae-std: 0.0
test/next-item-map: 0.008488114923238754
test/next-item-map-std: 0.0
test/next-item-map-weighted: 0.1617341786623001
test/next-item-map-weighted-std: 0.0
test/next-item-max-f-score: 0.019067808985710144
test/next-item-max-f-score-std: 0.0
test/next-item-max-f-score-weighted: 0.24500790238380432
test/next-item-max-f-score-weighted-std: 0.0
test/next-item-mean-time-step: 0.8246379494667053
test/next-item-mean-time-step-std: 0.0
test/next-item-rmse: 1.2964929342269897
test/next-item-rmse-std: 0.0
test/next-k-label-distribution-delta: 5.228591442108154
test/next-k-label-distribution-delta-std: 0.0
test/optimal-transport-distance: 7.45094108581543
test/optimal-transport-distance-std: 0.0
test/sequence-labels-entropy: 4.822198390960693
test/sequence-labels-entropy-std: 0.0
test/sequence-unique-labels: 124.32066345214844
test/sequence-unique-labels-std: 0.0
test/target-sequence-labels-entropy: 2.2661306858062744
test/target-sequence-labels-entropy-std: 0.0
test/target-sequence-unique-labels: 42.137664794921875
test/target-sequence-unique-labels-std: 0.0
val/T-mAP: 0.07778370380401611
val/T-mAP-std: 0.0
val/T-mAP-weighted: 0.45592156052589417
val/T-mAP-weighted-std: 0.0
val/horizon-edit-distance: 0.9713112115859985
val/horizon-edit-distance-std: 0.0
val/horizon-f1-score-micro: 0.055299464613199234
val/horizon-f1-score-micro-std: 0.0
val/horizon-max-f-score: 0.12789012491703033
val/horizon-max-f-score-std: 0.0
val/horizon-max-f-score-weighted: 0.47284555435180664
val/horizon-max-f-score-weighted-std: 0.0
val/horizon-mean-time-step: 0.014434507116675377
val/horizon-mean-time-step-std: 0.0
val/loss: 0.0
val/loss-std: 0.0
val/mean-predicted-length: 243.47450256347656
val/mean-predicted-length-std: 0.0
val/mean-target-length: 9.149765014648438
val/mean-target-length-std: 0.0
val/next-item-accuracy: 0.32982662320137024
val/next-item-accuracy-std: 0.0
val/next-item-mae: 1.0629477500915527
val/next-item-mae-std: 0.0
val/next-item-map: 0.008592292666435242
val/next-item-map-std: 0.0
val/next-item-map-weighted: 0.16151218116283417
val/next-item-map-weighted-std: 0.0
val/next-item-max-f-score: 0.018828867003321648
val/next-item-max-f-score-std: 0.0
val/next-item-max-f-score-weighted: 0.24514037370681763
val/next-item-max-f-score-weighted-std: 0.0
val/next-item-mean-time-step: 0.8247609734535217
val/next-item-mean-time-step-std: 0.0
val/next-item-rmse: 1.2987549304962158
val/next-item-rmse-std: 0.0
val/next-k-label-distribution-delta: 5.202854633331299
val/next-k-label-distribution-delta-std: 0.0
val/optimal-transport-distance: 7.432270526885986
val/optimal-transport-distance-std: 0.0
val/sequence-labels-entropy: 4.799558639526367
val/sequence-labels-entropy-std: 0.0
val/sequence-unique-labels: 121.70893859863281
val/sequence-unique-labels-std: 0.0
val/target-sequence-labels-entropy: 2.252082586288452
val/target-sequence-labels-entropy-std: 0.0
val/target-sequence-unique-labels: 41.50212860107422
val/target-sequence-unique-labels-std: 0.0
