date: '2025-02-13 13:50:16'
num_seeds: 1
test/T-mAP: 0.0750783160328865
test/T-mAP-std: 0.0
test/T-mAP-weighted: 0.44584742188453674
test/T-mAP-weighted-std: 0.0
test/horizon-max-f-score: 0.12895600497722626
test/horizon-max-f-score-std: 0.0
test/horizon-max-f-score-weighted: 0.46577417850494385
test/horizon-max-f-score-weighted-std: 0.0
test/horizon-mean-time-step: 0.022847723215818405
test/horizon-mean-time-step-std: 0.0
test/loss: 0.0
test/loss-std: 0.0
test/mean-predicted-length: 154.18814086914062
test/mean-predicted-length-std: 0.0
test/mean-target-length: 9.136935234069824
test/mean-target-length-std: 0.0
test/next-item-accuracy: 0.32780423760414124
test/next-item-accuracy-std: 0.0
test/next-item-mae: 1.0626357793807983
test/next-item-mae-std: 0.0
test/next-item-map: 0.008533532731235027
test/next-item-map-std: 0.0
test/next-item-map-weighted: 0.161844864487648
test/next-item-map-weighted-std: 0.0
test/next-item-max-f-score: 0.01903901807963848
test/next-item-max-f-score-std: 0.0
test/next-item-max-f-score-weighted: 0.24499613046646118
test/next-item-max-f-score-weighted-std: 0.0
test/next-item-mean-time-step: 0.82438725233078
test/next-item-mean-time-step-std: 0.0
test/next-item-rmse: 1.2961369752883911
test/next-item-rmse-std: 0.0
test/next-k-label-distribution-delta: 5.231368064880371
test/next-k-label-distribution-delta-std: 0.0
test/optimal-transport-distance: 7.436548233032227
test/optimal-transport-distance-std: 0.0
test/sequence-labels-entropy: 4.338343620300293
test/sequence-labels-entropy-std: 0.0
val/T-mAP: 0.07916028797626495
val/T-mAP-std: 0.0
val/T-mAP-weighted: 0.45056813955307007
val/T-mAP-weighted-std: 0.0
val/horizon-max-f-score: 0.12951597571372986
val/horizon-max-f-score-std: 0.0
val/horizon-max-f-score-weighted: 0.46923330426216125
val/horizon-max-f-score-weighted-std: 0.0
val/horizon-mean-time-step: 0.0231679305434227
val/horizon-mean-time-step-std: 0.0
val/loss: 0.0
val/loss-std: 0.0
val/mean-predicted-length: 152.07089233398438
val/mean-predicted-length-std: 0.0
val/mean-target-length: 9.149765014648438
val/mean-target-length-std: 0.0
val/next-item-accuracy: 0.3298934996128082
val/next-item-accuracy-std: 0.0
val/next-item-mae: 1.0629477500915527
val/next-item-mae-std: 0.0
val/next-item-map: 0.008582786656916142
val/next-item-map-std: 0.0
val/next-item-map-weighted: 0.16158385574817657
val/next-item-map-weighted-std: 0.0
val/next-item-max-f-score: 0.018905211240053177
val/next-item-max-f-score-std: 0.0
val/next-item-max-f-score-weighted: 0.2452630251646042
val/next-item-max-f-score-weighted-std: 0.0
val/next-item-mean-time-step: 0.8247609734535217
val/next-item-mean-time-step-std: 0.0
val/next-item-rmse: 1.2987549304962158
val/next-item-rmse-std: 0.0
val/next-k-label-distribution-delta: 5.193450450897217
val/next-k-label-distribution-delta-std: 0.0
val/optimal-transport-distance: 7.415946960449219
val/optimal-transport-distance-std: 0.0
val/sequence-labels-entropy: 4.3247199058532715
val/sequence-labels-entropy-std: 0.0
