date: '2025-02-22 10:19:17'
num_seeds: 5
test/T-mAP: 0.05477356091141701
test/T-mAP-std: 0.0011534248673117278
test/T-mAP-weighted: 0.32637993097305296
test/T-mAP-weighted-std: 0.002313397054296743
test/horizon-max-f-score: 0.0950084462761879
test/horizon-max-f-score-std: 0.0010112413436515547
test/horizon-max-f-score-weighted: 0.3664458215236664
test/horizon-max-f-score-weighted-std: 0.00321131590867203
test/horizon-mean-time-step: 0.7467926025390625
test/horizon-mean-time-step-std: 0.03703806172942281
test/loss: 2.6596567630767822
test/loss-std: 0.006366206974275051
test/loss_nhp: 2.6596567630767822
test/loss_nhp-std: 0.006366206974275051
test/mean-predicted-length: 9.35806770324707
test/mean-predicted-length-std: 0.33162068030997766
test/mean-target-length: 9.136935234069824
test/mean-target-length-std: 0.0
test/next-item-accuracy: 0.3547451376914978
test/next-item-accuracy-std: 0.0011905882952373665
test/next-item-mae: 0.6933874130249024
test/next-item-mae-std: 0.0045023880653850944
test/next-item-map: 0.03363172188401222
test/next-item-map-std: 0.00021810267347502615
test/next-item-map-weighted: 0.2680250883102417
test/next-item-map-weighted-std: 0.0014997633198649577
test/next-item-max-f-score: 0.0672459989786148
test/next-item-max-f-score-std: 0.0004973117591499123
test/next-item-max-f-score-weighted: 0.31816513538360597
test/next-item-max-f-score-weighted-std: 0.0009886251007038235
test/next-item-mean-time-step: 0.8423952698707581
test/next-item-mean-time-step-std: 0.0011294779305489288
test/next-item-rmse: 1.0370299100875855
test/next-item-rmse-std: 0.001702313786453505
test/next-k-label-distribution-delta: 5.891246318817139
test/next-k-label-distribution-delta-std: 0.08084934366504032
test/optimal-transport-distance: 6.988686180114746
test/optimal-transport-distance-std: 0.02810867375405176
test/sequence-labels-entropy: 0.5438671052455902
test/sequence-labels-entropy-std: 0.05393667810651969
test/thinning_accepted: 42.203285217285156
test/thinning_accepted-std: 1.8412774984903046
val/T-mAP: 0.05663959607481957
val/T-mAP-std: 0.0017216405313857878
val/T-mAP-weighted: 0.32773056626319885
val/T-mAP-weighted-std: 0.002515688021139182
val/horizon-max-f-score: 0.09489678889513016
val/horizon-max-f-score-std: 0.002696981649247502
val/horizon-max-f-score-weighted: 0.36807864904403687
val/horizon-max-f-score-weighted-std: 0.0037044713958876005
val/horizon-mean-time-step: 0.7467648386955261
val/horizon-mean-time-step-std: 0.037681219247348526
val/loss: 2.6397118091583254
val/loss-std: 0.0060699859032469815
val/loss_nhp: 2.6397118091583254
val/loss_nhp-std: 0.0060699859032469815
val/mean-predicted-length: 9.386687660217286
val/mean-predicted-length-std: 0.33561754389223863
val/mean-target-length: 9.149765014648438
val/mean-target-length-std: 0.0
val/next-item-accuracy: 0.3562026143074036
val/next-item-accuracy-std: 0.0011880360383084505
val/next-item-mae: 0.692673408985138
val/next-item-mae-std: 0.004510201167038408
val/next-item-map: 0.03203655406832695
val/next-item-map-std: 0.00027379988179070423
val/next-item-map-weighted: 0.2704386353492737
val/next-item-map-weighted-std: 0.0015469416386314574
val/next-item-max-f-score: 0.06329755410552025
val/next-item-max-f-score-std: 0.0007531696273798998
val/next-item-max-f-score-weighted: 0.31928202509880066
val/next-item-max-f-score-weighted-std: 0.0010251519753728198
val/next-item-mean-time-step: 0.8427607893943787
val/next-item-mean-time-step-std: 0.0011283038291595086
val/next-item-rmse: 1.0389505624771118
val/next-item-rmse-std: 0.001659854307279916
val/next-k-label-distribution-delta: 5.885070133209228
val/next-k-label-distribution-delta-std: 0.08880319810950066
val/optimal-transport-distance: 6.988497352600097
val/optimal-transport-distance-std: 0.03215153545855845
val/sequence-labels-entropy: 0.5450322508811951
val/sequence-labels-entropy-std: 0.055898181256781226
val/thinning_accepted: 42.77848587036133
val/thinning_accepted-std: 1.774887221842249
