date: '2025-02-04 18:33:09'
num_seeds: 5
test/T-mAP: 0.05548476800322533
test/T-mAP-micro: 0.3048276901245117
test/T-mAP-micro-std: 0.0058891690612592135
test/T-mAP-std: 0.0019211701764860248
test/horizon-max-accuracy-micro: 0.49998735189437865
test/horizon-max-accuracy-micro-std: 0.0013446262554430782
test/horizon-mean-time-step: 0.5924235939979553
test/horizon-mean-time-step-std: 0.02203739217942017
test/loss: 2.8625600814819334
test/loss-std: 0.0030807502165531883
test/loss_labels: 2.2899072647094725
test/loss_labels-std: 0.0029332041333210114
test/loss_timestamps: 0.5726526021957398
test/loss_timestamps-std: 0.0001970647846128482
test/mean-predicted-length: 12.752723503112794
test/mean-predicted-length-std: 0.41513693472651886
test/mean-target-length: 9.136935234069824
test/mean-target-length-std: 0.0
test/next-item-accuracy: 0.3768002212047577
test/next-item-accuracy-std: 0.0003066301722380447
test/next-item-mae: 0.6404606461524963
test/next-item-mae-std: 0.001176426075123231
test/next-item-map: 0.04300292953848839
test/next-item-map-micro: 0.31265535950660706
test/next-item-map-micro-std: 0.0003811247945327341
test/next-item-map-std: 0.00029193601634888337
test/next-item-max-accuracy: 0.48656455278396604
test/next-item-max-accuracy-std: 8.180870144538156e-05
test/next-item-mean-time-step: 0.8303097724914551
test/next-item-mean-time-step-std: 0.0005762257219891806
test/next-item-rmse: 1.0374971866607665
test/next-item-rmse-std: 0.0017494072351651564
test/next-k-label-distribution-delta: 5.268921852111816
test/next-k-label-distribution-delta-std: 0.029133878229701378
test/optimal-transport-distance: 6.852918815612793
test/optimal-transport-distance-std: 0.01822958305246465
test/sequence-labels-entropy: 0.894646406173706
test/sequence-labels-entropy-std: 0.023792308701575494
val/T-mAP: 0.05797101706266403
val/T-mAP-micro: 0.30657597780227663
val/T-mAP-micro-std: 0.0058152116824001674
val/T-mAP-std: 0.0027218104842049303
val/horizon-max-accuracy-micro: 0.4996532201766968
val/horizon-max-accuracy-micro-std: 0.001026337656045155
val/horizon-mean-time-step: 0.5947762489318847
val/horizon-mean-time-step-std: 0.021780795579874605
val/loss: 2.8426255702972414
val/loss-std: 0.002777665293995705
val/loss_labels: 2.271122455596924
val/loss_labels-std: 0.0026109707034156727
val/loss_timestamps: 0.5715032815933228
val/loss_timestamps-std: 0.00021983180132524306
val/mean-predicted-length: 12.712048721313476
val/mean-predicted-length-std: 0.40901469929405526
val/mean-target-length: 9.149765014648438
val/mean-target-length-std: 0.0
val/next-item-accuracy: 0.3795766234397888
val/next-item-accuracy-std: 0.0002382599593551945
val/next-item-mae: 0.6391605138778687
val/next-item-mae-std: 0.001234095403032964
val/next-item-map: 0.04283461049199104
val/next-item-map-micro: 0.31605206727981566
val/next-item-map-micro-std: 0.00030245246666640955
val/next-item-map-std: 0.00030908059802680195
val/next-item-max-accuracy: 0.4872019350528717
val/next-item-max-accuracy-std: 7.786732041513905e-05
val/next-item-mean-time-step: 0.8307692050933838
val/next-item-mean-time-step-std: 0.0005781307782995036
val/next-item-rmse: 1.0392718315124512
val/next-item-rmse-std: 0.0017456483536739528
val/next-k-label-distribution-delta: 5.243898868560791
val/next-k-label-distribution-delta-std: 0.030004599692738974
val/optimal-transport-distance: 6.836089611053467
val/optimal-transport-distance-std: 0.021143639731662705
val/sequence-labels-entropy: 0.890802013874054
val/sequence-labels-entropy-std: 0.02390719791701426
