date: '2025-02-13 03:47:06'
num_seeds: 5
test/T-mAP: 0.061448244750499724
test/T-mAP-micro: 0.3958699941635132
test/T-mAP-micro-std: 0.0027784486546720724
test/T-mAP-std: 0.001620349605769234
test/horizon-max-accuracy-micro: 0.5461538791656494
test/horizon-max-accuracy-micro-std: 0.0014554756734218492
test/horizon-mean-time-step: 0.646016538143158
test/horizon-mean-time-step-std: 0.002464600232985104
test/loss: 3.3044663429260255
test/loss-std: 7.924462606563228e-05
test/loss_decoder_labels: 2.425043153762817
test/loss_decoder_labels-std: 0.00031230760461839447
test/loss_decoder_timestamps: 0.6175558209419251
test/loss_decoder_timestamps-std: 4.371303382150001e-05
test/loss_diffusion: 0.2618674159049988
test/loss_diffusion-std: 0.0002833418204069154
test/loss_embedder_regularizer: 9.196710476035778e-19
test/loss_embedder_regularizer-std: 8.820294071482417e-21
test/mean-predicted-length: 10.566840171813965
test/mean-predicted-length-std: 0.04095255794562172
test/mean-target-length: 9.136935234069824
test/mean-target-length-std: 0.0
test/next-item-accuracy: 0.3466574549674988
test/next-item-accuracy-std: 0.0015017875138176612
test/next-item-mae: 0.652986752986908
test/next-item-mae-std: 0.0005754328738868847
test/next-item-map: 0.033635642379522324
test/next-item-map-micro: 0.2741834282875061
test/next-item-map-micro-std: 0.0013452312822409345
test/next-item-map-std: 9.550442021112173e-05
test/next-item-max-accuracy: 0.47303293347358705
test/next-item-max-accuracy-std: 0.00035896557159641147
test/next-item-mean-time-step: 0.83848717212677
test/next-item-mean-time-step-std: 0.0004873545743234347
test/next-item-rmse: 1.0464387655258178
test/next-item-rmse-std: 0.0005975354650064005
test/next-k-label-distribution-delta: 5.23707332611084
test/next-k-label-distribution-delta-std: 0.020531221258335387
test/optimal-transport-distance: 6.841616249084472
test/optimal-transport-distance-std: 0.010059942874674882
test/sequence-labels-entropy: 0.9552874565124512
test/sequence-labels-entropy-std: 0.01614181228978568
val/T-mAP: 0.06086044460535049
val/T-mAP-micro: 0.3975458204746246
val/T-mAP-micro-std: 0.0027655927589171976
val/T-mAP-std: 0.0005374343439305274
val/horizon-max-accuracy-micro: 0.5459324002265931
val/horizon-max-accuracy-micro-std: 0.001414462609786124
val/horizon-mean-time-step: 0.6459365487098694
val/horizon-mean-time-step-std: 0.0026261363275197473
val/loss: 3.283868360519409
val/loss-std: 0.00010168952363836362
val/loss_decoder_labels: 2.40550274848938
val/loss_decoder_labels-std: 0.0001690018388889637
val/loss_decoder_timestamps: 0.6165311813354493
val/loss_decoder_timestamps-std: 4.6561054811612074e-05
val/loss_diffusion: 0.26183462142944336
val/loss_diffusion-std: 0.00028937180967026027
val/loss_embedder_regularizer: 9.199491870845488e-19
val/loss_embedder_regularizer-std: 8.829185764073579e-21
val/mean-predicted-length: 10.578090286254882
val/mean-predicted-length-std: 0.0422279226357562
val/mean-target-length: 9.149765014648438
val/mean-target-length-std: 0.0
val/next-item-accuracy: 0.349034970998764
val/next-item-accuracy-std: 0.0015855837241548966
val/next-item-mae: 0.6516577124595642
val/next-item-mae-std: 0.0005616616697539455
val/next-item-map: 0.03317964226007462
val/next-item-map-micro: 0.2774705171585083
val/next-item-map-micro-std: 0.0013975173477175716
val/next-item-map-std: 0.00025464166670042713
val/next-item-max-accuracy: 0.47329914569854736
val/next-item-max-accuracy-std: 0.0003806525153172139
val/next-item-mean-time-step: 0.8388365030288696
val/next-item-mean-time-step-std: 0.0005143995015787956
val/next-item-rmse: 1.0482184886932373
val/next-item-rmse-std: 0.0006085331285317203
val/next-k-label-distribution-delta: 5.219661808013916
val/next-k-label-distribution-delta-std: 0.01724130565998838
val/optimal-transport-distance: 6.833510684967041
val/optimal-transport-distance-std: 0.005804058016030796
val/sequence-labels-entropy: 0.953157389163971
val/sequence-labels-entropy-std: 0.014840438058207393
