date: '2025-02-13 16:09:11'
num_seeds: 1
test/T-mAP: 0.031028099358081818
test/T-mAP-std: 0.0
test/T-mAP-weighted: 0.25945955514907837
test/T-mAP-weighted-std: 0.0
test/horizon-max-f-score: 0.08875711262226105
test/horizon-max-f-score-std: 0.0
test/horizon-max-f-score-weighted: 0.4150659739971161
test/horizon-max-f-score-weighted-std: 0.0
test/horizon-mean-time-step: 0.6866499185562134
test/horizon-mean-time-step-std: 0.0
test/loss: 0.0
test/loss-std: 0.0
test/mean-predicted-length: 4.999921798706055
test/mean-predicted-length-std: 0.0
test/mean-target-length: 9.136935234069824
test/mean-target-length-std: 0.0
test/next-item-accuracy: 0.32686835527420044
test/next-item-accuracy-std: 0.0
test/next-item-mae: 0.6492075324058533
test/next-item-mae-std: 0.0
test/next-item-map: 0.010860051028430462
test/next-item-map-std: 0.0
test/next-item-map-weighted: 0.16829170286655426
test/next-item-map-weighted-std: 0.0
test/next-item-max-f-score: 0.029719073325395584
test/next-item-max-f-score-std: 0.0
test/next-item-max-f-score-weighted: 0.25738412141799927
test/next-item-max-f-score-weighted-std: 0.0
test/next-item-mean-time-step: 0.8338978290557861
test/next-item-mean-time-step-std: 0.0
test/next-item-rmse: 0.7890908718109131
test/next-item-rmse-std: 0.0
test/next-k-label-distribution-delta: 4.419842720031738
test/next-k-label-distribution-delta-std: 0.0
test/optimal-transport-distance: 7.047231197357178
test/optimal-transport-distance-std: 0.0
test/sequence-labels-entropy: 1.7329518795013428
test/sequence-labels-entropy-std: 0.0
val/T-mAP: 0.0285884290933609
val/T-mAP-std: 0.0
val/T-mAP-weighted: 0.2600483000278473
val/T-mAP-weighted-std: 0.0
val/horizon-max-f-score: 0.08166678249835968
val/horizon-max-f-score-std: 0.0
val/horizon-max-f-score-weighted: 0.41849732398986816
val/horizon-max-f-score-weighted-std: 0.0
val/horizon-mean-time-step: 0.685771107673645
val/horizon-mean-time-step-std: 0.0
val/loss: 0.0
val/loss-std: 0.0
val/mean-predicted-length: 4.999966621398926
val/mean-predicted-length-std: 0.0
val/mean-target-length: 9.149765014648438
val/mean-target-length-std: 0.0
val/next-item-accuracy: 0.3282206952571869
val/next-item-accuracy-std: 0.0
val/next-item-mae: 0.6476759314537048
val/next-item-mae-std: 0.0
val/next-item-map: 0.010882005095481873
val/next-item-map-std: 0.0
val/next-item-map-weighted: 0.16773778200149536
val/next-item-map-weighted-std: 0.0
val/next-item-max-f-score: 0.02846505679190159
val/next-item-max-f-score-std: 0.0
val/next-item-max-f-score-weighted: 0.2574695348739624
val/next-item-max-f-score-weighted-std: 0.0
val/next-item-mean-time-step: 0.8342503905296326
val/next-item-mean-time-step-std: 0.0
val/next-item-rmse: 0.7875940203666687
val/next-item-rmse-std: 0.0
val/next-k-label-distribution-delta: 4.379964828491211
val/next-k-label-distribution-delta-std: 0.0
val/optimal-transport-distance: 7.033066272735596
val/optimal-transport-distance-std: 0.0
val/sequence-labels-entropy: 1.7220066785812378
val/sequence-labels-entropy-std: 0.0
