date: '2025-02-20 16:01:01'
num_seeds: 5
test/T-mAP: 0.04255913347005844
test/T-mAP-std: 0.000984550149462609
test/T-mAP-weighted: 0.2466229259967804
test/T-mAP-weighted-std: 0.00471886207826274
test/horizon-max-f-score: 0.0834929808974266
test/horizon-max-f-score-std: 0.0012834337493922267
test/horizon-max-f-score-weighted: 0.29411707520484925
test/horizon-max-f-score-weighted-std: 0.003926359558713234
test/horizon-mean-time-step: 0.6378536820411682
test/horizon-mean-time-step-std: 0.01444688559205694
test/loss: 3.0464468479156492
test/loss-std: 0.0004988500112342828
test/loss_labels: 2.426933002471924
test/loss_labels-std: 0.0005464291566277163
test/loss_timestamps: 0.6195136189460755
test/loss_timestamps-std: 6.799191886445556e-05
test/mean-predicted-length: 10.84349422454834
test/mean-predicted-length-std: 0.24397628612323952
test/mean-target-length: 9.136935234069824
test/mean-target-length-std: 0.0
test/next-item-accuracy: 0.3770617127418518
test/next-item-accuracy-std: 0.00039087380444321427
test/next-item-mae: 0.6417094349861145
test/next-item-mae-std: 0.0014065330893728034
test/next-item-map: 0.04174180626869202
test/next-item-map-std: 0.0002706644679071138
test/next-item-map-weighted: 0.3121977269649506
test/next-item-map-weighted-std: 0.00024120203772687418
test/next-item-max-f-score: 0.0817119836807251
test/next-item-max-f-score-std: 0.0004409007615585752
test/next-item-max-f-score-weighted: 0.3541045129299164
test/next-item-max-f-score-weighted-std: 0.00016083595503445363
test/next-item-mean-time-step: 0.8288290500640869
test/next-item-mean-time-step-std: 0.00013328769820889353
test/next-item-rmse: 1.036588478088379
test/next-item-rmse-std: 0.0008740133897463808
test/next-k-label-distribution-delta: 6.005903720855713
test/next-k-label-distribution-delta-std: 0.007725817372785082
test/optimal-transport-distance: 7.135247611999512
test/optimal-transport-distance-std: 0.012502232897459937
test/sequence-labels-entropy: 0.43657254576683047
test/sequence-labels-entropy-std: 0.005151529759131641
val/T-mAP: 0.04294938147068024
val/T-mAP-std: 0.001270365445464061
val/T-mAP-weighted: 0.2470284730195999
val/T-mAP-weighted-std: 0.004746946365540612
val/horizon-max-f-score: 0.08338441401720047
val/horizon-max-f-score-std: 0.0014677908167327611
val/horizon-max-f-score-weighted: 0.2949814677238464
val/horizon-max-f-score-weighted-std: 0.004163066483859946
val/horizon-mean-time-step: 0.6374498724937439
val/horizon-mean-time-step-std: 0.014410498035432763
val/loss: 3.026878309249878
val/loss-std: 0.0004922285705211266
val/loss_labels: 2.408229637145996
val/loss_labels-std: 0.0005627982222918502
val/loss_timestamps: 0.6186487913131714
val/loss_timestamps-std: 8.065270619065871e-05
val/mean-predicted-length: 10.860299491882325
val/mean-predicted-length-std: 0.24407708141477033
val/mean-target-length: 9.149765014648438
val/mean-target-length-std: 0.0
val/next-item-accuracy: 0.3798396229743958
val/next-item-accuracy-std: 0.00032950843340779837
val/next-item-mae: 0.6405907273292542
val/next-item-mae-std: 0.001401397432997809
val/next-item-map: 0.041232175379991534
val/next-item-map-std: 0.00015500731966181747
val/next-item-map-weighted: 0.31564189195632936
val/next-item-map-weighted-std: 0.0002756552121799753
val/next-item-max-f-score: 0.08014339059591294
val/next-item-max-f-score-std: 0.0005582974691081816
val/next-item-max-f-score-weighted: 0.35691574215888977
val/next-item-max-f-score-weighted-std: 0.00019055347926381723
val/next-item-mean-time-step: 0.8292776823043824
val/next-item-mean-time-step-std: 0.00012080742805849698
val/next-item-rmse: 1.0384695053100585
val/next-item-rmse-std: 0.0008704376150696793
val/next-k-label-distribution-delta: 5.988354873657227
val/next-k-label-distribution-delta-std: 0.005993054402554925
val/optimal-transport-distance: 7.124135494232178
val/optimal-transport-distance-std: 0.011435610087784338
val/sequence-labels-entropy: 0.4292458415031433
val/sequence-labels-entropy-std: 0.004388341176422323
