date: '2024-06-02 08:48:56'
test/detection-mAP: 0.04817334935069084
test/horizon-mean-time-step: 0.3496468961238861
test/loss: 2.8464746475219727
test/loss_labels: 2.263282060623169
test/loss_timestamps: 0.583192765712738
test/mean-predicted-length: 14.086648941040039
test/mean-target-length: 9.136935234069824
test/next-item-accuracy: 0.3820399045944214
test/next-item-mae: 0.5689226984977722
test/next-item-mean-time-step: 0.8148806691169739
test/next-item-rmse: 1.0858241319656372
test/optimal-transport-distance: 7.21633768081665
val/detection-mAP: 0.04247494414448738
val/horizon-mean-time-step: 0.35262447595596313
val/loss: 2.827467679977417
val/loss_labels: 2.2453653812408447
val/loss_timestamps: 0.5821026563644409
val/mean-predicted-length: 14.072431564331055
val/mean-target-length: 9.149765014648438
val/next-item-accuracy: 0.38474568724632263
val/next-item-mae: 0.5673919916152954
val/next-item-mean-time-step: 0.8148173093795776
val/next-item-rmse: 1.0870695114135742
val/optimal-transport-distance: 7.201406002044678
