date: '2024-07-22 11:12:35'
test/detection-mAP: 0.015493502840399742
test/horizon-mean-time-step: 1.9815789461135864
test/loss: 0.972520112991333
test/loss_nhp: 0.972520112991333
test/mean-predicted-length: 3.1926281452178955
test/mean-target-length: 9.136935234069824
test/next-item-accuracy: 0.30634215474128723
test/next-item-mae: 1.2867255210876465
test/next-item-mean-time-step: 0.8913217186927795
test/next-item-rmse: 1.509115219116211
test/optimal-transport-distance: 8.102492332458496
val/detection-mAP: 0.016048196703195572
val/horizon-mean-time-step: 1.983110785484314
val/loss: 0.9606770277023315
val/loss_nhp: 0.9606770277023315
val/mean-predicted-length: 3.1920831203460693
val/mean-target-length: 9.149765014648438
val/next-item-accuracy: 0.3092491924762726
val/next-item-mae: 1.2881988286972046
val/next-item-mean-time-step: 0.891106903553009
val/next-item-rmse: 1.512026309967041
val/optimal-transport-distance: 8.09442138671875
