date: '2024-08-16 12:37:49'
test/T-mAP: 0.06722527742385864
test/horizon-mean-time-step: 0.9245514273643494
test/loss: 3.3572933673858643
test/loss_labels: 2.4492716789245605
test/loss_timestamps: 0.9080213308334351
test/mean-predicted-length: 7.318565368652344
test/mean-target-length: 9.136935234069824
test/next-item-accuracy: 0.3425847887992859
test/next-item-mae: 0.7699407935142517
test/next-item-mean-time-step: 0.8855448961257935
test/next-item-rmse: 1.2382748126983643
test/optimal-transport-distance: 6.968226909637451
test/timestamps-bias-mean: 0.101515032351017
test/timestamps-current_influence: -0.044440485537052155
val/T-mAP: 0.07387860864400864
val/horizon-mean-time-step: 0.9270980358123779
val/loss: 3.3380422592163086
val/loss_labels: 2.4310927391052246
val/loss_timestamps: 0.9069498181343079
val/mean-predicted-length: 7.303731441497803
val/mean-target-length: 9.149765014648438
val/next-item-accuracy: 0.3433374762535095
val/next-item-mae: 0.7692776322364807
val/next-item-mean-time-step: 0.8859100937843323
val/next-item-rmse: 1.2333461046218872
val/optimal-transport-distance: 6.958284854888916
val/timestamps-bias-mean: 0.10178833454847336
val/timestamps-current_influence: -0.04444047808647156
