date: '2025-04-09 19:30:16'
test/T-mAP: 0.3501436710357666
test/T-mAP-weighted: 0.4453320801258087
test/horizon-max-f-score: 0.4192223846912384
test/horizon-max-f-score-weighted: 0.497333288192749
test/horizon-mean-time-step: 1.5326378345489502
test/loss: 32.24333572387695
test/loss__presence: 0.3397151231765747
test/loss_labels: 0.41392695903778076
test/loss_next_item_labels: 0.7713278532028198
test/loss_next_item_timestamps: 14.931879997253418
test/loss_timestamps: 15.786489486694336
test/match_cost_mean: -1.3466802835464478
test/match_cost_std: 12.077967643737793
test/max_cost: 95.18927001953125
test/mean-predicted-length: 83.09444427490234
test/mean-target-length: 37.0555419921875
test/next-item-accuracy: 0.5999125242233276
test/next-item-mae: 18.36748695373535
test/next-item-map: 0.4671992361545563
test/next-item-map-weighted: 0.6133942604064941
test/next-item-max-f-score: 0.5035462975502014
test/next-item-max-f-score-weighted: 0.6470927596092224
test/next-item-mean-time-step: 30.909940719604492
test/next-item-rmse: 32.211463928222656
test/next-k-label-distribution-delta: 10.679226875305176
test/optimal-transport-distance: 621.3330078125
test/prediction_match_rate: 0.3444857597351074
test/sequence-labels-entropy: 0.33625951409339905
test/target-sequence-labels-entropy: 0.38401874899864197
test/target_match_rate: 1.0
val/T-mAP: 0.355008989572525
val/T-mAP-weighted: 0.43896734714508057
val/horizon-max-f-score: 0.4330770969390869
val/horizon-max-f-score-weighted: 0.4982294738292694
val/horizon-mean-time-step: 1.5330289602279663
val/loss: 32.51784896850586
val/loss__presence: 0.35215723514556885
val/loss_labels: 0.4115038812160492
val/loss_next_item_labels: 0.7683445811271667
val/loss_next_item_timestamps: 15.136884689331055
val/loss_timestamps: 15.848968505859375
val/match_cost_mean: -0.9637559056282043
val/match_cost_std: 12.116106033325195
val/max_cost: 94.69788360595703
val/mean-predicted-length: 78.65643310546875
val/mean-target-length: 36.76554489135742
val/next-item-accuracy: 0.604199230670929
val/next-item-mae: 18.579557418823242
val/next-item-map: 0.4868576228618622
val/next-item-map-weighted: 0.6178512573242188
val/next-item-max-f-score: 0.5144168734550476
val/next-item-max-f-score-weighted: 0.6492027640342712
val/next-item-mean-time-step: 31.64444923400879
val/next-item-rmse: 32.363155364990234
val/next-k-label-distribution-delta: 11.180524826049805
val/optimal-transport-distance: 633.8297119140625
val/prediction_match_rate: 0.3442920446395874
val/sequence-labels-entropy: 0.3353244662284851
val/target-sequence-labels-entropy: 0.3834032118320465
val/target_match_rate: 1.0
