date: '2025-04-09 19:29:19'
test/T-mAP: 0.3893866240978241
test/T-mAP-weighted: 0.49791839718818665
test/horizon-max-f-score: 0.46476617455482483
test/horizon-max-f-score-weighted: 0.5591530799865723
test/horizon-mean-time-step: 1.5292657613754272
test/loss: 30.47327995300293
test/loss__presence: 0.27434974908828735
test/loss_labels: 0.42450085282325745
test/loss_next_item_labels: 0.7713278532028198
test/loss_next_item_timestamps: 14.931879997253418
test/loss_timestamps: 14.071223258972168
test/match_cost_mean: -2.711141586303711
test/match_cost_std: 11.377762794494629
test/max_cost: 95.13040924072266
test/mean-predicted-length: 58.28397750854492
test/mean-target-length: 28.429466247558594
test/next-item-accuracy: 0.5999125242233276
test/next-item-mae: 18.36748695373535
test/next-item-map: 0.4671992361545563
test/next-item-map-weighted: 0.6133942604064941
test/next-item-max-f-score: 0.5035462975502014
test/next-item-max-f-score-weighted: 0.6470927596092224
test/next-item-mean-time-step: 30.909940719604492
test/next-item-rmse: 32.211463928222656
test/next-k-label-distribution-delta: 8.576059341430664
test/optimal-transport-distance: 474.5106201171875
test/prediction_match_rate: 0.32014068961143494
test/sequence-labels-entropy: 0.42761966586112976
test/target-sequence-labels-entropy: 0.4942055940628052
test/target_match_rate: 1.0
val/T-mAP: 0.39920493960380554
val/T-mAP-weighted: 0.49124032258987427
val/horizon-max-f-score: 0.48223400115966797
val/horizon-max-f-score-weighted: 0.560797929763794
val/horizon-mean-time-step: 1.5304412841796875
val/loss: 30.664461135864258
val/loss__presence: 0.28423798084259033
val/loss_labels: 0.421834796667099
val/loss_next_item_labels: 0.7683445811271667
val/loss_next_item_timestamps: 15.136884689331055
val/loss_timestamps: 14.0531644821167
val/match_cost_mean: -2.3446576595306396
val/match_cost_std: 11.4231538772583
val/max_cost: 94.69024658203125
val/mean-predicted-length: 55.45330047607422
val/mean-target-length: 28.2265567779541
val/next-item-accuracy: 0.604199230670929
val/next-item-mae: 18.579557418823242
val/next-item-map: 0.4868576228618622
val/next-item-map-weighted: 0.6178512573242188
val/next-item-max-f-score: 0.5144168734550476
val/next-item-max-f-score-weighted: 0.6492027640342712
val/next-item-mean-time-step: 31.64444923400879
val/next-item-rmse: 32.363155364990234
val/next-k-label-distribution-delta: 8.822956085205078
val/optimal-transport-distance: 481.50830078125
val/prediction_match_rate: 0.31961584091186523
val/sequence-labels-entropy: 0.42346030473709106
val/target-sequence-labels-entropy: 0.4860374331474304
val/target_match_rate: 1.0
