date: '2025-04-09 19:28:02'
test/T-mAP: 0.5824978351593018
test/T-mAP-weighted: 0.7253949046134949
test/horizon-max-f-score: 0.6333162784576416
test/horizon-max-f-score-weighted: 0.7697241306304932
test/horizon-mean-time-step: 1.4880318641662598
test/loss: 25.075796127319336
test/loss__presence: 0.14675159752368927
test/loss_labels: 0.49946874380111694
test/loss_next_item_labels: 0.7713278532028198
test/loss_next_item_timestamps: 14.931879997253418
test/loss_timestamps: 8.726366996765137
test/match_cost_mean: -8.212162971496582
test/match_cost_std: 9.117609977722168
test/max_cost: 94.3011703491211
test/mean-predicted-length: 21.098342895507812
test/mean-target-length: 21.358747482299805
test/next-item-accuracy: 0.5999125242233276
test/next-item-mae: 18.36748695373535
test/next-item-map: 0.4671992361545563
test/next-item-map-weighted: 0.6133942604064941
test/next-item-max-f-score: 0.5035462975502014
test/next-item-max-f-score-weighted: 0.6470927596092224
test/next-item-mean-time-step: 30.909940719604492
test/next-item-rmse: 32.211463928222656
test/next-k-label-distribution-delta: 3.4898712635040283
test/optimal-transport-distance: 132.9416961669922
test/prediction_match_rate: 0.21696104109287262
test/sequence-labels-entropy: 0.4364721179008484
test/target-sequence-labels-entropy: 0.48265188932418823
test/target_match_rate: 1.0
val/T-mAP: 0.6160251498222351
val/T-mAP-weighted: 0.7282543182373047
val/horizon-max-f-score: 0.6561667323112488
val/horizon-max-f-score-weighted: 0.7705612778663635
val/horizon-mean-time-step: 1.4907045364379883
val/loss: 24.959590911865234
val/loss__presence: 0.1467430293560028
val/loss_labels: 0.5002474784851074
val/loss_next_item_labels: 0.7683445811271667
val/loss_next_item_timestamps: 15.136884689331055
val/loss_timestamps: 8.407368659973145
val/match_cost_mean: -8.019055366516113
val/match_cost_std: 9.073781967163086
val/max_cost: 93.96691131591797
val/mean-predicted-length: 20.11946678161621
val/mean-target-length: 20.682857513427734
val/next-item-accuracy: 0.604199230670929
val/next-item-mae: 18.579557418823242
val/next-item-map: 0.4868576228618622
val/next-item-map-weighted: 0.6178512573242188
val/next-item-max-f-score: 0.5144168734550476
val/next-item-max-f-score-weighted: 0.6492027640342712
val/next-item-mean-time-step: 31.64444923400879
val/next-item-rmse: 32.363155364990234
val/next-k-label-distribution-delta: 3.5161290168762207
val/optimal-transport-distance: 136.31224060058594
val/prediction_match_rate: 0.2145567089319229
val/sequence-labels-entropy: 0.4326794147491455
val/target-sequence-labels-entropy: 0.47569358348846436
val/target_match_rate: 1.0
