date: '2025-04-09 19:28:35'
test/T-mAP: 0.4639643132686615
test/T-mAP-weighted: 0.589228630065918
test/horizon-max-f-score: 0.5335709452629089
test/horizon-max-f-score-weighted: 0.6499196887016296
test/horizon-mean-time-step: 1.518668293952942
test/loss: 27.907264709472656
test/loss__presence: 0.20059636235237122
test/loss_labels: 0.44497695565223694
test/loss_next_item_labels: 0.7713278532028198
test/loss_next_item_timestamps: 14.931879997253418
test/loss_timestamps: 11.558483123779297
test/match_cost_mean: -4.7615251541137695
test/match_cost_std: 10.391556739807129
test/max_cost: 94.86576843261719
test/mean-predicted-length: 40.0405158996582
test/mean-target-length: 26.180294036865234
test/next-item-accuracy: 0.5999125242233276
test/next-item-mae: 18.36748695373535
test/next-item-map: 0.4671992361545563
test/next-item-map-weighted: 0.6133942604064941
test/next-item-max-f-score: 0.5035462975502014
test/next-item-max-f-score-weighted: 0.6470927596092224
test/next-item-mean-time-step: 30.909940719604492
test/next-item-rmse: 32.211463928222656
test/next-k-label-distribution-delta: 5.98195219039917
test/optimal-transport-distance: 292.8436584472656
test/prediction_match_rate: 0.2834682762622833
test/sequence-labels-entropy: 0.43158259987831116
test/target-sequence-labels-entropy: 0.49056610465049744
test/target_match_rate: 1.0
val/T-mAP: 0.47981706261634827
val/T-mAP-weighted: 0.5826089978218079
val/horizon-max-f-score: 0.5540576577186584
val/horizon-max-f-score-weighted: 0.6503760814666748
val/horizon-mean-time-step: 1.5195716619491577
val/loss: 27.97238540649414
val/loss__presence: 0.20673252642154694
val/loss_labels: 0.4435462951660156
val/loss_next_item_labels: 0.7683445811271667
val/loss_next_item_timestamps: 15.136884689331055
val/loss_timestamps: 11.41688346862793
val/match_cost_mean: -4.454866886138916
val/match_cost_std: 10.433721542358398
val/max_cost: 94.62759399414062
val/mean-predicted-length: 38.12115478515625
val/mean-target-length: 25.761253356933594
val/next-item-accuracy: 0.604199230670929
val/next-item-mae: 18.579557418823242
val/next-item-map: 0.4868576228618622
val/next-item-map-weighted: 0.6178512573242188
val/next-item-max-f-score: 0.5144168734550476
val/next-item-max-f-score-weighted: 0.6492027640342712
val/next-item-mean-time-step: 31.64444923400879
val/next-item-rmse: 32.363155364990234
val/next-k-label-distribution-delta: 6.126781940460205
val/optimal-transport-distance: 298.9416809082031
val/prediction_match_rate: 0.28189951181411743
val/sequence-labels-entropy: 0.42783835530281067
val/target-sequence-labels-entropy: 0.4823807179927826
val/target_match_rate: 1.0
