date: '2025-04-09 19:30:35'
test/T-mAP: 0.35423293709754944
test/T-mAP-weighted: 0.4583489000797272
test/horizon-max-f-score: 0.42818424105644226
test/horizon-max-f-score-weighted: 0.5222477316856384
test/horizon-mean-time-step: 10.63556957244873
test/loss: 15.96365737915039
test/loss_decoder_labels: 0.7747189402580261
test/loss_decoder_timestamps: 14.62738037109375
test/loss_diffusion: 0.5615008473396301
test/loss_embedder_regularizer: 5.2171017159707844e-05
test/mean-predicted-length: 55.0504035949707
test/mean-target-length: 37.0555419921875
test/next-item-accuracy: 0.5855535864830017
test/next-item-mae: 18.68703842163086
test/next-item-map: 0.4371802806854248
test/next-item-map-weighted: 0.5882207751274109
test/next-item-max-f-score: 0.4778476059436798
test/next-item-max-f-score-weighted: 0.6374490857124329
test/next-item-mean-time-step: 29.9654541015625
test/next-item-rmse: 33.967315673828125
test/next-k-label-distribution-delta: 18.270126342773438
test/optimal-transport-distance: 640.2554321289062
test/sequence-labels-entropy: 0.2656418979167938
test/target-sequence-labels-entropy: 0.38401874899864197
val/T-mAP: 0.3668195307254791
val/T-mAP-weighted: 0.4563807249069214
val/horizon-max-f-score: 0.4425078332424164
val/horizon-max-f-score-weighted: 0.5218274593353271
val/horizon-mean-time-step: 11.226670265197754
val/loss: 16.229310989379883
val/loss_decoder_labels: 0.7732024192810059
val/loss_decoder_timestamps: 14.888492584228516
val/loss_diffusion: 0.5675638318061829
val/loss_embedder_regularizer: 5.214654083829373e-05
val/mean-predicted-length: 53.96579360961914
val/mean-target-length: 36.76554489135742
val/next-item-accuracy: 0.5890254378318787
val/next-item-mae: 18.904956817626953
val/next-item-map: 0.4573719799518585
val/next-item-map-weighted: 0.5934070348739624
val/next-item-max-f-score: 0.4944975674152374
val/next-item-max-f-score-weighted: 0.6397627592086792
val/next-item-mean-time-step: 30.68595314025879
val/next-item-rmse: 34.179534912109375
val/next-k-label-distribution-delta: 18.378528594970703
val/optimal-transport-distance: 648.7344360351562
val/sequence-labels-entropy: 0.2598399221897125
val/target-sequence-labels-entropy: 0.3834032118320465
