date: '2025-04-09 19:28:14'
test/T-mAP: 0.5211013555526733
test/T-mAP-weighted: 0.6625729203224182
test/horizon-max-f-score: 0.6143106818199158
test/horizon-max-f-score-weighted: 0.7676728963851929
test/horizon-mean-time-step: 9.440011978149414
test/loss: 15.965974807739258
test/loss_decoder_labels: 0.7744374871253967
test/loss_decoder_timestamps: 14.630195617675781
test/loss_diffusion: 0.561288058757782
test/loss_embedder_regularizer: 5.2158608013996854e-05
test/mean-predicted-length: 14.921546936035156
test/mean-target-length: 21.358747482299805
test/next-item-accuracy: 0.5863538384437561
test/next-item-mae: 18.689849853515625
test/next-item-map: 0.43873777985572815
test/next-item-map-weighted: 0.589342474937439
test/next-item-max-f-score: 0.47886303067207336
test/next-item-max-f-score-weighted: 0.6377955079078674
test/next-item-mean-time-step: 29.966238021850586
test/next-item-rmse: 33.97044372558594
test/next-k-label-distribution-delta: 6.019153118133545
test/optimal-transport-distance: 159.27720642089844
test/sequence-labels-entropy: 0.2684929668903351
test/target-sequence-labels-entropy: 0.48265188932418823
val/T-mAP: 0.5402156114578247
val/T-mAP-weighted: 0.6655458807945251
val/horizon-max-f-score: 0.6260551810264587
val/horizon-max-f-score-weighted: 0.7612648010253906
val/horizon-mean-time-step: 9.795747756958008
val/loss: 16.228729248046875
val/loss_decoder_labels: 0.7734432816505432
val/loss_decoder_timestamps: 14.888218879699707
val/loss_diffusion: 0.5670138001441956
val/loss_embedder_regularizer: 5.2140618208795786e-05
val/mean-predicted-length: 14.796886444091797
val/mean-target-length: 20.682857513427734
val/next-item-accuracy: 0.5886416435241699
val/next-item-mae: 18.906848907470703
val/next-item-map: 0.45496436953544617
val/next-item-map-weighted: 0.5917755365371704
val/next-item-max-f-score: 0.4919251501560211
val/next-item-max-f-score-weighted: 0.6385599970817566
val/next-item-mean-time-step: 30.686939239501953
val/next-item-rmse: 34.180267333984375
val/next-k-label-distribution-delta: 6.042760848999023
val/optimal-transport-distance: 160.48056030273438
val/sequence-labels-entropy: 0.2670605480670929
val/target-sequence-labels-entropy: 0.47569358348846436
