date: '2025-04-09 19:28:50'
test/T-mAP: 0.5235514640808105
test/T-mAP-weighted: 0.6667294502258301
test/horizon-max-f-score: 0.5575438141822815
test/horizon-max-f-score-weighted: 0.6823158860206604
test/horizon-mean-time-step: 11.41732406616211
test/loss: 15.96347713470459
test/loss_decoder_labels: 0.7743346691131592
test/loss_decoder_timestamps: 14.627432823181152
test/loss_diffusion: 0.561653196811676
test/loss_embedder_regularizer: 5.21613510500174e-05
test/mean-predicted-length: 27.88066291809082
test/mean-target-length: 26.180294036865234
test/next-item-accuracy: 0.5864003896713257
test/next-item-mae: 18.685768127441406
test/next-item-map: 0.43982958793640137
test/next-item-map-weighted: 0.5904539823532104
test/next-item-max-f-score: 0.4793739318847656
test/next-item-max-f-score-weighted: 0.6384440064430237
test/next-item-mean-time-step: 29.965551376342773
test/next-item-rmse: 33.966285705566406
test/next-k-label-distribution-delta: 10.7558012008667
test/optimal-transport-distance: 320.86370849609375
test/sequence-labels-entropy: 0.29591384530067444
test/target-sequence-labels-entropy: 0.49056610465049744
val/T-mAP: 0.5463992357254028
val/T-mAP-weighted: 0.6662331223487854
val/horizon-max-f-score: 0.5710731148719788
val/horizon-max-f-score-weighted: 0.6802621483802795
val/horizon-mean-time-step: 11.828448295593262
val/loss: 16.22786521911621
val/loss_decoder_labels: 0.7729538083076477
val/loss_decoder_timestamps: 14.887497901916504
val/loss_diffusion: 0.5673646926879883
val/loss_embedder_regularizer: 5.2139170293230563e-05
val/mean-predicted-length: 27.502626419067383
val/mean-target-length: 25.761253356933594
val/next-item-accuracy: 0.5889505743980408
val/next-item-mae: 18.9041748046875
val/next-item-map: 0.4542282521724701
val/next-item-map-weighted: 0.5919631719589233
val/next-item-max-f-score: 0.48942145705223083
val/next-item-max-f-score-weighted: 0.6386823058128357
val/next-item-mean-time-step: 30.685380935668945
val/next-item-rmse: 34.18024826049805
val/next-k-label-distribution-delta: 10.711552619934082
val/optimal-transport-distance: 323.0181579589844
val/sequence-labels-entropy: 0.2946915030479431
val/target-sequence-labels-entropy: 0.4823807179927826
