date: '2025-04-09 19:29:37'
test/T-mAP: 0.41917064785957336
test/T-mAP-weighted: 0.5378640294075012
test/horizon-max-f-score: 0.4819306433200836
test/horizon-max-f-score-weighted: 0.58843594789505
test/horizon-mean-time-step: 16.65116310119629
test/loss: 15.963889122009277
test/loss_decoder_labels: 0.7748640775680542
test/loss_decoder_timestamps: 14.627900123596191
test/loss_diffusion: 0.5610722303390503
test/loss_embedder_regularizer: 5.2153678552713245e-05
test/mean-predicted-length: 38.69742202758789
test/mean-target-length: 28.429466247558594
test/next-item-accuracy: 0.5861398577690125
test/next-item-mae: 18.685476303100586
test/next-item-map: 0.4376572370529175
test/next-item-map-weighted: 0.5888617634773254
test/next-item-max-f-score: 0.4768052101135254
test/next-item-max-f-score-weighted: 0.6370394229888916
test/next-item-mean-time-step: 29.96529769897461
test/next-item-rmse: 33.96732711791992
test/next-k-label-distribution-delta: 14.626151084899902
test/optimal-transport-distance: 497.34552001953125
test/sequence-labels-entropy: 0.3154948651790619
test/target-sequence-labels-entropy: 0.4942055940628052
val/T-mAP: 0.44075581431388855
val/T-mAP-weighted: 0.5363525152206421
val/horizon-max-f-score: 0.4989950656890869
val/horizon-max-f-score-weighted: 0.5886314511299133
val/horizon-mean-time-step: 17.219009399414062
val/loss: 16.2280330657959
val/loss_decoder_labels: 0.7734488248825073
val/loss_decoder_timestamps: 14.886918067932129
val/loss_diffusion: 0.5676122903823853
val/loss_embedder_regularizer: 5.2161958592478186e-05
val/mean-predicted-length: 38.031883239746094
val/mean-target-length: 28.2265567779541
val/next-item-accuracy: 0.5895870923995972
val/next-item-mae: 18.901470184326172
val/next-item-map: 0.455234557390213
val/next-item-map-weighted: 0.5942558646202087
val/next-item-max-f-score: 0.49041748046875
val/next-item-max-f-score-weighted: 0.6394299268722534
val/next-item-mean-time-step: 30.68519401550293
val/next-item-rmse: 34.17839050292969
val/next-k-label-distribution-delta: 14.602025985717773
val/optimal-transport-distance: 500.55322265625
val/sequence-labels-entropy: 0.311175674200058
val/target-sequence-labels-entropy: 0.4860374331474304
