date: '2025-04-09 19:04:47'
test/T-mAP: 0.1814028024673462
test/T-mAP-weighted: 0.23026737570762634
test/horizon-max-f-score: 0.3457238972187042
test/horizon-max-f-score-weighted: 0.4382959306240082
test/horizon-mean-time-step: 31.20811653137207
test/loss: 15.67973804473877
test/loss_labels: 0.7756839990615845
test/loss_timestamps: 14.904050827026367
test/mean-predicted-length: 66.19843292236328
test/mean-target-length: 37.0555419921875
test/next-item-accuracy: 0.5979955196380615
test/next-item-mae: 18.39893341064453
test/next-item-map: 0.4586926996707916
test/next-item-map-weighted: 0.6097992658615112
test/next-item-max-f-score: 0.4962210953235626
test/next-item-max-f-score-weighted: 0.6455634832382202
test/next-item-mean-time-step: 31.011703491210938
test/next-item-rmse: 32.07710266113281
test/next-k-label-distribution-delta: 32.85148239135742
test/optimal-transport-distance: 704.9019165039062
test/sequence-labels-entropy: 0.06422952562570572
test/target-sequence-labels-entropy: 0.38401874899864197
val/T-mAP: 0.2002914547920227
val/T-mAP-weighted: 0.24003338813781738
val/horizon-max-f-score: 0.3690549433231354
val/horizon-max-f-score-weighted: 0.4451833963394165
val/horizon-mean-time-step: 32.4714241027832
val/loss: 15.885335922241211
val/loss_labels: 0.7733522057533264
val/loss_timestamps: 15.111985206604004
val/mean-predicted-length: 63.55430603027344
val/mean-target-length: 36.76554489135742
val/next-item-accuracy: 0.6010259389877319
val/next-item-mae: 18.631498336791992
val/next-item-map: 0.47639259696006775
val/next-item-map-weighted: 0.6131588816642761
val/next-item-max-f-score: 0.5088196396827698
val/next-item-max-f-score-weighted: 0.6471287608146667
val/next-item-mean-time-step: 31.751211166381836
val/next-item-rmse: 32.256568908691406
val/next-k-label-distribution-delta: 33.13258743286133
val/optimal-transport-distance: 712.2257690429688
val/sequence-labels-entropy: 0.0692722275853157
val/target-sequence-labels-entropy: 0.3834032714366913
