date: '2025-04-09 18:22:19'
test/T-mAP: 0.4176763594150543
test/T-mAP-weighted: 0.5417167544364929
test/horizon-max-f-score: 0.5027023553848267
test/horizon-max-f-score-weighted: 0.641345739364624
test/horizon-mean-time-step: 11.035984992980957
test/loss: 15.712596893310547
test/loss_labels: 0.7789014577865601
test/loss_timestamps: 14.933694839477539
test/mean-predicted-length: 23.208656311035156
test/mean-target-length: 21.358747482299805
test/next-item-accuracy: 0.5931564569473267
test/next-item-mae: 18.290119171142578
test/next-item-map: 0.458242267370224
test/next-item-map-weighted: 0.6048944592475891
test/next-item-max-f-score: 0.49793967604637146
test/next-item-max-f-score-weighted: 0.6442352533340454
test/next-item-mean-time-step: 30.896644592285156
test/next-item-rmse: 31.946609497070312
test/next-k-label-distribution-delta: 8.082873344421387
test/optimal-transport-distance: 165.03244018554688
test/sequence-labels-entropy: 0.11114253848791122
test/target-sequence-labels-entropy: 0.48265188932418823
val/T-mAP: 0.4494945704936981
val/T-mAP-weighted: 0.5470256209373474
val/horizon-max-f-score: 0.528803288936615
val/horizon-max-f-score-weighted: 0.6417784094810486
val/horizon-mean-time-step: 11.43057918548584
val/loss: 15.928964614868164
val/loss_labels: 0.7767814993858337
val/loss_timestamps: 15.152181625366211
val/mean-predicted-length: 22.55963897705078
val/mean-target-length: 20.682857513427734
val/next-item-accuracy: 0.5976186394691467
val/next-item-mae: 18.525096893310547
val/next-item-map: 0.47648826241493225
val/next-item-map-weighted: 0.6097708344459534
val/next-item-max-f-score: 0.5074335932731628
val/next-item-max-f-score-weighted: 0.6457353234291077
val/next-item-mean-time-step: 31.635385513305664
val/next-item-rmse: 32.13404846191406
val/next-k-label-distribution-delta: 8.066766738891602
val/optimal-transport-distance: 165.73037719726562
val/sequence-labels-entropy: 0.10976172238588333
val/target-sequence-labels-entropy: 0.47569361329078674
