date: '2025-04-09 18:30:18'
test/T-mAP: 0.25172945857048035
test/T-mAP-weighted: 0.32310447096824646
test/horizon-max-f-score: 0.3990553617477417
test/horizon-max-f-score-weighted: 0.511055052280426
test/horizon-mean-time-step: 18.20193862915039
test/loss: 15.67973804473877
test/loss_labels: 0.7756839990615845
test/loss_timestamps: 14.904050827026367
test/mean-predicted-length: 42.32412338256836
test/mean-target-length: 26.180294036865234
test/next-item-accuracy: 0.5979955196380615
test/next-item-mae: 18.39893341064453
test/next-item-map: 0.4586926996707916
test/next-item-map-weighted: 0.6097992658615112
test/next-item-max-f-score: 0.4962210953235626
test/next-item-max-f-score-weighted: 0.6455634832382202
test/next-item-mean-time-step: 31.011703491210938
test/next-item-rmse: 32.07710266113281
test/next-k-label-distribution-delta: 16.18453025817871
test/optimal-transport-distance: 345.8744812011719
test/sequence-labels-entropy: 0.08931755274534225
test/target-sequence-labels-entropy: 0.49056607484817505
val/T-mAP: 0.2806009352207184
val/T-mAP-weighted: 0.3323248326778412
val/horizon-max-f-score: 0.42724886536598206
val/horizon-max-f-score-weighted: 0.5165773034095764
val/horizon-mean-time-step: 19.427326202392578
val/loss: 15.885335922241211
val/loss_labels: 0.7733522057533264
val/loss_timestamps: 15.111985206604004
val/mean-predicted-length: 40.694297790527344
val/mean-target-length: 25.761253356933594
val/next-item-accuracy: 0.6010259389877319
val/next-item-mae: 18.631498336791992
val/next-item-map: 0.47639259696006775
val/next-item-map-weighted: 0.6131588816642761
val/next-item-max-f-score: 0.5088196396827698
val/next-item-max-f-score-weighted: 0.6471287608146667
val/next-item-mean-time-step: 31.751211166381836
val/next-item-rmse: 32.256568908691406
val/next-k-label-distribution-delta: 16.286195755004883
val/optimal-transport-distance: 347.42681884765625
val/sequence-labels-entropy: 0.09440647065639496
val/target-sequence-labels-entropy: 0.4823807179927826
