date: '2025-04-09 18:44:28'
test/T-mAP: 0.2060495764017105
test/T-mAP-weighted: 0.2628881633281708
test/horizon-max-f-score: 0.3671809136867523
test/horizon-max-f-score-weighted: 0.46580153703689575
test/horizon-mean-time-step: 26.188812255859375
test/loss: 15.67973804473877
test/loss_labels: 0.7756839990615845
test/loss_timestamps: 14.904050827026367
test/mean-predicted-length: 53.89723587036133
test/mean-target-length: 28.429466247558594
test/next-item-accuracy: 0.5979955196380615
test/next-item-mae: 18.39893341064453
test/next-item-map: 0.4586926996707916
test/next-item-map-weighted: 0.6097992658615112
test/next-item-max-f-score: 0.4962210953235626
test/next-item-max-f-score-weighted: 0.6455634832382202
test/next-item-mean-time-step: 31.011703491210938
test/next-item-rmse: 32.07710266113281
test/next-k-label-distribution-delta: 24.536649703979492
test/optimal-transport-distance: 537.5792236328125
test/sequence-labels-entropy: 0.08960691094398499
test/target-sequence-labels-entropy: 0.4942055940628052
val/T-mAP: 0.2277468889951706
val/T-mAP-weighted: 0.2725667357444763
val/horizon-max-f-score: 0.39181578159332275
val/horizon-max-f-score-weighted: 0.47218212485313416
val/horizon-mean-time-step: 27.516319274902344
val/loss: 15.885335922241211
val/loss_labels: 0.7733522057533264
val/loss_timestamps: 15.111985206604004
val/mean-predicted-length: 51.91429138183594
val/mean-target-length: 28.2265567779541
val/next-item-accuracy: 0.6010259389877319
val/next-item-mae: 18.631498336791992
val/next-item-map: 0.47639259696006775
val/next-item-map-weighted: 0.6131588816642761
val/next-item-max-f-score: 0.5088196396827698
val/next-item-max-f-score-weighted: 0.6471287608146667
val/next-item-mean-time-step: 31.751211166381836
val/next-item-rmse: 32.256568908691406
val/next-k-label-distribution-delta: 24.698049545288086
val/optimal-transport-distance: 540.231689453125
val/sequence-labels-entropy: 0.09453870356082916
val/target-sequence-labels-entropy: 0.48603740334510803
