date: '2025-04-09 18:29:22'
test/T-mAP: 0.27688002586364746
test/T-mAP-weighted: 0.3483109176158905
test/horizon-max-f-score: 0.4320923089981079
test/horizon-max-f-score-weighted: 0.543779730796814
test/horizon-mean-time-step: 16.278675079345703
test/loss: 15.712596893310547
test/loss_labels: 0.7789014577865601
test/loss_timestamps: 14.933694839477539
test/mean-predicted-length: 39.1488037109375
test/mean-target-length: 26.180294036865234
test/next-item-accuracy: 0.5931564569473267
test/next-item-mae: 18.290119171142578
test/next-item-map: 0.458242267370224
test/next-item-map-weighted: 0.6048944592475891
test/next-item-max-f-score: 0.49793967604637146
test/next-item-max-f-score-weighted: 0.6442352533340454
test/next-item-mean-time-step: 30.896644592285156
test/next-item-rmse: 31.946609497070312
test/next-k-label-distribution-delta: 16.303131103515625
test/optimal-transport-distance: 343.8792724609375
test/sequence-labels-entropy: 0.11183026432991028
test/target-sequence-labels-entropy: 0.49056607484817505
val/T-mAP: 0.3021225333213806
val/T-mAP-weighted: 0.3557385504245758
val/horizon-max-f-score: 0.4535966217517853
val/horizon-max-f-score-weighted: 0.5469448566436768
val/horizon-mean-time-step: 16.70383071899414
val/loss: 15.928964614868164
val/loss_labels: 0.7767814993858337
val/loss_timestamps: 15.152181625366211
val/mean-predicted-length: 38.07801818847656
val/mean-target-length: 25.761253356933594
val/next-item-accuracy: 0.5976186394691467
val/next-item-mae: 18.525096893310547
val/next-item-map: 0.47648826241493225
val/next-item-map-weighted: 0.6097708344459534
val/next-item-max-f-score: 0.5074335932731628
val/next-item-max-f-score-weighted: 0.6457353234291077
val/next-item-mean-time-step: 31.635385513305664
val/next-item-rmse: 32.13404846191406
val/next-k-label-distribution-delta: 16.281696319580078
val/optimal-transport-distance: 344.32696533203125
val/sequence-labels-entropy: 0.11053348332643509
val/target-sequence-labels-entropy: 0.4823807179927826
