date: '2025-04-09 18:43:03'
test/T-mAP: 0.23237548768520355
test/T-mAP-weighted: 0.29489871859550476
test/horizon-max-f-score: 0.4003088176250458
test/horizon-max-f-score-weighted: 0.5009446740150452
test/horizon-mean-time-step: 22.967086791992188
test/loss: 15.712596893310547
test/loss_labels: 0.7789014577865601
test/loss_timestamps: 14.933694839477539
test/mean-predicted-length: 49.13112258911133
test/mean-target-length: 28.429466247558594
test/next-item-accuracy: 0.5931564569473267
test/next-item-mae: 18.290119171142578
test/next-item-map: 0.458242267370224
test/next-item-map-weighted: 0.6048944592475891
test/next-item-max-f-score: 0.49793967604637146
test/next-item-max-f-score-weighted: 0.6442352533340454
test/next-item-mean-time-step: 30.896644592285156
test/next-item-rmse: 31.946609497070312
test/next-k-label-distribution-delta: 24.67698097229004
test/optimal-transport-distance: 532.4212036132812
test/sequence-labels-entropy: 0.11265526711940765
test/target-sequence-labels-entropy: 0.4942055940628052
val/T-mAP: 0.25450628995895386
val/T-mAP-weighted: 0.3019958436489105
val/horizon-max-f-score: 0.417649507522583
val/horizon-max-f-score-weighted: 0.5037368535995483
val/horizon-mean-time-step: 23.281517028808594
val/loss: 15.928964614868164
val/loss_labels: 0.7767814993858337
val/loss_timestamps: 15.152181625366211
val/mean-predicted-length: 48.02100372314453
val/mean-target-length: 28.2265567779541
val/next-item-accuracy: 0.5976186394691467
val/next-item-mae: 18.525096893310547
val/next-item-map: 0.47648826241493225
val/next-item-map-weighted: 0.6097708344459534
val/next-item-max-f-score: 0.5074335932731628
val/next-item-max-f-score-weighted: 0.6457353234291077
val/next-item-mean-time-step: 31.635385513305664
val/next-item-rmse: 32.13404846191406
val/next-k-label-distribution-delta: 24.67291831970215
val/optimal-transport-distance: 533.8621826171875
val/sequence-labels-entropy: 0.11122359335422516
val/target-sequence-labels-entropy: 0.48603740334510803
