date: '2025-04-09 19:02:56'
test/T-mAP: 0.20588618516921997
test/T-mAP-weighted: 0.2613009512424469
test/horizon-max-f-score: 0.3808201253414154
test/horizon-max-f-score-weighted: 0.473638653755188
test/horizon-mean-time-step: 29.070701599121094
test/loss: 15.712596893310547
test/loss_labels: 0.7789014577865601
test/loss_timestamps: 14.933694839477539
test/mean-predicted-length: 60.649864196777344
test/mean-target-length: 37.0555419921875
test/next-item-accuracy: 0.5931564569473267
test/next-item-mae: 18.290119171142578
test/next-item-map: 0.458242267370224
test/next-item-map-weighted: 0.6048944592475891
test/next-item-max-f-score: 0.49793967604637146
test/next-item-max-f-score-weighted: 0.6442352533340454
test/next-item-mean-time-step: 30.896644592285156
test/next-item-rmse: 31.946609497070312
test/next-k-label-distribution-delta: 33.08735275268555
test/optimal-transport-distance: 696.5326538085938
test/sequence-labels-entropy: 0.08182932436466217
test/target-sequence-labels-entropy: 0.38401874899864197
val/T-mAP: 0.2246008664369583
val/T-mAP-weighted: 0.2683131992816925
val/horizon-max-f-score: 0.3960529863834381
val/horizon-max-f-score-weighted: 0.47630375623703003
val/horizon-mean-time-step: 29.140300750732422
val/loss: 15.928964614868164
val/loss_labels: 0.7767814993858337
val/loss_timestamps: 15.152181625366211
val/mean-predicted-length: 59.16204833984375
val/mean-target-length: 36.76554489135742
val/next-item-accuracy: 0.5976186394691467
val/next-item-mae: 18.525096893310547
val/next-item-map: 0.47648826241493225
val/next-item-map-weighted: 0.6097708344459534
val/next-item-max-f-score: 0.5074335932731628
val/next-item-max-f-score-weighted: 0.6457353234291077
val/next-item-mean-time-step: 31.635385513305664
val/next-item-rmse: 32.13404846191406
val/next-k-label-distribution-delta: 33.14856719970703
val/optimal-transport-distance: 702.34912109375
val/sequence-labels-entropy: 0.08195184171199799
val/target-sequence-labels-entropy: 0.3834032714366913
