date: '2025-04-09 18:34:44'
test/T-mAP: 0.32396945357322693
test/T-mAP-weighted: 0.4222104251384735
test/horizon-max-f-score: 0.48016682267189026
test/horizon-max-f-score-weighted: 0.625949501991272
test/horizon-mean-time-step: 22.943708419799805
test/loss: 4.51109504699707
test/loss_nhp: 4.51109504699707
test/mean-predicted-length: 29.285634994506836
test/mean-target-length: 26.180294036865234
test/next-item-accuracy: 0.6003777980804443
test/next-item-mae: 18.35595703125
test/next-item-map: 0.46905517578125
test/next-item-map-weighted: 0.6142897605895996
test/next-item-max-f-score: 0.504255473613739
test/next-item-max-f-score-weighted: 0.6474558115005493
test/next-item-mean-time-step: 30.431930541992188
test/next-item-rmse: 32.031185150146484
test/next-k-label-distribution-delta: 16.18453025817871
test/optimal-transport-distance: 341.8493347167969
test/sequence-labels-entropy: 0.08066257834434509
test/target-sequence-labels-entropy: 0.49056607484817505
test/thinning_accepted: 46.47468948364258
val/T-mAP: 0.3442891538143158
val/T-mAP-weighted: 0.4295148253440857
val/horizon-max-f-score: 0.5058290362358093
val/horizon-max-f-score-weighted: 0.6286738514900208
val/horizon-mean-time-step: 23.43978500366211
val/loss: 4.545445919036865
val/loss_nhp: 4.545445919036865
val/mean-predicted-length: 28.367029190063477
val/mean-target-length: 25.761253356933594
val/next-item-accuracy: 0.6040775179862976
val/next-item-mae: 18.604564666748047
val/next-item-map: 0.48832249641418457
val/next-item-map-weighted: 0.6193684935569763
val/next-item-max-f-score: 0.5148922801017761
val/next-item-max-f-score-weighted: 0.6495512127876282
val/next-item-mean-time-step: 31.156293869018555
val/next-item-rmse: 32.2189826965332
val/next-k-label-distribution-delta: 16.21417808532715
val/optimal-transport-distance: 344.38055419921875
val/sequence-labels-entropy: 0.08398836851119995
val/target-sequence-labels-entropy: 0.4823807179927826
val/thinning_accepted: 46.113468170166016
