date: '2025-04-09 18:25:02'
test/T-mAP: 0.4552467167377472
test/T-mAP-weighted: 0.5992823243141174
test/horizon-max-f-score: 0.5353049635887146
test/horizon-max-f-score-weighted: 0.6991252303123474
test/horizon-mean-time-step: 16.22826385498047
test/loss: 4.513736248016357
test/loss_nhp: 4.513736248016357
test/mean-predicted-length: 18.955615997314453
test/mean-target-length: 21.358747482299805
test/next-item-accuracy: 0.6004709005355835
test/next-item-mae: 18.35536766052246
test/next-item-map: 0.469040185213089
test/next-item-map-weighted: 0.6142812967300415
test/next-item-max-f-score: 0.504386842250824
test/next-item-max-f-score-weighted: 0.6475435495376587
test/next-item-mean-time-step: 30.43251609802246
test/next-item-rmse: 32.03273010253906
test/next-k-label-distribution-delta: 7.9801106452941895
test/optimal-transport-distance: 164.70899963378906
test/sequence-labels-entropy: 0.0790083110332489
test/target-sequence-labels-entropy: 0.48265188932418823
test/thinning_accepted: 46.42762756347656
val/T-mAP: 0.4949829578399658
val/T-mAP-weighted: 0.6092014312744141
val/horizon-max-f-score: 0.565923273563385
val/horizon-max-f-score-weighted: 0.7006489634513855
val/horizon-mean-time-step: 17.01460075378418
val/loss: 4.546061992645264
val/loss_nhp: 4.546061992645264
val/mean-predicted-length: 18.195798873901367
val/mean-target-length: 20.682857513427734
val/next-item-accuracy: 0.6038902997970581
val/next-item-mae: 18.603118896484375
val/next-item-map: 0.48843836784362793
val/next-item-map-weighted: 0.6193807125091553
val/next-item-max-f-score: 0.5148192644119263
val/next-item-max-f-score-weighted: 0.6495413780212402
val/next-item-mean-time-step: 31.1591854095459
val/next-item-rmse: 32.21858215332031
val/next-k-label-distribution-delta: 8.020255088806152
val/optimal-transport-distance: 165.91001892089844
val/sequence-labels-entropy: 0.08243763446807861
val/target-sequence-labels-entropy: 0.47569361329078674
val/thinning_accepted: 46.204830169677734
