date: '2025-04-09 18:50:58'
test/T-mAP: 0.2741844654083252
test/T-mAP-weighted: 0.35649457573890686
test/horizon-max-f-score: 0.4495970904827118
test/horizon-max-f-score-weighted: 0.5827377438545227
test/horizon-mean-time-step: 25.59191131591797
test/loss: 4.51173734664917
test/loss_nhp: 4.51173734664917
test/mean-predicted-length: 36.410865783691406
test/mean-target-length: 28.429466247558594
test/next-item-accuracy: 0.5999869704246521
test/next-item-mae: 18.362834930419922
test/next-item-map: 0.46906566619873047
test/next-item-map-weighted: 0.6142542362213135
test/next-item-max-f-score: 0.5042713284492493
test/next-item-max-f-score-weighted: 0.6475257873535156
test/next-item-mean-time-step: 30.436145782470703
test/next-item-rmse: 32.03089904785156
test/next-k-label-distribution-delta: 24.544015884399414
test/optimal-transport-distance: 530.6969604492188
test/sequence-labels-entropy: 0.08124624937772751
test/target-sequence-labels-entropy: 0.4942055940628052
test/thinning_accepted: 46.45103073120117
val/T-mAP: 0.2906997501850128
val/T-mAP-weighted: 0.3669171929359436
val/horizon-max-f-score: 0.4714733362197876
val/horizon-max-f-score-weighted: 0.5875557661056519
val/horizon-mean-time-step: 25.887584686279297
val/loss: 4.546236515045166
val/loss_nhp: 4.546236515045166
val/mean-predicted-length: 35.38409423828125
val/mean-target-length: 28.2265567779541
val/next-item-accuracy: 0.6038622260093689
val/next-item-mae: 18.600418090820312
val/next-item-map: 0.4884258806705475
val/next-item-map-weighted: 0.6193572878837585
val/next-item-max-f-score: 0.5146380066871643
val/next-item-max-f-score-weighted: 0.6494643092155457
val/next-item-mean-time-step: 31.156007766723633
val/next-item-rmse: 32.2263069152832
val/next-k-label-distribution-delta: 24.633909225463867
val/optimal-transport-distance: 534.7308959960938
val/sequence-labels-entropy: 0.08452320098876953
val/target-sequence-labels-entropy: 0.48603740334510803
val/thinning_accepted: 46.099910736083984
