date: '2025-04-09 19:12:56'
test/T-mAP: 0.237076535820961
test/T-mAP-weighted: 0.30826589465141296
test/horizon-max-f-score: 0.4258898198604584
test/horizon-max-f-score-weighted: 0.5519170761108398
test/horizon-mean-time-step: 25.53951644897461
test/loss: 4.510869026184082
test/loss_nhp: 4.510869026184082
test/mean-predicted-length: 45.15169906616211
test/mean-target-length: 37.0555419921875
test/next-item-accuracy: 0.6004336476325989
test/next-item-mae: 18.346025466918945
test/next-item-map: 0.46905526518821716
test/next-item-map-weighted: 0.6142855286598206
test/next-item-max-f-score: 0.5043229460716248
test/next-item-max-f-score-weighted: 0.6474395990371704
test/next-item-mean-time-step: 30.432544708251953
test/next-item-rmse: 32.02252960205078
test/next-k-label-distribution-delta: 32.87546157836914
test/optimal-transport-distance: 706.9983520507812
test/sequence-labels-entropy: 0.06170138716697693
test/target-sequence-labels-entropy: 0.38401874899864197
test/thinning_accepted: 46.6148567199707
val/T-mAP: 0.2518576979637146
val/T-mAP-weighted: 0.3179830312728882
val/horizon-max-f-score: 0.446197509765625
val/horizon-max-f-score-weighted: 0.5575307607650757
val/horizon-mean-time-step: 25.75284767150879
val/loss: 4.545989513397217
val/loss_nhp: 4.545989513397217
val/mean-predicted-length: 43.849937438964844
val/mean-target-length: 36.76554489135742
val/next-item-accuracy: 0.6039839386940002
val/next-item-mae: 18.61034393310547
val/next-item-map: 0.48836255073547363
val/next-item-map-weighted: 0.6193403005599976
val/next-item-max-f-score: 0.5145238041877747
val/next-item-max-f-score-weighted: 0.6494655609130859
val/next-item-mean-time-step: 31.160215377807617
val/next-item-rmse: 32.224998474121094
val/next-k-label-distribution-delta: 33.157554626464844
val/optimal-transport-distance: 715.0374145507812
val/sequence-labels-entropy: 0.062033843249082565
val/target-sequence-labels-entropy: 0.3834032714366913
val/thinning_accepted: 46.07073211669922
