date: '2025-04-09 18:29:12'
test/T-mAP: 0.4612376391887665
test/T-mAP-weighted: 0.5928093194961548
test/horizon-max-f-score: 0.5731989741325378
test/horizon-max-f-score-weighted: 0.7388716340065002
test/horizon-mean-time-step: 19.743227005004883
test/loss: 4.5386762619018555
test/loss_nhp: 4.5386762619018555
test/mean-predicted-length: 16.59797477722168
test/mean-target-length: 21.358747482299805
test/next-item-accuracy: 0.5985445380210876
test/next-item-mae: 18.683300018310547
test/next-item-map: 0.45782729983329773
test/next-item-map-weighted: 0.60843425989151
test/next-item-max-f-score: 0.49331268668174744
test/next-item-max-f-score-weighted: 0.6448897123336792
test/next-item-mean-time-step: 30.48681640625
test/next-item-rmse: 32.0128173828125
test/next-k-label-distribution-delta: 8.001473426818848
test/optimal-transport-distance: 168.4981231689453
test/sequence-labels-entropy: 0.08947287499904633
test/target-sequence-labels-entropy: 0.48265188932418823
test/thinning_accepted: 46.420249938964844
val/T-mAP: 0.48745831847190857
val/T-mAP-weighted: 0.5978314280509949
val/horizon-max-f-score: 0.5998913645744324
val/horizon-max-f-score-weighted: 0.7414193153381348
val/horizon-mean-time-step: 20.392536163330078
val/loss: 4.57073450088501
val/loss_nhp: 4.57073450088501
val/mean-predicted-length: 15.961365699768066
val/mean-target-length: 20.682857513427734
val/next-item-accuracy: 0.6015875935554504
val/next-item-mae: 18.938064575195312
val/next-item-map: 0.47679877281188965
val/next-item-map-weighted: 0.6136682033538818
val/next-item-max-f-score: 0.5064440369606018
val/next-item-max-f-score-weighted: 0.647186815738678
val/next-item-mean-time-step: 31.21494483947754
val/next-item-rmse: 32.207115173339844
val/next-k-label-distribution-delta: 8.048011779785156
val/optimal-transport-distance: 170.29635620117188
val/sequence-labels-entropy: 0.0928734615445137
val/target-sequence-labels-entropy: 0.47569361329078674
val/thinning_accepted: 46.087825775146484
