date: '2025-04-09 18:42:51'
test/T-mAP: 0.3660426139831543
test/T-mAP-weighted: 0.4752926826477051
test/horizon-max-f-score: 0.52260422706604
test/horizon-max-f-score-weighted: 0.6710741519927979
test/horizon-mean-time-step: 26.788923263549805
test/loss: 4.536212921142578
test/loss_nhp: 4.536212921142578
test/mean-predicted-length: 24.484899520874023
test/mean-target-length: 26.180294036865234
test/next-item-accuracy: 0.5983026027679443
test/next-item-mae: 18.673309326171875
test/next-item-map: 0.4577930271625519
test/next-item-map-weighted: 0.6083990931510925
test/next-item-max-f-score: 0.4933721721172333
test/next-item-max-f-score-weighted: 0.6449837684631348
test/next-item-mean-time-step: 30.48016929626465
test/next-item-rmse: 31.997516632080078
test/next-k-label-distribution-delta: 16.18195343017578
test/optimal-transport-distance: 351.4776611328125
test/sequence-labels-entropy: 0.09049075096845627
test/target-sequence-labels-entropy: 0.49056607484817505
test/thinning_accepted: 46.39175796508789
val/T-mAP: 0.3784714639186859
val/T-mAP-weighted: 0.47451046109199524
val/horizon-max-f-score: 0.5447559952735901
val/horizon-max-f-score-weighted: 0.6737755537033081
val/horizon-mean-time-step: 27.028444290161133
val/loss: 4.570224285125732
val/loss_nhp: 4.570224285125732
val/mean-predicted-length: 23.9821834564209
val/mean-target-length: 25.761253356933594
val/next-item-accuracy: 0.6016343832015991
val/next-item-mae: 18.941865921020508
val/next-item-map: 0.47674599289894104
val/next-item-map-weighted: 0.6136935353279114
val/next-item-max-f-score: 0.5062131881713867
val/next-item-max-f-score-weighted: 0.6472106575965881
val/next-item-mean-time-step: 31.21034049987793
val/next-item-rmse: 32.2012825012207
val/next-k-label-distribution-delta: 16.258813858032227
val/optimal-transport-distance: 355.0476989746094
val/sequence-labels-entropy: 0.09579848498106003
val/target-sequence-labels-entropy: 0.4823807179927826
val/thinning_accepted: 45.98762130737305
