date: '2025-04-09 19:27:52'
test/T-mAP: 0.2768533527851105
test/T-mAP-weighted: 0.3614833354949951
test/horizon-max-f-score: 0.4536944329738617
test/horizon-max-f-score-weighted: 0.5798347592353821
test/horizon-mean-time-step: 30.894079208374023
test/loss: 4.535513877868652
test/loss_nhp: 4.535513877868652
test/mean-predicted-length: 37.60288619995117
test/mean-target-length: 37.0555419921875
test/next-item-accuracy: 0.5987399816513062
test/next-item-mae: 18.67524528503418
test/next-item-map: 0.457872599363327
test/next-item-map-weighted: 0.60841965675354
test/next-item-max-f-score: 0.49347689747810364
test/next-item-max-f-score-weighted: 0.6449822783470154
test/next-item-mean-time-step: 30.489501953125
test/next-item-rmse: 31.99196434020996
test/next-k-label-distribution-delta: 32.91607666015625
test/optimal-transport-distance: 737.4725341796875
test/sequence-labels-entropy: 0.06605429947376251
test/target-sequence-labels-entropy: 0.38401874899864197
test/thinning_accepted: 46.56983184814453
val/T-mAP: 0.2816331684589386
val/T-mAP-weighted: 0.36232292652130127
val/horizon-max-f-score: 0.4675476551055908
val/horizon-max-f-score-weighted: 0.5819184184074402
val/horizon-mean-time-step: 31.065692901611328
val/loss: 4.570946216583252
val/loss_nhp: 4.570946216583252
val/mean-predicted-length: 37.01872634887695
val/mean-target-length: 36.76554489135742
val/next-item-accuracy: 0.601503312587738
val/next-item-mae: 18.937049865722656
val/next-item-map: 0.4766356945037842
val/next-item-map-weighted: 0.6136119961738586
val/next-item-max-f-score: 0.5061963200569153
val/next-item-max-f-score-weighted: 0.6470893025398254
val/next-item-mean-time-step: 31.215343475341797
val/next-item-rmse: 32.19609069824219
val/next-k-label-distribution-delta: 33.24045181274414
val/optimal-transport-distance: 747.360107421875
val/sequence-labels-entropy: 0.07080822438001633
val/target-sequence-labels-entropy: 0.3834032714366913
val/thinning_accepted: 45.862953186035156
