date: '2025-04-09 19:02:43'
test/T-mAP: 0.3158372938632965
test/T-mAP-weighted: 0.4126439392566681
test/horizon-max-f-score: 0.4845179617404938
test/horizon-max-f-score-weighted: 0.6212362051010132
test/horizon-mean-time-step: 29.573759078979492
test/loss: 4.536771774291992
test/loss_nhp: 4.536771774291992
test/mean-predicted-length: 30.373111724853516
test/mean-target-length: 28.429466247558594
test/next-item-accuracy: 0.5983584523200989
test/next-item-mae: 18.68919563293457
test/next-item-map: 0.45799723267555237
test/next-item-map-weighted: 0.6084546446800232
test/next-item-max-f-score: 0.49348005652427673
test/next-item-max-f-score-weighted: 0.6449129581451416
test/next-item-mean-time-step: 30.493507385253906
test/next-item-rmse: 32.01057434082031
test/next-k-label-distribution-delta: 24.52928352355957
test/optimal-transport-distance: 548.0017700195312
test/sequence-labels-entropy: 0.09035026282072067
test/target-sequence-labels-entropy: 0.4942055940628052
test/thinning_accepted: 46.39125061035156
val/T-mAP: 0.3243802487850189
val/T-mAP-weighted: 0.4145868718624115
val/horizon-max-f-score: 0.5015596747398376
val/horizon-max-f-score-weighted: 0.6240988373756409
val/horizon-mean-time-step: 29.726417541503906
val/loss: 4.570977687835693
val/loss_nhp: 4.570977687835693
val/mean-predicted-length: 29.920291900634766
val/mean-target-length: 28.2265567779541
val/next-item-accuracy: 0.6015126705169678
val/next-item-mae: 18.938201904296875
val/next-item-map: 0.4767738878726959
val/next-item-map-weighted: 0.613651692867279
val/next-item-max-f-score: 0.50628662109375
val/next-item-max-f-score-weighted: 0.6471606492996216
val/next-item-mean-time-step: 31.215347290039062
val/next-item-rmse: 32.20222473144531
val/next-k-label-distribution-delta: 24.672168731689453
val/optimal-transport-distance: 553.182373046875
val/sequence-labels-entropy: 0.09547454863786697
val/target-sequence-labels-entropy: 0.48603740334510803
val/thinning_accepted: 45.982608795166016
