date: '2025-04-09 19:06:07'
test/T-mAP: 0.2682383060455322
test/T-mAP-weighted: 0.34479495882987976
test/horizon-max-f-score: 0.4589567184448242
test/horizon-max-f-score-weighted: 0.5968716144561768
test/horizon-mean-time-step: 29.39769172668457
test/loss: 4.550882339477539
test/loss_labels: 0.7699848413467407
test/loss_timestamps: 3.7808966636657715
test/mean-predicted-length: 35.914852142333984
test/mean-target-length: 37.0555419921875
test/next-item-accuracy: 0.6004429459571838
test/next-item-mae: 18.618288040161133
test/next-item-map: 0.46837326884269714
test/next-item-map-weighted: 0.6143800020217896
test/next-item-max-f-score: 0.503625214099884
test/next-item-max-f-score-weighted: 0.6474644541740417
test/next-item-mean-time-step: 30.370380401611328
test/next-item-rmse: 32.058597564697266
test/next-k-label-distribution-delta: 32.597015380859375
test/optimal-transport-distance: 748.2855834960938
test/sequence-labels-entropy: 0.06855883449316025
test/target-sequence-labels-entropy: 0.38401874899864197
test/timestamps-bias-mean: -2.713432788848877
test/timestamps-current_influence: -0.002926827175542712
val/T-mAP: 0.28546643257141113
val/T-mAP-weighted: 0.3506203293800354
val/horizon-max-f-score: 0.47899580001831055
val/horizon-max-f-score-weighted: 0.6001269817352295
val/horizon-mean-time-step: 29.53428840637207
val/loss: 4.5823235511779785
val/loss_labels: 0.7666494846343994
val/loss_timestamps: 3.815673828125
val/mean-predicted-length: 35.281646728515625
val/mean-target-length: 36.76554489135742
val/next-item-accuracy: 0.6034316420555115
val/next-item-mae: 18.867660522460938
val/next-item-map: 0.4885980188846588
val/next-item-map-weighted: 0.6190781593322754
val/next-item-max-f-score: 0.5154485106468201
val/next-item-max-f-score-weighted: 0.6494941115379333
val/next-item-mean-time-step: 31.09476089477539
val/next-item-rmse: 32.2591667175293
val/next-k-label-distribution-delta: 32.76454544067383
val/optimal-transport-distance: 753.241455078125
val/sequence-labels-entropy: 0.07169699668884277
val/target-sequence-labels-entropy: 0.3834032714366913
val/timestamps-bias-mean: -2.743361473083496
val/timestamps-current_influence: -0.002926827175542712
