date: '2025-04-09 18:45:32'
test/T-mAP: 0.31185564398765564
test/T-mAP-weighted: 0.40544477105140686
test/horizon-max-f-score: 0.48600995540618896
test/horizon-max-f-score-weighted: 0.6331085562705994
test/horizon-mean-time-step: 28.812728881835938
test/loss: 4.551009178161621
test/loss_labels: 0.7699848413467407
test/loss_timestamps: 3.781024217605591
test/mean-predicted-length: 28.866666793823242
test/mean-target-length: 28.429466247558594
test/next-item-accuracy: 0.6004429459571838
test/next-item-mae: 18.622169494628906
test/next-item-map: 0.46837326884269714
test/next-item-map-weighted: 0.6143800020217896
test/next-item-max-f-score: 0.503625214099884
test/next-item-max-f-score-weighted: 0.6474644541740417
test/next-item-mean-time-step: 30.372638702392578
test/next-item-rmse: 32.06111526489258
test/next-k-label-distribution-delta: 24.310867309570312
test/optimal-transport-distance: 553.753662109375
test/sequence-labels-entropy: 0.09424898773431778
test/target-sequence-labels-entropy: 0.4942055940628052
test/timestamps-bias-mean: -2.713432788848877
test/timestamps-current_influence: -0.002926827175542712
val/T-mAP: 0.3345675766468048
val/T-mAP-weighted: 0.4130972921848297
val/horizon-max-f-score: 0.5079197883605957
val/horizon-max-f-score-weighted: 0.636127233505249
val/horizon-mean-time-step: 28.93903160095215
val/loss: 4.5820159912109375
val/loss_labels: 0.7666494846343994
val/loss_timestamps: 3.8153669834136963
val/mean-predicted-length: 28.352025985717773
val/mean-target-length: 28.2265567779541
val/next-item-accuracy: 0.6034316420555115
val/next-item-mae: 18.85509490966797
val/next-item-map: 0.4885980188846588
val/next-item-map-weighted: 0.6190781593322754
val/next-item-max-f-score: 0.5154485106468201
val/next-item-max-f-score-weighted: 0.6494941115379333
val/next-item-mean-time-step: 31.094799041748047
val/next-item-rmse: 32.24702835083008
val/next-k-label-distribution-delta: 24.367216110229492
val/optimal-transport-distance: 556.56884765625
val/sequence-labels-entropy: 0.09357316792011261
val/target-sequence-labels-entropy: 0.48603740334510803
val/timestamps-bias-mean: -2.743361473083496
val/timestamps-current_influence: -0.002926827175542712
