date: '2025-04-09 18:23:10'
test/T-mAP: 0.4555799961090088
test/T-mAP-weighted: 0.5940385460853577
test/horizon-max-f-score: 0.5711908936500549
test/horizon-max-f-score-weighted: 0.7458776235580444
test/horizon-mean-time-step: 20.416996002197266
test/loss: 4.551260471343994
test/loss_labels: 0.7699848413467407
test/loss_timestamps: 3.781275987625122
test/mean-predicted-length: 15.815653800964355
test/mean-target-length: 21.358747482299805
test/next-item-accuracy: 0.6004429459571838
test/next-item-mae: 18.605262756347656
test/next-item-map: 0.46837326884269714
test/next-item-map-weighted: 0.6143800020217896
test/next-item-max-f-score: 0.503625214099884
test/next-item-max-f-score-weighted: 0.6474644541740417
test/next-item-mean-time-step: 30.36164665222168
test/next-item-rmse: 32.051395416259766
test/next-k-label-distribution-delta: 7.884714603424072
test/optimal-transport-distance: 168.333740234375
test/sequence-labels-entropy: 0.09353438019752502
test/target-sequence-labels-entropy: 0.48265188932418823
test/timestamps-bias-mean: -2.713432788848877
test/timestamps-current_influence: -0.002926827175542712
val/T-mAP: 0.48971500992774963
val/T-mAP-weighted: 0.6003891825675964
val/horizon-max-f-score: 0.6014404892921448
val/horizon-max-f-score-weighted: 0.7462095618247986
val/horizon-mean-time-step: 20.976551055908203
val/loss: 4.582260608673096
val/loss_labels: 0.7666494846343994
val/loss_timestamps: 3.815610647201538
val/mean-predicted-length: 15.284883499145508
val/mean-target-length: 20.682857513427734
val/next-item-accuracy: 0.6034316420555115
val/next-item-mae: 18.87689208984375
val/next-item-map: 0.4885980188846588
val/next-item-map-weighted: 0.6190781593322754
val/next-item-max-f-score: 0.5154485106468201
val/next-item-max-f-score-weighted: 0.6494941115379333
val/next-item-mean-time-step: 31.09282684326172
val/next-item-rmse: 32.26409912109375
val/next-k-label-distribution-delta: 7.90285062789917
val/optimal-transport-distance: 169.39036560058594
val/sequence-labels-entropy: 0.09325552731752396
val/target-sequence-labels-entropy: 0.47569361329078674
val/timestamps-bias-mean: -2.743361473083496
val/timestamps-current_influence: -0.002926827175542712
