date: '2025-04-09 18:31:02'
test/T-mAP: 0.36792775988578796
test/T-mAP-weighted: 0.4789343774318695
test/horizon-max-f-score: 0.5241178274154663
test/horizon-max-f-score-weighted: 0.6835642457008362
test/horizon-mean-time-step: 26.77741241455078
test/loss: 4.551158905029297
test/loss_labels: 0.7699848413467407
test/loss_timestamps: 3.7811734676361084
test/mean-predicted-length: 23.007551193237305
test/mean-target-length: 26.180294036865234
test/next-item-accuracy: 0.6004429459571838
test/next-item-mae: 18.6284122467041
test/next-item-map: 0.46837326884269714
test/next-item-map-weighted: 0.6143800020217896
test/next-item-max-f-score: 0.503625214099884
test/next-item-max-f-score-weighted: 0.6474644541740417
test/next-item-mean-time-step: 30.368940353393555
test/next-item-rmse: 32.07577133178711
test/next-k-label-distribution-delta: 16.00699806213379
test/optimal-transport-distance: 353.3898010253906
test/sequence-labels-entropy: 0.09396489709615707
test/target-sequence-labels-entropy: 0.49056607484817505
test/timestamps-bias-mean: -2.713432788848877
test/timestamps-current_influence: -0.002926827175542712
val/T-mAP: 0.3918515145778656
val/T-mAP-weighted: 0.48410502076148987
val/horizon-max-f-score: 0.5476198792457581
val/horizon-max-f-score-weighted: 0.6848098635673523
val/horizon-mean-time-step: 27.003555297851562
val/loss: 4.582319736480713
val/loss_labels: 0.7666494846343994
val/loss_timestamps: 3.8156704902648926
val/mean-predicted-length: 22.474306106567383
val/mean-target-length: 25.761253356933594
val/next-item-accuracy: 0.6034316420555115
val/next-item-mae: 18.87105941772461
val/next-item-map: 0.4885980188846588
val/next-item-map-weighted: 0.6190781593322754
val/next-item-max-f-score: 0.5154485106468201
val/next-item-max-f-score-weighted: 0.6494941115379333
val/next-item-mean-time-step: 31.09751319885254
val/next-item-rmse: 32.25800323486328
val/next-k-label-distribution-delta: 16.035259246826172
val/optimal-transport-distance: 355.779296875
val/sequence-labels-entropy: 0.09484509378671646
val/target-sequence-labels-entropy: 0.4823807179927826
val/timestamps-bias-mean: -2.743361473083496
val/timestamps-current_influence: -0.002926827175542712
