date: '2024-09-28 21:34:53'
test/T-mAP: 0.012115467339754105
test/T-mAP-micro: 0.1786881685256958
test/horizon-mean-time-step: 0.9254665970802307
test/loss: 3.672548532485962
test/loss_nhp: 3.672548532485962
test/mean-predicted-length: 7.109375476837158
test/mean-target-length: 9.136935234069824
test/next-item-accuracy: 0.30637961626052856
test/next-item-mae: 0.7354127168655396
test/next-item-map: 0.009695926681160927
test/next-item-map-micro: 0.1642550677061081
test/next-item-mean-time-step: 0.8578624725341797
test/next-item-rmse: 1.102428674697876
test/next-k-label-distribution-delta: 6.8740105628967285
test/optimal-transport-distance: 7.470094680786133
test/sequence-labels-entropy: 0.04627126082777977
test/thinning_accepted: 49.97517395019531
val/T-mAP: 0.011801172979176044
val/T-mAP-micro: 0.1829497516155243
val/horizon-mean-time-step: 0.9261618256568909
val/loss: 3.6559479236602783
val/loss_nhp: 3.6559479236602783
val/mean-predicted-length: 7.103311538696289
val/mean-target-length: 9.149765014648438
val/next-item-accuracy: 0.3089568018913269
val/next-item-mae: 0.7354437112808228
val/next-item-map: 0.009362994693219662
val/next-item-map-micro: 0.167724609375
val/next-item-mean-time-step: 0.8582687377929688
val/next-item-rmse: 1.105233907699585
val/next-k-label-distribution-delta: 6.847367286682129
val/optimal-transport-distance: 7.451569080352783
val/sequence-labels-entropy: 0.046126045286655426
val/thinning_accepted: 49.942325592041016
