date: '2024-09-27 05:13:40'
test/T-mAP: 0.012344712391495705
test/T-mAP-micro: 0.1929440200328827
test/horizon-mean-time-step: 0.9159705638885498
test/loss: 3.672548532485962
test/loss_nhp: 3.672548532485962
test/mean-predicted-length: 7.12831449508667
test/mean-target-length: 9.136935234069824
test/next-item-accuracy: 0.009241772815585136
test/next-item-mae: 0.7354127168655396
test/next-item-map: 0.009440475143492222
test/next-item-map-micro: 0.16766496002674103
test/next-item-mean-time-step: 0.8578624725341797
test/next-item-rmse: 1.102428674697876
test/next-k-label-distribution-delta: 9.664167404174805
test/optimal-transport-distance: 9.871647834777832
test/sequence-labels-entropy: 4.193291187286377
test/thinning_accepted: 49.97517395019531
val/T-mAP: 0.012162789702415466
val/T-mAP-micro: 0.19627565145492554
val/horizon-mean-time-step: 0.9161716103553772
val/loss: 3.6559479236602783
val/loss_nhp: 3.6559479236602783
val/mean-predicted-length: 7.122886657714844
val/mean-target-length: 9.149765014648438
val/next-item-accuracy: 0.009277808479964733
val/next-item-mae: 0.7354437112808228
val/next-item-map: 0.00925753079354763
val/next-item-map-micro: 0.17117810249328613
val/next-item-mean-time-step: 0.8582687377929688
val/next-item-rmse: 1.105233907699585
val/next-k-label-distribution-delta: 9.67605972290039
val/optimal-transport-distance: 9.876744270324707
val/sequence-labels-entropy: 4.191686153411865
val/thinning_accepted: 49.942325592041016
