date: '2024-09-29 07:39:14'
test/T-mAP: 0.012660725973546505
test/T-mAP-micro: 0.18719691038131714
test/horizon-mean-time-step: 0.9256117343902588
test/loss: 3.672553300857544
test/loss_nhp: 3.672553300857544
test/mean-predicted-length: 7.107076644897461
test/mean-target-length: 9.136935234069824
test/next-item-accuracy: 0.3070421516895294
test/next-item-mae: 0.7353917956352234
test/next-item-map: 0.01031168270856142
test/next-item-map-micro: 0.17413754761219025
test/next-item-mean-time-step: 0.8578923344612122
test/next-item-rmse: 1.1023820638656616
test/next-k-label-distribution-delta: 6.920404434204102
test/optimal-transport-distance: 7.483460903167725
test/sequence-labels-entropy: 0.014313962310552597
test/thinning_accepted: 49.9512825012207
val/T-mAP: 0.012387482449412346
val/T-mAP-micro: 0.19033294916152954
val/horizon-mean-time-step: 0.9261196255683899
val/loss: 3.6556236743927
val/loss_nhp: 3.6556236743927
val/mean-predicted-length: 7.110414505004883
val/mean-target-length: 9.149765014648438
val/next-item-accuracy: 0.3098544776439667
val/next-item-mae: 0.7354591488838196
val/next-item-map: 0.009887820109724998
val/next-item-map-micro: 0.17752934992313385
val/next-item-mean-time-step: 0.8583145141601562
val/next-item-rmse: 1.105167031288147
val/next-k-label-distribution-delta: 6.894654273986816
val/optimal-transport-distance: 7.469013214111328
val/sequence-labels-entropy: 0.013556249439716339
val/thinning_accepted: 50.00908660888672
