date: '2024-09-28 11:29:40'
test/T-mAP: 0.012446190230548382
test/T-mAP-micro: 0.1842455267906189
test/horizon-mean-time-step: 0.9224538207054138
test/loss: 3.672548532485962
test/loss_nhp: 3.672548532485962
test/mean-predicted-length: 7.11543607711792
test/mean-target-length: 9.136935234069824
test/next-item-accuracy: 0.24649009108543396
test/next-item-mae: 0.7354127168655396
test/next-item-map: 0.010128432884812355
test/next-item-map-micro: 0.17013481259346008
test/next-item-mean-time-step: 0.8578624725341797
test/next-item-rmse: 1.102428674697876
test/next-k-label-distribution-delta: 6.040333271026611
test/optimal-transport-distance: 7.502597332000732
test/sequence-labels-entropy: 1.1236637830734253
test/thinning_accepted: 49.97517395019531
val/T-mAP: 0.012294620275497437
val/T-mAP-micro: 0.18802809715270996
val/horizon-mean-time-step: 0.9229917526245117
val/loss: 3.6559479236602783
val/loss_nhp: 3.6559479236602783
val/mean-predicted-length: 7.110114574432373
val/mean-target-length: 9.149765014648438
val/next-item-accuracy: 0.249171644449234
val/next-item-mae: 0.7354437112808228
val/next-item-map: 0.009674925357103348
val/next-item-map-micro: 0.1733340173959732
val/next-item-mean-time-step: 0.8582687377929688
val/next-item-rmse: 1.105233907699585
val/next-k-label-distribution-delta: 6.013405799865723
val/optimal-transport-distance: 7.490228176116943
val/sequence-labels-entropy: 1.1161516904830933
val/thinning_accepted: 49.942325592041016
