date: '2024-09-28 01:24:38'
test/T-mAP: 0.01263965293765068
test/T-mAP-micro: 0.18956536054611206
test/horizon-mean-time-step: 0.9144376516342163
test/loss: 3.672548532485962
test/loss_nhp: 3.672548532485962
test/mean-predicted-length: 7.133172988891602
test/mean-target-length: 9.136935234069824
test/next-item-accuracy: 0.14085273444652557
test/next-item-mae: 0.7354127168655396
test/next-item-map: 0.010318418964743614
test/next-item-map-micro: 0.17413777112960815
test/next-item-mean-time-step: 0.8578624725341797
test/next-item-rmse: 1.102428674697876
test/next-k-label-distribution-delta: 6.632167339324951
test/optimal-transport-distance: 8.30996322631836
test/sequence-labels-entropy: 2.4709484577178955
test/thinning_accepted: 49.97517395019531
val/T-mAP: 0.012520729564130306
val/T-mAP-micro: 0.1930672526359558
val/horizon-mean-time-step: 0.9147776961326599
val/loss: 3.6559479236602783
val/loss_nhp: 3.6559479236602783
val/mean-predicted-length: 7.1281890869140625
val/mean-target-length: 9.149765014648438
val/next-item-accuracy: 0.14269138872623444
val/next-item-mae: 0.7354437112808228
val/next-item-map: 0.00988689623773098
val/next-item-map-micro: 0.17753078043460846
val/next-item-mean-time-step: 0.8582687377929688
val/next-item-rmse: 1.105233907699585
val/next-k-label-distribution-delta: 6.604461669921875
val/optimal-transport-distance: 8.292851448059082
val/sequence-labels-entropy: 2.4624578952789307
val/thinning_accepted: 49.942325592041016
