date: '2024-09-27 15:19:11'
test/T-mAP: 0.012563051655888557
test/T-mAP-micro: 0.19096612930297852
test/horizon-mean-time-step: 0.9107677936553955
test/loss: 3.672548532485962
test/loss_nhp: 3.672548532485962
test/mean-predicted-length: 7.141793727874756
test/mean-target-length: 9.136935234069824
test/next-item-accuracy: 0.05348139628767967
test/next-item-mae: 0.7354127168655396
test/next-item-map: 0.009868170134723186
test/next-item-map-micro: 0.17130804061889648
test/next-item-mean-time-step: 0.8578624725341797
test/next-item-rmse: 1.102428674697876
test/next-k-label-distribution-delta: 8.390742301940918
test/optimal-transport-distance: 9.29841423034668
test/sequence-labels-entropy: 3.61440110206604
test/thinning_accepted: 49.97517395019531
val/T-mAP: 0.01217159628868103
val/T-mAP-micro: 0.1939849853515625
val/horizon-mean-time-step: 0.9108591079711914
val/loss: 3.6559479236602783
val/loss_nhp: 3.6559479236602783
val/mean-predicted-length: 7.13585901260376
val/mean-target-length: 9.149765014648438
val/next-item-accuracy: 0.054225411266088486
val/next-item-mae: 0.7354437112808228
val/next-item-map: 0.009600178338587284
val/next-item-map-micro: 0.1747138798236847
val/next-item-mean-time-step: 0.8582687377929688
val/next-item-rmse: 1.105233907699585
val/next-k-label-distribution-delta: 8.359289169311523
val/optimal-transport-distance: 9.284137725830078
val/sequence-labels-entropy: 3.6053736209869385
val/thinning_accepted: 49.942325592041016
