date: '2024-09-27 05:19:45'
test/T-mAP: 0.08921776711940765
test/T-mAP-micro: 0.5062595009803772
test/horizon-mean-time-step: 0.16898082196712494
test/loss: 6.169085502624512
test/loss__presence: 0.1996220052242279
test/loss_labels: 1.7173038721084595
test/loss_next_item_labels: 2.7583212852478027
test/loss_next_item_timestamps: 0.5697818398475647
test/loss_timestamps: 0.9240564107894897
test/match_cost_mean: -5.178713321685791
test/match_cost_std: 6.778800964355469
test/max_cost: 75.44265747070312
test/mean-predicted-length: 8.800031661987305
test/mean-target-length: 9.136935234069824
test/next-item-accuracy: 0.08601072430610657
test/next-item-mae: 0.6362063884735107
test/next-item-map: 0.04364535212516785
test/next-item-map-micro: 0.30596593022346497
test/next-item-mean-time-step: 0.829688310623169
test/next-item-rmse: 1.0344258546829224
test/next-k-label-distribution-delta: 7.610354900360107
test/optimal-transport-distance: 8.674497604370117
test/prediction_match_rate: 0.2772037088871002
test/sequence-labels-entropy: 3.464310646057129
test/target_match_rate: 1.0
val/T-mAP: 0.09106771647930145
val/T-mAP-micro: 0.5099257230758667
val/horizon-mean-time-step: 0.16915352642536163
val/loss: 6.129095077514648
val/loss__presence: 0.19906187057495117
val/loss_labels: 1.6977297067642212
val/loss_next_item_labels: 2.741569757461548
val/loss_next_item_timestamps: 0.5687270760536194
val/loss_timestamps: 0.922004759311676
val/match_cost_mean: -5.201428413391113
val/match_cost_std: 6.758764266967773
val/max_cost: 75.52635955810547
val/mean-predicted-length: 8.838963508605957
val/mean-target-length: 9.149765014648438
val/next-item-accuracy: 0.08659694343805313
val/next-item-mae: 0.6350067257881165
val/next-item-map: 0.04334540665149689
val/next-item-map-micro: 0.30910637974739075
val/next-item-mean-time-step: 0.830165684223175
val/next-item-rmse: 1.0361897945404053
val/next-k-label-distribution-delta: 7.582485675811768
val/optimal-transport-distance: 8.655383110046387
val/prediction_match_rate: 0.2778591811656952
val/sequence-labels-entropy: 3.44989275932312
val/target_match_rate: 1.0
