date: '2024-09-28 01:30:41'
test/T-mAP: 0.08818536251783371
test/T-mAP-micro: 0.5058450102806091
test/horizon-mean-time-step: 0.16898082196712494
test/loss: 6.3146443367004395
test/loss__presence: 0.1996220052242279
test/loss_labels: 1.7173038721084595
test/loss_next_item_labels: 2.9038808345794678
test/loss_next_item_timestamps: 0.5697818398475647
test/loss_timestamps: 0.9240564107894897
test/match_cost_mean: -5.178713321685791
test/match_cost_std: 6.778800964355469
test/max_cost: 75.44265747070312
test/mean-predicted-length: 8.800031661987305
test/mean-target-length: 9.136935234069824
test/next-item-accuracy: 0.33371996879577637
test/next-item-mae: 0.6362063884735107
test/next-item-map: 0.044787127524614334
test/next-item-map-micro: 0.3160909116268158
test/next-item-mean-time-step: 0.829688310623169
test/next-item-rmse: 1.0344258546829224
test/next-k-label-distribution-delta: 4.943026542663574
test/optimal-transport-distance: 6.925764560699463
test/prediction_match_rate: 0.2772037088871002
test/sequence-labels-entropy: 1.7099744081497192
test/target_match_rate: 1.0
val/T-mAP: 0.0972471833229065
val/T-mAP-micro: 0.510086178779602
val/horizon-mean-time-step: 0.16915352642536163
val/loss: 6.2674760818481445
val/loss__presence: 0.19906187057495117
val/loss_labels: 1.6977297067642212
val/loss_next_item_labels: 2.8799524307250977
val/loss_next_item_timestamps: 0.5687270760536194
val/loss_timestamps: 0.922004759311676
val/match_cost_mean: -5.201428413391113
val/match_cost_std: 6.758764266967773
val/max_cost: 75.52635955810547
val/mean-predicted-length: 8.838963508605957
val/mean-target-length: 9.149765014648438
val/next-item-accuracy: 0.33551475405693054
val/next-item-mae: 0.6350067257881165
val/next-item-map: 0.044416677206754684
val/next-item-map-micro: 0.3188008666038513
val/next-item-mean-time-step: 0.830165684223175
val/next-item-rmse: 1.0361897945404053
val/next-k-label-distribution-delta: 4.922933101654053
val/optimal-transport-distance: 6.916877746582031
val/prediction_match_rate: 0.2778591811656952
val/sequence-labels-entropy: 1.7084169387817383
val/target_match_rate: 1.0
