date: '2024-09-26 19:14:58'
test/T-mAP: 0.07854786515235901
test/T-mAP-micro: 0.4711157977581024
test/horizon-mean-time-step: 0.16898082196712494
test/loss: 7.9613471031188965
test/loss__presence: 0.1996220052242279
test/loss_labels: 1.7173038721084595
test/loss_next_item_labels: 4.550580978393555
test/loss_next_item_timestamps: 0.5697818398475647
test/loss_timestamps: 0.9240564107894897
test/match_cost_mean: -5.178713321685791
test/match_cost_std: 6.778800964355469
test/max_cost: 75.44265747070312
test/mean-predicted-length: 8.800031661987305
test/mean-target-length: 9.136935234069824
test/next-item-accuracy: 0.01069260947406292
test/next-item-mae: 0.6362063884735107
test/next-item-map: 0.03777402639389038
test/next-item-map-micro: 0.26540327072143555
test/next-item-mean-time-step: 0.829688310623169
test/next-item-rmse: 1.0344258546829224
test/next-k-label-distribution-delta: 9.660144805908203
test/optimal-transport-distance: 9.836928367614746
test/prediction_match_rate: 0.2772037088871002
test/sequence-labels-entropy: 4.284580230712891
test/target_match_rate: 1.0
val/T-mAP: 0.07630745321512222
val/T-mAP-micro: 0.4743845760822296
val/horizon-mean-time-step: 0.16915352642536163
val/loss: 7.932601451873779
val/loss__presence: 0.19906187057495117
val/loss_labels: 1.6977297067642212
val/loss_next_item_labels: 4.545078277587891
val/loss_next_item_timestamps: 0.5687270760536194
val/loss_timestamps: 0.922004759311676
val/match_cost_mean: -5.201428413391113
val/match_cost_std: 6.758764266967773
val/max_cost: 75.52635955810547
val/mean-predicted-length: 8.838963508605957
val/mean-target-length: 9.149765014648438
val/next-item-accuracy: 0.010833465494215488
val/next-item-mae: 0.6350067257881165
val/next-item-map: 0.03713275492191315
val/next-item-map-micro: 0.26929962635040283
val/next-item-mean-time-step: 0.830165684223175
val/next-item-rmse: 1.0361897945404053
val/next-k-label-distribution-delta: 9.66398811340332
val/optimal-transport-distance: 9.837079048156738
val/prediction_match_rate: 0.2778591811656952
val/sequence-labels-entropy: 4.2850341796875
val/target_match_rate: 1.0
