date: '2024-09-26 19:11:49'
test/T-mAP: 0.0735715702176094
test/T-mAP-micro: 0.4628325402736664
test/horizon-mean-time-step: 0.1596490442752838
test/loss: 2.8372061252593994
test/loss__presence: 0.199275404214859
test/loss_labels: 1.7137598991394043
test/loss_timestamps: 0.9241713881492615
test/match_cost_mean: -5.702128887176514
test/match_cost_std: 6.868160724639893
test/max_cost: 69.20391845703125
test/mean-predicted-length: 9.346830368041992
test/mean-target-length: 9.136935234069824
test/next-item-accuracy: 0.26247528195381165
test/next-item-mae: 0.6663840413093567
test/next-item-map: 0.03245575726032257
test/next-item-map-micro: 0.2672275900840759
test/next-item-mean-time-step: 0.8321608304977417
test/next-item-rmse: 1.0379765033721924
test/next-k-label-distribution-delta: 9.656487464904785
test/optimal-transport-distance: 9.83222770690918
test/prediction_match_rate: 0.2773750126361847
test/sequence-labels-entropy: 4.330206871032715
test/target_match_rate: 1.0
val/T-mAP: 0.07432536035776138
val/T-mAP-micro: 0.4651922881603241
val/horizon-mean-time-step: 0.1598927527666092
val/loss: 2.814756393432617
val/loss__presence: 0.1982814520597458
val/loss_labels: 1.6951979398727417
val/loss_timestamps: 0.9212769269943237
val/match_cost_mean: -5.748878002166748
val/match_cost_std: 6.846508979797363
val/max_cost: 69.3113021850586
val/mean-predicted-length: 9.390169143676758
val/mean-target-length: 9.149765014648438
val/next-item-accuracy: 0.26488587260246277
val/next-item-mae: 0.665197491645813
val/next-item-map: 0.03179195150732994
val/next-item-map-micro: 0.27169933915138245
val/next-item-mean-time-step: 0.8325006365776062
val/next-item-rmse: 1.0401190519332886
val/next-k-label-distribution-delta: 9.662854194641113
val/optimal-transport-distance: 9.835983276367188
val/prediction_match_rate: 0.2778084874153137
val/sequence-labels-entropy: 4.330147743225098
val/target_match_rate: 1.0
