date: '2024-09-28 21:37:57'
test/T-mAP: 0.09118155390024185
test/T-mAP-micro: 0.5101928114891052
test/horizon-mean-time-step: 0.1596490442752838
test/loss: 2.836974859237671
test/loss__presence: 0.19925662875175476
test/loss_labels: 1.7144930362701416
test/loss_timestamps: 0.923224925994873
test/match_cost_mean: -5.70672607421875
test/match_cost_std: 6.868338584899902
test/max_cost: 69.27169036865234
test/mean-predicted-length: 9.346830368041992
test/mean-target-length: 9.136935234069824
test/next-item-accuracy: 0.3527379631996155
test/next-item-mae: 0.6663840413093567
test/next-item-map: 0.038744084537029266
test/next-item-map-micro: 0.2943611443042755
test/next-item-mean-time-step: 0.8321608304977417
test/next-item-rmse: 1.0379765033721924
test/next-k-label-distribution-delta: 4.716177940368652
test/optimal-transport-distance: 6.700324535369873
test/prediction_match_rate: 0.2772980034351349
test/sequence-labels-entropy: 1.4838261604309082
test/target_match_rate: 1.0
val/T-mAP: 0.09276924282312393
val/T-mAP-micro: 0.512725830078125
val/horizon-mean-time-step: 0.1598927527666092
val/loss: 2.8146698474884033
val/loss__presence: 0.19847099483013153
val/loss_labels: 1.694584846496582
val/loss_timestamps: 0.9216136932373047
val/match_cost_mean: -5.741325855255127
val/match_cost_std: 6.851054668426514
val/max_cost: 69.28688049316406
val/mean-predicted-length: 9.390169143676758
val/mean-target-length: 9.149765014648438
val/next-item-accuracy: 0.3549163043498993
val/next-item-mae: 0.665197491645813
val/next-item-map: 0.03747577965259552
val/next-item-map-micro: 0.29756543040275574
val/next-item-mean-time-step: 0.8325006365776062
val/next-item-rmse: 1.0401190519332886
val/next-k-label-distribution-delta: 4.685163497924805
val/optimal-transport-distance: 6.681896686553955
val/prediction_match_rate: 0.27781158685684204
val/sequence-labels-entropy: 1.4814139604568481
val/target_match_rate: 1.0
