date: '2024-09-28 21:40:54'
test/T-mAP: 0.09107066690921783
test/T-mAP-micro: 0.5143128037452698
test/horizon-mean-time-step: 0.16898082196712494
test/loss: 5.671752452850342
test/loss__presence: 0.19992946088314056
test/loss_labels: 1.7171176671981812
test/loss_next_item_labels: 2.2608890533447266
test/loss_next_item_timestamps: 0.5698080062866211
test/loss_timestamps: 0.9240079522132874
test/match_cost_mean: -5.175848484039307
test/match_cost_std: 6.783624172210693
test/max_cost: 75.70535278320312
test/mean-predicted-length: 8.800031661987305
test/mean-target-length: 9.136935234069824
test/next-item-accuracy: 0.3823564350605011
test/next-item-mae: 0.6362063884735107
test/next-item-map: 0.04612980782985687
test/next-item-map-micro: 0.3233517110347748
test/next-item-mean-time-step: 0.829688310623169
test/next-item-rmse: 1.0344258546829224
test/next-k-label-distribution-delta: 4.716856956481934
test/optimal-transport-distance: 6.739892482757568
test/prediction_match_rate: 0.2774191200733185
test/sequence-labels-entropy: 1.4859117269515991
test/target_match_rate: 1.0
val/T-mAP: 0.09957773238420486
val/T-mAP-micro: 0.5183624029159546
val/horizon-mean-time-step: 0.16915352642536163
val/loss: 5.631129741668701
val/loss__presence: 0.19907060265541077
val/loss_labels: 1.6981745958328247
val/loss_next_item_labels: 2.243184804916382
val/loss_next_item_timestamps: 0.5686280727386475
val/loss_timestamps: 0.9220725893974304
val/match_cost_mean: -5.201526165008545
val/match_cost_std: 6.7594709396362305
val/max_cost: 75.61107635498047
val/mean-predicted-length: 8.838963508605957
val/mean-target-length: 9.149765014648438
val/next-item-accuracy: 0.38518500328063965
val/next-item-mae: 0.6350067257881165
val/next-item-map: 0.04576445743441582
val/next-item-map-micro: 0.3261522650718689
val/next-item-mean-time-step: 0.830165684223175
val/next-item-rmse: 1.0361897945404053
val/next-k-label-distribution-delta: 4.696835041046143
val/optimal-transport-distance: 6.7294158935546875
val/prediction_match_rate: 0.27782270312309265
val/sequence-labels-entropy: 1.4840667247772217
val/target_match_rate: 1.0
