date: '2024-09-28 11:35:43'
test/T-mAP: 0.08076930791139603
test/T-mAP-micro: 0.48073017597198486
test/horizon-mean-time-step: 0.16898082196712494
test/loss: 15.758055686950684
test/loss__presence: 0.1996220052242279
test/loss_labels: 1.7173038721084595
test/loss_next_item_labels: 12.347293853759766
test/loss_next_item_timestamps: 0.5697818398475647
test/loss_timestamps: 0.9240564107894897
test/match_cost_mean: -5.178713321685791
test/match_cost_std: 6.778800964355469
test/max_cost: 75.44265747070312
test/mean-predicted-length: 8.800031661987305
test/mean-target-length: 9.136935234069824
test/next-item-accuracy: 0.38066360354423523
test/next-item-mae: 0.6362063884735107
test/next-item-map: 0.04248638451099396
test/next-item-map-micro: 0.2943984866142273
test/next-item-mean-time-step: 0.829688310623169
test/next-item-rmse: 1.0344258546829224
test/next-k-label-distribution-delta: 4.72714900970459
test/optimal-transport-distance: 6.7478556632995605
test/prediction_match_rate: 0.2772037088871002
test/sequence-labels-entropy: 1.4946306943893433
test/target_match_rate: 1.0
val/T-mAP: 0.0832836925983429
val/T-mAP-micro: 0.4854050874710083
val/horizon-mean-time-step: 0.16915352642536163
val/loss: 15.629915237426758
val/loss__presence: 0.19906187057495117
val/loss_labels: 1.6977297067642212
val/loss_next_item_labels: 12.24239444732666
val/loss_next_item_timestamps: 0.5687270760536194
val/loss_timestamps: 0.922004759311676
val/match_cost_mean: -5.201428413391113
val/match_cost_std: 6.758764266967773
val/max_cost: 75.52635955810547
val/mean-predicted-length: 8.838963508605957
val/mean-target-length: 9.149765014648438
val/next-item-accuracy: 0.3833525776863098
val/next-item-mae: 0.6350067257881165
val/next-item-map: 0.04184645041823387
val/next-item-map-micro: 0.2962843179702759
val/next-item-mean-time-step: 0.830165684223175
val/next-item-rmse: 1.0361897945404053
val/next-k-label-distribution-delta: 4.710574626922607
val/optimal-transport-distance: 6.736653804779053
val/prediction_match_rate: 0.2778591811656952
val/sequence-labels-entropy: 1.4933754205703735
val/target_match_rate: 1.0
