date: '2024-09-27 15:25:14'
test/T-mAP: 0.09107066690921783
test/T-mAP-micro: 0.5143128037452698
test/horizon-mean-time-step: 0.16898082196712494
test/loss: 5.671652317047119
test/loss__presence: 0.1996220052242279
test/loss_labels: 1.7173038721084595
test/loss_next_item_labels: 2.2608890533447266
test/loss_next_item_timestamps: 0.5697818398475647
test/loss_timestamps: 0.9240564107894897
test/match_cost_mean: -5.178713321685791
test/match_cost_std: 6.778800964355469
test/max_cost: 75.44265747070312
test/mean-predicted-length: 8.800031661987305
test/mean-target-length: 9.136935234069824
test/next-item-accuracy: 0.22463233768939972
test/next-item-mae: 0.6362063884735107
test/next-item-map: 0.04612980782985687
test/next-item-map-micro: 0.3233517110347748
test/next-item-mean-time-step: 0.829688310623169
test/next-item-rmse: 1.0344258546829224
test/next-k-label-distribution-delta: 5.676706314086914
test/optimal-transport-distance: 7.456893444061279
test/prediction_match_rate: 0.2772037088871002
test/sequence-labels-entropy: 2.288146734237671
test/target_match_rate: 1.0
val/T-mAP: 0.09957773238420486
val/T-mAP-micro: 0.5183624029159546
val/horizon-mean-time-step: 0.16915352642536163
val/loss: 5.630707740783691
val/loss__presence: 0.19906187057495117
val/loss_labels: 1.6977297067642212
val/loss_next_item_labels: 2.243184804916382
val/loss_next_item_timestamps: 0.5687270760536194
val/loss_timestamps: 0.922004759311676
val/match_cost_mean: -5.201428413391113
val/match_cost_std: 6.758764266967773
val/max_cost: 75.52635955810547
val/mean-predicted-length: 8.838963508605957
val/mean-target-length: 9.149765014648438
val/next-item-accuracy: 0.22669784724712372
val/next-item-mae: 0.6350067257881165
val/next-item-map: 0.04576445743441582
val/next-item-map-micro: 0.3261522650718689
val/next-item-mean-time-step: 0.830165684223175
val/next-item-rmse: 1.0361897945404053
val/next-k-label-distribution-delta: 5.655517578125
val/optimal-transport-distance: 7.446280002593994
val/prediction_match_rate: 0.2778591811656952
val/sequence-labels-entropy: 2.2760367393493652
val/target_match_rate: 1.0
