date: '2024-09-28 11:32:45'
test/T-mAP: 0.08493731170892715
test/T-mAP-micro: 0.48397308588027954
test/horizon-mean-time-step: 0.1596490442752838
test/loss: 2.8372061252593994
test/loss__presence: 0.199275404214859
test/loss_labels: 1.7137598991394043
test/loss_timestamps: 0.9241713881492615
test/match_cost_mean: -5.702128887176514
test/match_cost_std: 6.868160724639893
test/max_cost: 69.20391845703125
test/mean-predicted-length: 9.346830368041992
test/mean-target-length: 9.136935234069824
test/next-item-accuracy: 0.3217768371105194
test/next-item-mae: 0.6663840413093567
test/next-item-map: 0.03426344692707062
test/next-item-map-micro: 0.2708578109741211
test/next-item-mean-time-step: 0.8321608304977417
test/next-item-rmse: 1.0379765033721924
test/next-k-label-distribution-delta: 4.725372791290283
test/optimal-transport-distance: 6.708062648773193
test/prediction_match_rate: 0.2773750126361847
test/sequence-labels-entropy: 1.492964506149292
test/target_match_rate: 1.0
val/T-mAP: 0.08156105875968933
val/T-mAP-micro: 0.4867238998413086
val/horizon-mean-time-step: 0.1598927527666092
val/loss: 2.814756393432617
val/loss__presence: 0.1982814520597458
val/loss_labels: 1.6951979398727417
val/loss_timestamps: 0.9212769269943237
val/match_cost_mean: -5.748878002166748
val/match_cost_std: 6.846508979797363
val/max_cost: 69.3113021850586
val/mean-predicted-length: 9.390169143676758
val/mean-target-length: 9.149765014648438
val/next-item-accuracy: 0.32441967725753784
val/next-item-mae: 0.665197491645813
val/next-item-map: 0.03259982541203499
val/next-item-map-micro: 0.27404606342315674
val/next-item-mean-time-step: 0.8325006365776062
val/next-item-rmse: 1.0401190519332886
val/next-k-label-distribution-delta: 4.692033290863037
val/optimal-transport-distance: 6.6885223388671875
val/prediction_match_rate: 0.2778084874153137
val/sequence-labels-entropy: 1.4902377128601074
val/target_match_rate: 1.0
