date: '2024-09-28 01:27:44'
test/T-mAP: 0.08994004875421524
test/T-mAP-micro: 0.5047094225883484
test/horizon-mean-time-step: 0.1596490442752838
test/loss: 2.8372061252593994
test/loss__presence: 0.199275404214859
test/loss_labels: 1.7137598991394043
test/loss_timestamps: 0.9241713881492615
test/match_cost_mean: -5.702128887176514
test/match_cost_std: 6.868160724639893
test/max_cost: 69.20391845703125
test/mean-predicted-length: 9.346830368041992
test/mean-target-length: 9.136935234069824
test/next-item-accuracy: 0.34100204706192017
test/next-item-mae: 0.6663840413093567
test/next-item-map: 0.03778386116027832
test/next-item-map-micro: 0.28883060812950134
test/next-item-mean-time-step: 0.8321608304977417
test/next-item-rmse: 1.0379765033721924
test/next-k-label-distribution-delta: 4.995062828063965
test/optimal-transport-distance: 6.924500942230225
test/prediction_match_rate: 0.2773750126361847
test/sequence-labels-entropy: 1.7160284519195557
test/target_match_rate: 1.0
val/T-mAP: 0.08935315907001495
val/T-mAP-micro: 0.5073700547218323
val/horizon-mean-time-step: 0.1598927527666092
val/loss: 2.814756393432617
val/loss__presence: 0.1982814520597458
val/loss_labels: 1.6951979398727417
val/loss_timestamps: 0.9212769269943237
val/match_cost_mean: -5.748878002166748
val/match_cost_std: 6.846508979797363
val/max_cost: 69.3113021850586
val/mean-predicted-length: 9.390169143676758
val/mean-target-length: 9.149765014648438
val/next-item-accuracy: 0.343315988779068
val/next-item-mae: 0.665197491645813
val/next-item-map: 0.03635282814502716
val/next-item-map-micro: 0.29198628664016724
val/next-item-mean-time-step: 0.8325006365776062
val/next-item-rmse: 1.0401190519332886
val/next-k-label-distribution-delta: 4.947743892669678
val/optimal-transport-distance: 6.895838260650635
val/prediction_match_rate: 0.2778084874153137
val/sequence-labels-entropy: 1.7099823951721191
val/target_match_rate: 1.0
