date: '2025-02-10 21:14:26'
test/T-mAP: 0.06308613717556
test/T-mAP-weighted: 0.404439240694046
test/horizon-max-f-score: 0.10493232309818268
test/horizon-max-f-score-weighted: 0.42465680837631226
test/horizon-mean-time-step: 0.6482267379760742
test/loss: 3.175365447998047
test/loss_decoder_labels: 2.4124395847320557
test/loss_decoder_timestamps: 0.6171044111251831
test/loss_diffusion: 0.14582297205924988
test/loss_embedder_regularizer: 1.1373740220043532e-13
test/mean-predicted-length: 10.551918983459473
test/mean-target-length: 9.136935234069824
test/next-item-accuracy: 0.3452785015106201
test/next-item-mae: 0.6529003381729126
test/next-item-map: 0.03358340263366699
test/next-item-map-weighted: 0.27116525173187256
test/next-item-max-f-score: 0.06864600628614426
test/next-item-max-f-score-weighted: 0.3260602653026581
test/next-item-mean-time-step: 0.8408850431442261
test/next-item-rmse: 1.0489380359649658
test/next-k-label-distribution-delta: 5.226300239562988
test/optimal-transport-distance: 6.836475372314453
test/sequence-labels-entropy: 0.9613504409790039
val/T-mAP: 0.06466207653284073
val/T-mAP-weighted: 0.40698304772377014
val/horizon-max-f-score: 0.10540682077407837
val/horizon-max-f-score-weighted: 0.4268571734428406
val/horizon-mean-time-step: 0.6485468149185181
val/loss: 3.1552162170410156
val/loss_decoder_labels: 2.393202781677246
val/loss_decoder_timestamps: 0.6162580847740173
val/loss_diffusion: 0.1457553654909134
val/loss_embedder_regularizer: 1.1386048625206674e-13
val/mean-predicted-length: 10.54843807220459
val/mean-target-length: 9.149765014648438
val/next-item-accuracy: 0.34799858927726746
val/next-item-mae: 0.6517214179039001
val/next-item-map: 0.03311260789632797
val/next-item-map-weighted: 0.2741117775440216
val/next-item-max-f-score: 0.06591314822435379
val/next-item-max-f-score-weighted: 0.3288925886154175
val/next-item-mean-time-step: 0.8412068486213684
val/next-item-rmse: 1.050734281539917
val/next-k-label-distribution-delta: 5.206589698791504
val/optimal-transport-distance: 6.820279598236084
val/sequence-labels-entropy: 0.9542210102081299
