date: '2025-02-10 19:19:48'
test/T-mAP: 0.0628783330321312
test/T-mAP-weighted: 0.4050670266151428
test/horizon-max-f-score: 0.10622146725654602
test/horizon-max-f-score-weighted: 0.4248814284801483
test/horizon-mean-time-step: 0.648257851600647
test/loss: 3.175487518310547
test/loss_decoder_labels: 2.4125030040740967
test/loss_decoder_timestamps: 0.6171591281890869
test/loss_diffusion: 0.1458263099193573
test/loss_embedder_regularizer: 1.137369143094577e-13
test/mean-predicted-length: 10.547477722167969
test/mean-target-length: 9.136935234069824
test/next-item-accuracy: 0.21772988140583038
test/next-item-mae: 0.6528962850570679
test/next-item-map: 0.03387686237692833
test/next-item-map-weighted: 0.27123716473579407
test/next-item-max-f-score: 0.0691230371594429
test/next-item-max-f-score-weighted: 0.3261112570762634
test/next-item-mean-time-step: 0.8408940434455872
test/next-item-rmse: 1.0489916801452637
test/next-k-label-distribution-delta: 5.781980514526367
test/optimal-transport-distance: 7.542272090911865
test/sequence-labels-entropy: 2.3208489418029785
val/T-mAP: 0.06409546732902527
val/T-mAP-weighted: 0.40606752038002014
val/horizon-max-f-score: 0.10467503219842911
val/horizon-max-f-score-weighted: 0.4270693361759186
val/horizon-mean-time-step: 0.6479913592338562
val/loss: 3.155214786529541
val/loss_decoder_labels: 2.3931875228881836
val/loss_decoder_timestamps: 0.6162731051445007
val/loss_diffusion: 0.1457522213459015
val/loss_embedder_regularizer: 1.1385942915494857e-13
val/mean-predicted-length: 10.5562744140625
val/mean-target-length: 9.149765014648438
val/next-item-accuracy: 0.2199050933122635
val/next-item-mae: 0.6519337296485901
val/next-item-map: 0.033113595098257065
val/next-item-map-weighted: 0.2739376723766327
val/next-item-max-f-score: 0.06529667973518372
val/next-item-max-f-score-weighted: 0.328512579202652
val/next-item-mean-time-step: 0.8412209749221802
val/next-item-rmse: 1.0507224798202515
val/next-k-label-distribution-delta: 5.764097690582275
val/optimal-transport-distance: 7.527852535247803
val/sequence-labels-entropy: 2.308124303817749
