date: '2025-02-10 18:41:44'
test/T-mAP: 0.05687904730439186
test/T-mAP-weighted: 0.3897309899330139
test/horizon-max-f-score: 0.09763205796480179
test/horizon-max-f-score-weighted: 0.4116879403591156
test/horizon-mean-time-step: 0.648257851600647
test/loss: 3.175487518310547
test/loss_decoder_labels: 2.4125030040740967
test/loss_decoder_timestamps: 0.6171591281890869
test/loss_diffusion: 0.1458263099193573
test/loss_embedder_regularizer: 1.137369143094577e-13
test/mean-predicted-length: 10.547477722167969
test/mean-target-length: 9.136935234069824
test/next-item-accuracy: 0.08579625189304352
test/next-item-mae: 0.6528962850570679
test/next-item-map: 0.03395020589232445
test/next-item-map-weighted: 0.2600581645965576
test/next-item-max-f-score: 0.06995148211717606
test/next-item-max-f-score-weighted: 0.31924474239349365
test/next-item-mean-time-step: 0.8408940434455872
test/next-item-rmse: 1.0489916801452637
test/next-k-label-distribution-delta: 7.8600873947143555
test/optimal-transport-distance: 8.860729217529297
test/sequence-labels-entropy: 3.6334290504455566
val/T-mAP: 0.05737133324146271
val/T-mAP-weighted: 0.39087000489234924
val/horizon-max-f-score: 0.0974348783493042
val/horizon-max-f-score-weighted: 0.41359585523605347
val/horizon-mean-time-step: 0.6479913592338562
val/loss: 3.155214786529541
val/loss_decoder_labels: 2.3931875228881836
val/loss_decoder_timestamps: 0.6162731051445007
val/loss_diffusion: 0.1457522213459015
val/loss_embedder_regularizer: 1.1385942915494857e-13
val/mean-predicted-length: 10.5562744140625
val/mean-target-length: 9.149765014648438
val/next-item-accuracy: 0.0867975652217865
val/next-item-mae: 0.6519337296485901
val/next-item-map: 0.0335208997130394
val/next-item-map-weighted: 0.2630649209022522
val/next-item-max-f-score: 0.06723067909479141
val/next-item-max-f-score-weighted: 0.3218522369861603
val/next-item-mean-time-step: 0.8412209749221802
val/next-item-rmse: 1.0507224798202515
val/next-k-label-distribution-delta: 7.844732761383057
val/optimal-transport-distance: 8.848904609680176
val/sequence-labels-entropy: 3.6260263919830322
