date: '2025-02-10 20:36:27'
test/T-mAP: 0.06298024952411652
test/T-mAP-weighted: 0.3738420009613037
test/horizon-max-f-score: 0.10637185722589493
test/horizon-max-f-score-weighted: 0.42157232761383057
test/horizon-mean-time-step: 0.648257851600647
test/loss: 3.175487518310547
test/loss_decoder_labels: 2.4125030040740967
test/loss_decoder_timestamps: 0.6171591281890869
test/loss_diffusion: 0.1458263099193573
test/loss_embedder_regularizer: 1.137369143094577e-13
test/mean-predicted-length: 10.547477722167969
test/mean-target-length: 9.136935234069824
test/next-item-accuracy: 0.3436189293861389
test/next-item-mae: 0.6528962850570679
test/next-item-map: 0.02932094968855381
test/next-item-map-weighted: 0.24936799705028534
test/next-item-max-f-score: 0.06192058324813843
test/next-item-max-f-score-weighted: 0.3153352737426758
test/next-item-mean-time-step: 0.8408940434455872
test/next-item-rmse: 1.0489916801452637
test/next-k-label-distribution-delta: 5.2050886154174805
test/optimal-transport-distance: 6.835945129394531
test/sequence-labels-entropy: 0.9809850454330444
val/T-mAP: 0.062417834997177124
val/T-mAP-weighted: 0.3750244975090027
val/horizon-max-f-score: 0.10482845455408096
val/horizon-max-f-score-weighted: 0.4250372350215912
val/horizon-mean-time-step: 0.6479913592338562
val/loss: 3.155214786529541
val/loss_decoder_labels: 2.3931875228881836
val/loss_decoder_timestamps: 0.6162731051445007
val/loss_diffusion: 0.1457522213459015
val/loss_embedder_regularizer: 1.1385942915494857e-13
val/mean-predicted-length: 10.5562744140625
val/mean-target-length: 9.149765014648438
val/next-item-accuracy: 0.34580934047698975
val/next-item-mae: 0.6519337296485901
val/next-item-map: 0.028308182954788208
val/next-item-map-weighted: 0.251038521528244
val/next-item-max-f-score: 0.058032114058732986
val/next-item-max-f-score-weighted: 0.31757229566574097
val/next-item-mean-time-step: 0.8412209749221802
val/next-item-rmse: 1.0507224798202515
val/next-k-label-distribution-delta: 5.188181400299072
val/optimal-transport-distance: 6.820388317108154
val/sequence-labels-entropy: 0.9758797287940979
