date: '2025-02-10 18:03:55'
test/T-mAP: 0.05113484337925911
test/T-mAP-weighted: 0.36975786089897156
test/horizon-max-f-score: 0.09104903042316437
test/horizon-max-f-score-weighted: 0.39716169238090515
test/horizon-mean-time-step: 0.648257851600647
test/loss: 3.175487518310547
test/loss_decoder_labels: 2.4125030040740967
test/loss_decoder_timestamps: 0.6171591281890869
test/loss_diffusion: 0.1458263099193573
test/loss_embedder_regularizer: 1.137369143094577e-13
test/mean-predicted-length: 10.547477722167969
test/mean-target-length: 9.136935234069824
test/next-item-accuracy: 0.01041352842003107
test/next-item-mae: 0.6528962850570679
test/next-item-map: 0.02990560792386532
test/next-item-map-weighted: 0.23148022592067719
test/next-item-max-f-score: 0.06458859145641327
test/next-item-max-f-score-weighted: 0.30011337995529175
test/next-item-mean-time-step: 0.8408940434455872
test/next-item-rmse: 1.0489916801452637
test/next-k-label-distribution-delta: 9.643792152404785
test/optimal-transport-distance: 9.829925537109375
test/sequence-labels-entropy: 4.447993755340576
val/T-mAP: 0.051529232412576675
val/T-mAP-weighted: 0.3728794455528259
val/horizon-max-f-score: 0.08779140561819077
val/horizon-max-f-score-weighted: 0.4005000591278076
val/horizon-mean-time-step: 0.6479913592338562
val/loss: 3.155214786529541
val/loss_decoder_labels: 2.3931875228881836
val/loss_decoder_timestamps: 0.6162731051445007
val/loss_diffusion: 0.1457522213459015
val/loss_embedder_regularizer: 1.1385942915494857e-13
val/mean-predicted-length: 10.5562744140625
val/mean-target-length: 9.149765014648438
val/next-item-accuracy: 0.010380484163761139
val/next-item-mae: 0.6519337296485901
val/next-item-map: 0.02965504489839077
val/next-item-map-weighted: 0.2345210760831833
val/next-item-max-f-score: 0.06230441853404045
val/next-item-max-f-score-weighted: 0.3031231760978699
val/next-item-mean-time-step: 0.8412209749221802
val/next-item-rmse: 1.0507224798202515
val/next-k-label-distribution-delta: 9.654250144958496
val/optimal-transport-distance: 9.834701538085938
val/sequence-labels-entropy: 4.44550895690918
