date: '2025-02-10 19:58:11'
test/T-mAP: 0.06440843641757965
test/T-mAP-weighted: 0.40373510122299194
test/horizon-max-f-score: 0.10756612569093704
test/horizon-max-f-score-weighted: 0.4247169494628906
test/horizon-mean-time-step: 0.648257851600647
test/loss: 3.175487518310547
test/loss_decoder_labels: 2.4125030040740967
test/loss_decoder_timestamps: 0.6171591281890869
test/loss_diffusion: 0.1458263099193573
test/loss_embedder_regularizer: 1.137369143094577e-13
test/mean-predicted-length: 10.547477722167969
test/mean-target-length: 9.136935234069824
test/next-item-accuracy: 0.30731627345085144
test/next-item-mae: 0.6528962850570679
test/next-item-map: 0.03148743137717247
test/next-item-map-weighted: 0.2658056616783142
test/next-item-max-f-score: 0.06503939628601074
test/next-item-max-f-score-weighted: 0.3209536671638489
test/next-item-mean-time-step: 0.8408940434455872
test/next-item-rmse: 1.0489916801452637
test/next-k-label-distribution-delta: 5.150387763977051
test/optimal-transport-distance: 6.94821834564209
test/sequence-labels-entropy: 1.4136544466018677
val/T-mAP: 0.06421540677547455
val/T-mAP-weighted: 0.40533173084259033
val/horizon-max-f-score: 0.10600610077381134
val/horizon-max-f-score-weighted: 0.42780834436416626
val/horizon-mean-time-step: 0.6479913592338562
val/loss: 3.155214786529541
val/loss_decoder_labels: 2.3931875228881836
val/loss_decoder_timestamps: 0.6162731051445007
val/loss_diffusion: 0.1457522213459015
val/loss_embedder_regularizer: 1.1385942915494857e-13
val/mean-predicted-length: 10.5562744140625
val/mean-target-length: 9.149765014648438
val/next-item-accuracy: 0.30929216742515564
val/next-item-mae: 0.6519337296485901
val/next-item-map: 0.030522946268320084
val/next-item-map-weighted: 0.26837852597236633
val/next-item-max-f-score: 0.06097155436873436
val/next-item-max-f-score-weighted: 0.32324668765068054
val/next-item-mean-time-step: 0.8412209749221802
val/next-item-rmse: 1.0507224798202515
val/next-k-label-distribution-delta: 5.118284702301025
val/optimal-transport-distance: 6.929985523223877
val/sequence-labels-entropy: 1.4025737047195435
