date: '2024-09-28 11:37:27'
test/T-mAP: 0.05844832956790924
test/T-mAP-micro: 0.3104087710380554
test/horizon-mean-time-step: 0.6593082547187805
test/loss: 3.0720934867858887
test/loss_labels: 2.4529240131378174
test/loss_timestamps: 0.6191691756248474
test/mean-predicted-length: 10.800605773925781
test/mean-target-length: 9.136935234069824
test/next-item-accuracy: 0.33915361762046814
test/next-item-mae: 0.6927170157432556
test/next-item-map: 0.03161894530057907
test/next-item-map-micro: 0.23897023499011993
test/next-item-mean-time-step: 0.8742662072181702
test/next-item-rmse: 1.0691336393356323
test/next-k-label-distribution-delta: 5.357540130615234
test/optimal-transport-distance: 6.863348484039307
test/sequence-labels-entropy: 0.7771635055541992
val/T-mAP: 0.06056917831301689
val/T-mAP-micro: 0.31350231170654297
val/horizon-mean-time-step: 0.6610426902770996
val/loss: 3.0528371334075928
val/loss_labels: 2.4349844455718994
val/loss_timestamps: 0.6178524494171143
val/mean-predicted-length: 10.767266273498535
val/mean-target-length: 9.149765014648438
val/next-item-accuracy: 0.3398444354534149
val/next-item-mae: 0.6912525296211243
val/next-item-map: 0.03142782673239708
val/next-item-map-micro: 0.24035027623176575
val/next-item-mean-time-step: 0.8744351267814636
val/next-item-rmse: 1.0701234340667725
val/next-k-label-distribution-delta: 5.340580940246582
val/optimal-transport-distance: 6.851402759552002
val/sequence-labels-entropy: 0.7726019024848938
