date: '2025-02-10 19:04:37'
test/T-mAP: 0.06287830322980881
test/T-mAP-weighted: 0.3927418887615204
test/horizon-max-f-score: 0.10452105104923248
test/horizon-max-f-score-weighted: 0.4115277826786041
test/horizon-mean-time-step: 0.6896920204162598
test/loss: 2.868696928024292
test/loss_labels: 2.2949626445770264
test/loss_timestamps: 0.5737342834472656
test/mean-predicted-length: 9.928946495056152
test/mean-target-length: 9.136935234069824
test/next-item-accuracy: 0.22459526360034943
test/next-item-mae: 0.6426186561584473
test/next-item-map: 0.04255446419119835
test/next-item-map-weighted: 0.31200551986694336
test/next-item-max-f-score: 0.08175991475582123
test/next-item-max-f-score-weighted: 0.35373881459236145
test/next-item-mean-time-step: 0.8307702541351318
test/next-item-rmse: 1.0340461730957031
test/next-k-label-distribution-delta: 5.6242523193359375
test/optimal-transport-distance: 7.520369052886963
test/sequence-labels-entropy: 2.237356662750244
val/T-mAP: 0.06240343302488327
val/T-mAP-weighted: 0.3949805498123169
val/horizon-max-f-score: 0.10325925052165985
val/horizon-max-f-score-weighted: 0.4137740731239319
val/horizon-mean-time-step: 0.6905703544616699
val/loss: 2.8477249145507812
val/loss_labels: 2.2751052379608154
val/loss_timestamps: 0.5726177096366882
val/mean-predicted-length: 9.926634788513184
val/mean-target-length: 9.149765014648438
val/next-item-accuracy: 0.22744077444076538
val/next-item-mae: 0.6414294838905334
val/next-item-map: 0.042466819286346436
val/next-item-map-weighted: 0.3155222535133362
val/next-item-max-f-score: 0.08070774376392365
val/next-item-max-f-score-weighted: 0.35657012462615967
val/next-item-mean-time-step: 0.8312691450119019
val/next-item-rmse: 1.0358208417892456
val/next-k-label-distribution-delta: 5.598359107971191
val/optimal-transport-distance: 7.510809898376465
val/sequence-labels-entropy: 2.2199182510375977
