date: '2024-09-28 21:42:37'
test/T-mAP: 0.05906875804066658
test/T-mAP-micro: 0.3194332718849182
test/horizon-mean-time-step: 0.6545358300209045
test/loss: 3.0723843574523926
test/loss_labels: 2.4529240131378174
test/loss_timestamps: 0.6194603443145752
test/mean-predicted-length: 10.884799003601074
test/mean-target-length: 9.136935234069824
test/next-item-accuracy: 0.3411419689655304
test/next-item-mae: 0.6927170157432556
test/next-item-map: 0.03452174365520477
test/next-item-map-micro: 0.2597361207008362
test/next-item-mean-time-step: 0.8742662072181702
test/next-item-rmse: 1.0691336393356323
test/next-k-label-distribution-delta: 5.448342323303223
test/optimal-transport-distance: 6.891326427459717
test/sequence-labels-entropy: 0.7362743616104126
val/T-mAP: 0.06206437945365906
val/T-mAP-micro: 0.3216094374656677
val/horizon-mean-time-step: 0.6562861204147339
val/loss: 3.0528743267059326
val/loss_labels: 2.4349844455718994
val/loss_timestamps: 0.6178900003433228
val/mean-predicted-length: 10.85253620147705
val/mean-target-length: 9.149765014648438
val/next-item-accuracy: 0.34200000762939453
val/next-item-mae: 0.6912525296211243
val/next-item-map: 0.0342639684677124
val/next-item-map-micro: 0.26228389143943787
val/next-item-mean-time-step: 0.8744351267814636
val/next-item-rmse: 1.0701234340667725
val/next-k-label-distribution-delta: 5.425284385681152
val/optimal-transport-distance: 6.875439167022705
val/sequence-labels-entropy: 0.7325716614723206
