date: '2025-02-10 17:48:50'
test/T-mAP: 0.05944230034947395
test/T-mAP-weighted: 0.39513522386550903
test/horizon-max-f-score: 0.09710768610239029
test/horizon-max-f-score-weighted: 0.42248424887657166
test/horizon-mean-time-step: 1.1105624437332153
test/loss: 2.868696928024292
test/loss_labels: 2.2949626445770264
test/loss_timestamps: 0.5737342834472656
test/mean-predicted-length: 6.083984375
test/mean-target-length: 9.136935234069824
test/next-item-accuracy: 0.010759130120277405
test/next-item-mae: 0.6426186561584473
test/next-item-map: 0.0345027819275856
test/next-item-map-weighted: 0.25405949354171753
test/next-item-max-f-score: 0.07183830440044403
test/next-item-max-f-score-weighted: 0.3145904839038849
test/next-item-mean-time-step: 0.8307702541351318
test/next-item-rmse: 1.0340461730957031
test/next-k-label-distribution-delta: 9.653196334838867
test/optimal-transport-distance: 9.870429039001465
test/sequence-labels-entropy: 4.071986198425293
val/T-mAP: 0.05771641060709953
val/T-mAP-weighted: 0.39724355936050415
val/horizon-max-f-score: 0.094026118516922
val/horizon-max-f-score-weighted: 0.42563557624816895
val/horizon-mean-time-step: 1.112144112586975
val/loss: 2.8477249145507812
val/loss_labels: 2.2751052379608154
val/loss_timestamps: 0.5726177096366882
val/mean-predicted-length: 6.080434799194336
val/mean-target-length: 9.149765014648438
val/next-item-accuracy: 0.010823214426636696
val/next-item-mae: 0.6414294838905334
val/next-item-map: 0.03463771566748619
val/next-item-map-weighted: 0.25792697072029114
val/next-item-max-f-score: 0.07119805365800858
val/next-item-max-f-score-weighted: 0.31775885820388794
val/next-item-mean-time-step: 0.8312691450119019
val/next-item-rmse: 1.0358208417892456
val/next-k-label-distribution-delta: 9.64758014678955
val/optimal-transport-distance: 9.86927604675293
val/sequence-labels-entropy: 4.070389270782471
