date: '2024-09-27 15:26:58'
test/T-mAP: 0.0650714859366417
test/T-mAP-micro: 0.38814276456832886
test/horizon-mean-time-step: 0.6830358505249023
test/loss: 3.0720934867858887
test/loss_labels: 2.4529240131378174
test/loss_timestamps: 0.6191691756248474
test/mean-predicted-length: 9.854288101196289
test/mean-target-length: 9.136935234069824
test/next-item-accuracy: 0.19740478694438934
test/next-item-mae: 0.6927170157432556
test/next-item-map: 0.03452174365520477
test/next-item-map-micro: 0.2597361207008362
test/next-item-mean-time-step: 0.8742662072181702
test/next-item-rmse: 1.0691336393356323
test/next-k-label-distribution-delta: 5.682035446166992
test/optimal-transport-distance: 7.57724142074585
test/sequence-labels-entropy: 2.2981200218200684
val/T-mAP: 0.06866737455129623
val/T-mAP-micro: 0.39064693450927734
val/horizon-mean-time-step: 0.683571457862854
val/loss: 3.0528371334075928
val/loss_labels: 2.4349844455718994
val/loss_timestamps: 0.6178524494171143
val/mean-predicted-length: 9.856070518493652
val/mean-target-length: 9.149765014648438
val/next-item-accuracy: 0.1994618922472
val/next-item-mae: 0.6912525296211243
val/next-item-map: 0.0342639684677124
val/next-item-map-micro: 0.26228389143943787
val/next-item-mean-time-step: 0.8744351267814636
val/next-item-rmse: 1.0701234340667725
val/next-k-label-distribution-delta: 5.634441375732422
val/optimal-transport-distance: 7.551733493804932
val/sequence-labels-entropy: 2.278942346572876
