date: '2025-02-10 20:59:30'
test/T-mAP: 0.058902252465486526
test/T-mAP-weighted: 0.315101683139801
test/horizon-max-f-score: 0.1005840003490448
test/horizon-max-f-score-weighted: 0.3631260395050049
test/horizon-mean-time-step: 0.6339360475540161
test/loss: 2.868582248687744
test/loss_labels: 2.2949626445770264
test/loss_timestamps: 0.5736190676689148
test/mean-predicted-length: 11.968679428100586
test/mean-target-length: 9.136935234069824
test/next-item-accuracy: 0.37647128105163574
test/next-item-mae: 0.6426186561584473
test/next-item-map: 0.04255446419119835
test/next-item-map-weighted: 0.31200551986694336
test/next-item-max-f-score: 0.08175991475582123
test/next-item-max-f-score-weighted: 0.35373881459236145
test/next-item-mean-time-step: 0.8307702541351318
test/next-item-rmse: 1.0340461730957031
test/next-k-label-distribution-delta: 5.307071208953857
test/optimal-transport-distance: 6.827988624572754
test/sequence-labels-entropy: 0.8764135837554932
val/T-mAP: 0.05500321835279465
val/T-mAP-weighted: 0.3169771134853363
val/horizon-max-f-score: 0.09460262209177017
val/horizon-max-f-score-weighted: 0.3660561144351959
val/horizon-mean-time-step: 0.6360361576080322
val/loss: 2.8477983474731445
val/loss_labels: 2.2751052379608154
val/loss_timestamps: 0.5726921558380127
val/mean-predicted-length: 11.937506675720215
val/mean-target-length: 9.149765014648438
val/next-item-accuracy: 0.37940412759780884
val/next-item-mae: 0.6414294838905334
val/next-item-map: 0.042466819286346436
val/next-item-map-weighted: 0.3155222535133362
val/next-item-max-f-score: 0.08070774376392365
val/next-item-max-f-score-weighted: 0.35657012462615967
val/next-item-mean-time-step: 0.8312691450119019
val/next-item-rmse: 1.0358208417892456
val/next-k-label-distribution-delta: 5.278954029083252
val/optimal-transport-distance: 6.806904315948486
val/sequence-labels-entropy: 0.8715258240699768
