date: '2025-02-10 18:26:50'
test/T-mAP: 0.06051643192768097
test/T-mAP-weighted: 0.4036848545074463
test/horizon-max-f-score: 0.10033311694860458
test/horizon-max-f-score-weighted: 0.4215880334377289
test/horizon-mean-time-step: 0.934830367565155
test/loss: 2.868696928024292
test/loss_labels: 2.2949626445770264
test/loss_timestamps: 0.5737342834472656
test/mean-predicted-length: 7.4948930740356445
test/mean-target-length: 9.136935234069824
test/next-item-accuracy: 0.08684682101011276
test/next-item-mae: 0.6426186561584473
test/next-item-map: 0.040314774960279465
test/next-item-map-weighted: 0.2962677478790283
test/next-item-max-f-score: 0.07921118289232254
test/next-item-max-f-score-weighted: 0.34301313757896423
test/next-item-mean-time-step: 0.8307702541351318
test/next-item-rmse: 1.0340461730957031
test/next-k-label-distribution-delta: 7.814268112182617
test/optimal-transport-distance: 8.963500022888184
test/sequence-labels-entropy: 3.5078837871551514
val/T-mAP: 0.05994051322340965
val/T-mAP-weighted: 0.4063912034034729
val/horizon-max-f-score: 0.09667287021875381
val/horizon-max-f-score-weighted: 0.42551013827323914
val/horizon-mean-time-step: 0.9344906210899353
val/loss: 2.8477249145507812
val/loss_labels: 2.2751052379608154
val/loss_timestamps: 0.5726177096366882
val/mean-predicted-length: 7.490078926086426
val/mean-target-length: 9.149765014648438
val/next-item-accuracy: 0.08839617669582367
val/next-item-mae: 0.6414294838905334
val/next-item-map: 0.04075784981250763
val/next-item-map-weighted: 0.3000270128250122
val/next-item-max-f-score: 0.07855059951543808
val/next-item-max-f-score-weighted: 0.34602251648902893
val/next-item-mean-time-step: 0.8312691450119019
val/next-item-rmse: 1.0358208417892456
val/next-k-label-distribution-delta: 7.769833564758301
val/optimal-transport-distance: 8.944160461425781
val/sequence-labels-entropy: 3.4951679706573486
