date: '2024-09-27 05:21:31'
test/T-mAP: 0.06146159768104553
test/T-mAP-micro: 0.3764705955982208
test/horizon-mean-time-step: 0.7045102119445801
test/loss: 3.0720934867858887
test/loss_labels: 2.4529240131378174
test/loss_timestamps: 0.6191691756248474
test/mean-predicted-length: 9.468796730041504
test/mean-target-length: 9.136935234069824
test/next-item-accuracy: 0.07792235910892487
test/next-item-mae: 0.6927170157432556
test/next-item-map: 0.033851854503154755
test/next-item-map-micro: 0.2541002929210663
test/next-item-mean-time-step: 0.8742662072181702
test/next-item-rmse: 1.0691336393356323
test/next-k-label-distribution-delta: 7.853452205657959
test/optimal-transport-distance: 8.914026260375977
test/sequence-labels-entropy: 3.622663974761963
val/T-mAP: 0.060506053268909454
val/T-mAP-micro: 0.3793463706970215
val/horizon-mean-time-step: 0.7044011950492859
val/loss: 3.0528371334075928
val/loss_labels: 2.4349844455718994
val/loss_timestamps: 0.6178524494171143
val/mean-predicted-length: 9.461166381835938
val/mean-target-length: 9.149765014648438
val/next-item-accuracy: 0.07901927828788757
val/next-item-mae: 0.6912525296211243
val/next-item-map: 0.03356073796749115
val/next-item-map-micro: 0.2568250894546509
val/next-item-mean-time-step: 0.8744351267814636
val/next-item-rmse: 1.0701234340667725
val/next-k-label-distribution-delta: 7.833461284637451
val/optimal-transport-distance: 8.901078224182129
val/sequence-labels-entropy: 3.6108431816101074
