date: '2024-09-28 01:32:25'
test/T-mAP: 0.06220458820462227
test/T-mAP-micro: 0.36454570293426514
test/horizon-mean-time-step: 0.6686724424362183
test/loss: 3.0720934867858887
test/loss_labels: 2.4529240131378174
test/loss_timestamps: 0.6191691756248474
test/mean-predicted-length: 10.332514762878418
test/mean-target-length: 9.136935234069824
test/next-item-accuracy: 0.29369789361953735
test/next-item-mae: 0.6927170157432556
test/next-item-map: 0.033196013420820236
test/next-item-map-micro: 0.2524527907371521
test/next-item-mean-time-step: 0.8742662072181702
test/next-item-rmse: 1.0691336393356323
test/next-k-label-distribution-delta: 4.9900994300842285
test/optimal-transport-distance: 6.909511089324951
test/sequence-labels-entropy: 1.35097336769104
val/T-mAP: 0.06383322924375534
val/T-mAP-micro: 0.3678642213344574
val/horizon-mean-time-step: 0.6689139604568481
val/loss: 3.0528371334075928
val/loss_labels: 2.4349844455718994
val/loss_timestamps: 0.6178524494171143
val/mean-predicted-length: 10.324907302856445
val/mean-target-length: 9.149765014648438
val/next-item-accuracy: 0.2950613498687744
val/next-item-mae: 0.6912525296211243
val/next-item-map: 0.03311176598072052
val/next-item-map-micro: 0.25473785400390625
val/next-item-mean-time-step: 0.8744351267814636
val/next-item-rmse: 1.0701234340667725
val/next-k-label-distribution-delta: 4.965151309967041
val/optimal-transport-distance: 6.902031421661377
val/sequence-labels-entropy: 1.3436310291290283
