date: '2025-02-10 20:21:16'
test/T-mAP: 0.05685562640428543
test/T-mAP-weighted: 0.30151188373565674
test/horizon-max-f-score: 0.09937148541212082
test/horizon-max-f-score-weighted: 0.3672734498977661
test/horizon-mean-time-step: 0.6352928280830383
test/loss: 2.868696928024292
test/loss_labels: 2.2949626445770264
test/loss_timestamps: 0.5737342834472656
test/mean-predicted-length: 11.939474105834961
test/mean-target-length: 9.136935234069824
test/next-item-accuracy: 0.3748319745063782
test/next-item-mae: 0.6426186561584473
test/next-item-map: 0.039172038435935974
test/next-item-map-weighted: 0.28389716148376465
test/next-item-max-f-score: 0.0778014212846756
test/next-item-max-f-score-weighted: 0.3416462242603302
test/next-item-mean-time-step: 0.8307702541351318
test/next-item-rmse: 1.0340461730957031
test/next-k-label-distribution-delta: 5.23000955581665
test/optimal-transport-distance: 6.806640625
test/sequence-labels-entropy: 0.8967597484588623
val/T-mAP: 0.0547831691801548
val/T-mAP-weighted: 0.30325350165367126
val/horizon-max-f-score: 0.09690752625465393
val/horizon-max-f-score-weighted: 0.37057194113731384
val/horizon-mean-time-step: 0.6367368102073669
val/loss: 2.8477249145507812
val/loss_labels: 2.2751052379608154
val/loss_timestamps: 0.5726177096366882
val/mean-predicted-length: 11.914496421813965
val/mean-target-length: 9.149765014648438
val/next-item-accuracy: 0.3777708411216736
val/next-item-mae: 0.6414294838905334
val/next-item-map: 0.038562655448913574
val/next-item-map-weighted: 0.2861407697200775
val/next-item-max-f-score: 0.07638466358184814
val/next-item-max-f-score-weighted: 0.344718873500824
val/next-item-mean-time-step: 0.8312691450119019
val/next-item-rmse: 1.0358208417892456
val/next-k-label-distribution-delta: 5.206589698791504
val/optimal-transport-distance: 6.7871880531311035
val/sequence-labels-entropy: 0.8897176384925842
