date: '2025-02-10 19:42:57'
test/T-mAP: 0.06170467659831047
test/T-mAP-weighted: 0.36115163564682007
test/horizon-max-f-score: 0.10406506806612015
test/horizon-max-f-score-weighted: 0.3910309076309204
test/horizon-mean-time-step: 0.6286791563034058
test/loss: 2.868696928024292
test/loss_labels: 2.2949626445770264
test/loss_timestamps: 0.5737342834472656
test/mean-predicted-length: 11.408557891845703
test/mean-target-length: 9.136935234069824
test/next-item-accuracy: 0.3306722640991211
test/next-item-mae: 0.6426186561584473
test/next-item-map: 0.04125877097249031
test/next-item-map-weighted: 0.30449166893959045
test/next-item-max-f-score: 0.08027679473161697
test/next-item-max-f-score-weighted: 0.34824585914611816
test/next-item-mean-time-step: 0.8307702541351318
test/next-item-rmse: 1.0340461730957031
test/next-k-label-distribution-delta: 4.956088066101074
test/optimal-transport-distance: 6.857820987701416
test/sequence-labels-entropy: 1.3671318292617798
val/T-mAP: 0.05954867973923683
val/T-mAP-weighted: 0.3652353286743164
val/horizon-max-f-score: 0.09858957678079605
val/horizon-max-f-score-weighted: 0.3946038484573364
val/horizon-mean-time-step: 0.6313554644584656
val/loss: 2.8477249145507812
val/loss_labels: 2.2751052379608154
val/loss_timestamps: 0.5726177096366882
val/mean-predicted-length: 11.3642578125
val/mean-target-length: 9.149765014648438
val/next-item-accuracy: 0.33334407210350037
val/next-item-mae: 0.6414294838905334
val/next-item-map: 0.04085671529173851
val/next-item-map-weighted: 0.30802732706069946
val/next-item-max-f-score: 0.07887567579746246
val/next-item-max-f-score-weighted: 0.35101941227912903
val/next-item-mean-time-step: 0.8312691450119019
val/next-item-rmse: 1.0358208417892456
val/next-k-label-distribution-delta: 4.948277473449707
val/optimal-transport-distance: 6.853382110595703
val/sequence-labels-entropy: 1.3618855476379395
