date: '2024-09-26 19:16:43'
test/T-mAP: 0.05659615993499756
test/T-mAP-micro: 0.3526935875415802
test/horizon-mean-time-step: 0.6803303360939026
test/loss: 3.0720934867858887
test/loss_labels: 2.4529240131378174
test/loss_timestamps: 0.6191691756248474
test/mean-predicted-length: 9.566469192504883
test/mean-target-length: 9.136935234069824
test/next-item-accuracy: 0.010536247864365578
test/next-item-mae: 0.6927170157432556
test/next-item-map: 0.030965643003582954
test/next-item-map-micro: 0.23740245401859283
test/next-item-mean-time-step: 0.8742662072181702
test/next-item-rmse: 1.0691336393356323
test/next-k-label-distribution-delta: 9.64891242980957
test/optimal-transport-distance: 9.840879440307617
test/sequence-labels-entropy: 4.382117748260498
val/T-mAP: 0.05329657346010208
val/T-mAP-micro: 0.35752072930336
val/horizon-mean-time-step: 0.6807810068130493
val/loss: 3.0528371334075928
val/loss_labels: 2.4349844455718994
val/loss_timestamps: 0.6178524494171143
val/mean-predicted-length: 9.548237800598145
val/mean-target-length: 9.149765014648438
val/next-item-accuracy: 0.010570853017270565
val/next-item-mae: 0.6912525296211243
val/next-item-map: 0.030713621526956558
val/next-item-map-micro: 0.2404550462961197
val/next-item-mean-time-step: 0.8744351267814636
val/next-item-rmse: 1.0701234340667725
val/next-k-label-distribution-delta: 9.646713256835938
val/optimal-transport-distance: 9.84054946899414
val/sequence-labels-entropy: 4.381129264831543
