date: '2024-09-27 15:40:46'
test/T-mAP: 0.05926917865872383
test/T-mAP-micro: 0.3410525918006897
test/horizon-mean-time-step: 0.8069489002227783
test/loss: 2.6579298973083496
test/loss_nhp: 2.6579298973083496
test/mean-predicted-length: 8.385543823242188
test/mean-target-length: 9.136935234069824
test/next-item-accuracy: 0.2710250914096832
test/next-item-mae: 0.6978151202201843
test/next-item-map: 0.03384608402848244
test/next-item-map-micro: 0.26757052540779114
test/next-item-mean-time-step: 0.8427078723907471
test/next-item-rmse: 1.0385054349899292
test/next-k-label-distribution-delta: 5.40931510925293
test/optimal-transport-distance: 7.203547477722168
test/sequence-labels-entropy: 1.5150392055511475
test/thinning_accepted: 41.97935104370117
val/T-mAP: 0.05896155163645744
val/T-mAP-micro: 0.3417070806026459
val/horizon-mean-time-step: 0.80526202917099
val/loss: 2.63690185546875
val/loss_nhp: 2.63690185546875
val/mean-predicted-length: 8.417547225952148
val/mean-target-length: 9.149765014648438
val/next-item-accuracy: 0.2729165256023407
val/next-item-mae: 0.6969929933547974
val/next-item-map: 0.03236789628863335
val/next-item-map-micro: 0.26989519596099854
val/next-item-mean-time-step: 0.8429995775222778
val/next-item-rmse: 1.0403196811676025
val/next-k-label-distribution-delta: 5.3841328620910645
val/optimal-transport-distance: 7.189347743988037
val/sequence-labels-entropy: 1.500732660293579
val/thinning_accepted: 42.75775146484375
