date: '2024-09-28 21:56:22'
test/T-mAP: 0.056005265563726425
test/T-mAP-micro: 0.3333592414855957
test/horizon-mean-time-step: 0.7466261386871338
test/loss: 2.657421588897705
test/loss_nhp: 2.657421588897705
test/mean-predicted-length: 9.41952896118164
test/mean-target-length: 9.136935234069824
test/next-item-accuracy: 0.35406723618507385
test/next-item-mae: 0.6976608037948608
test/next-item-map: 0.03412790596485138
test/next-item-map-micro: 0.2677028179168701
test/next-item-mean-time-step: 0.8426690101623535
test/next-item-rmse: 1.038459062576294
test/next-k-label-distribution-delta: 5.823410987854004
test/optimal-transport-distance: 6.963407039642334
test/sequence-labels-entropy: 0.5925272107124329
test/thinning_accepted: 41.98284149169922
val/T-mAP: 0.05665803328156471
val/T-mAP-micro: 0.33416759967803955
val/horizon-mean-time-step: 0.7458842992782593
val/loss: 2.6374082565307617
val/loss_nhp: 2.6374082565307617
val/mean-predicted-length: 9.450095176696777
val/mean-target-length: 9.149765014648438
val/next-item-accuracy: 0.35547131299972534
val/next-item-mae: 0.6968915462493896
val/next-item-map: 0.032228462398052216
val/next-item-map-micro: 0.2698822021484375
val/next-item-mean-time-step: 0.8429818749427795
val/next-item-rmse: 1.0401970148086548
val/next-k-label-distribution-delta: 5.812852382659912
val/optimal-transport-distance: 6.957213878631592
val/sequence-labels-entropy: 0.5954570174217224
val/thinning_accepted: 42.790794372558594
