date: '2024-09-26 19:30:31'
test/T-mAP: 0.06816082447767258
test/T-mAP-micro: 0.42398470640182495
test/horizon-mean-time-step: 1.8938050270080566
test/loss: 2.6579298973083496
test/loss_nhp: 2.6579298973083496
test/mean-predicted-length: 4.618348598480225
test/mean-target-length: 9.136935234069824
test/next-item-accuracy: 0.010840942151844501
test/next-item-mae: 0.6978151202201843
test/next-item-map: 0.03296785056591034
test/next-item-map-micro: 0.24806468188762665
test/next-item-mean-time-step: 0.8427078723907471
test/next-item-rmse: 1.0385054349899292
test/next-k-label-distribution-delta: 9.64535903930664
test/optimal-transport-distance: 9.89006519317627
test/sequence-labels-entropy: 3.856618881225586
test/thinning_accepted: 41.97935104370117
val/T-mAP: 0.0656375139951706
val/T-mAP-micro: 0.4268784523010254
val/horizon-mean-time-step: 1.8984410762786865
val/loss: 2.63690185546875
val/loss_nhp: 2.63690185546875
val/mean-predicted-length: 4.6291728019714355
val/mean-target-length: 9.149765014648438
val/next-item-accuracy: 0.01097941491752863
val/next-item-mae: 0.6969929933547974
val/next-item-map: 0.031931884586811066
val/next-item-map-micro: 0.2513812184333801
val/next-item-mean-time-step: 0.8429995775222778
val/next-item-rmse: 1.0403196811676025
val/next-k-label-distribution-delta: 9.638176918029785
val/optimal-transport-distance: 9.888097763061523
val/sequence-labels-entropy: 3.8576533794403076
val/thinning_accepted: 42.75775146484375
