date: '2024-09-28 11:51:25'
test/T-mAP: 0.055268701165914536
test/T-mAP-micro: 0.3027969300746918
test/horizon-mean-time-step: 0.7465505003929138
test/loss: 2.6579298973083496
test/loss_nhp: 2.6579298973083496
test/mean-predicted-length: 9.419137001037598
test/mean-target-length: 9.136935234069824
test/next-item-accuracy: 0.35359853506088257
test/next-item-mae: 0.6978151202201843
test/next-item-map: 0.02936515398323536
test/next-item-map-micro: 0.24177241325378418
test/next-item-mean-time-step: 0.8427078723907471
test/next-item-rmse: 1.0385054349899292
test/next-k-label-distribution-delta: 5.8147382736206055
test/optimal-transport-distance: 6.963301181793213
test/sequence-labels-entropy: 0.5980033278465271
test/thinning_accepted: 41.97935104370117
val/T-mAP: 0.05517633631825447
val/T-mAP-micro: 0.3054350018501282
val/horizon-mean-time-step: 0.7464447617530823
val/loss: 2.63690185546875
val/loss_nhp: 2.63690185546875
val/mean-predicted-length: 9.443425178527832
val/mean-target-length: 9.149765014648438
val/next-item-accuracy: 0.3551066815853119
val/next-item-mae: 0.6969929933547974
val/next-item-map: 0.028232306241989136
val/next-item-map-micro: 0.24263817071914673
val/next-item-mean-time-step: 0.8429995775222778
val/next-item-rmse: 1.0403196811676025
val/next-k-label-distribution-delta: 5.792043209075928
val/optimal-transport-distance: 6.9517927169799805
val/sequence-labels-entropy: 0.600800096988678
val/thinning_accepted: 42.75775146484375
