date: '2024-09-27 05:35:16'
test/T-mAP: 0.06060833856463432
test/T-mAP-micro: 0.380519837141037
test/horizon-mean-time-step: 1.2932685613632202
test/loss: 2.6579298973083496
test/loss_nhp: 2.6579298973083496
test/mean-predicted-length: 6.192784786224365
test/mean-target-length: 9.136935234069824
test/next-item-accuracy: 0.11788478493690491
test/next-item-mae: 0.6978151202201843
test/next-item-map: 0.034128203988075256
test/next-item-map-micro: 0.2613893151283264
test/next-item-mean-time-step: 0.8427078723907471
test/next-item-rmse: 1.0385054349899292
test/next-k-label-distribution-delta: 7.23972749710083
test/optimal-transport-distance: 8.714591979980469
test/sequence-labels-entropy: 3.117683172225952
test/thinning_accepted: 41.97935104370117
val/T-mAP: 0.058692608028650284
val/T-mAP-micro: 0.3815692365169525
val/horizon-mean-time-step: 1.292471170425415
val/loss: 2.63690185546875
val/loss_nhp: 2.63690185546875
val/mean-predicted-length: 6.2100911140441895
val/mean-target-length: 9.149765014648438
val/next-item-accuracy: 0.11973971128463745
val/next-item-mae: 0.6969929933547974
val/next-item-map: 0.032999858260154724
val/next-item-map-micro: 0.2642943561077118
val/next-item-mean-time-step: 0.8429995775222778
val/next-item-rmse: 1.0403196811676025
val/next-k-label-distribution-delta: 7.215726852416992
val/optimal-transport-distance: 8.70040512084961
val/sequence-labels-entropy: 3.1110270023345947
val/thinning_accepted: 42.75775146484375
