date: '2024-09-28 01:46:46'
test/T-mAP: 0.05702228844165802
test/T-mAP-micro: 0.3309048116207123
test/horizon-mean-time-step: 0.7453137040138245
test/loss: 2.6579298973083496
test/loss_nhp: 2.6579298973083496
test/mean-predicted-length: 9.216817855834961
test/mean-target-length: 9.136935234069824
test/next-item-accuracy: 0.33697450160980225
test/next-item-mae: 0.6978151202201843
test/next-item-map: 0.031305644661188126
test/next-item-map-micro: 0.26056748628616333
test/next-item-mean-time-step: 0.8427078723907471
test/next-item-rmse: 1.0385054349899292
test/next-k-label-distribution-delta: 5.541286945343018
test/optimal-transport-distance: 6.923271179199219
test/sequence-labels-entropy: 0.7917918562889099
test/thinning_accepted: 41.97935104370117
val/T-mAP: 0.057643864303827286
val/T-mAP-micro: 0.33269745111465454
val/horizon-mean-time-step: 0.7439019680023193
val/loss: 2.63690185546875
val/loss_nhp: 2.63690185546875
val/mean-predicted-length: 9.239069938659668
val/mean-target-length: 9.149765014648438
val/next-item-accuracy: 0.3385118544101715
val/next-item-mae: 0.6969929933547974
val/next-item-map: 0.03004574403166771
val/next-item-map-micro: 0.2628796398639679
val/next-item-mean-time-step: 0.8429995775222778
val/next-item-rmse: 1.0403196811676025
val/next-k-label-distribution-delta: 5.526261329650879
val/optimal-transport-distance: 6.916959285736084
val/sequence-labels-entropy: 0.7925422191619873
val/thinning_accepted: 42.75775146484375
