date: '2024-09-28 12:19:39'
test/T-mAP: 0.05307837203145027
test/T-mAP-micro: 0.29562026262283325
test/horizon-mean-time-step: 0.7702649831771851
test/loss: 2.6751761436462402
test/loss_nhp: 2.6751761436462402
test/mean-predicted-length: 9.205794334411621
test/mean-target-length: 9.136935234069824
test/next-item-accuracy: 0.3559068739414215
test/next-item-mae: 0.6945047974586487
test/next-item-map: 0.028365666046738625
test/next-item-map-micro: 0.24269087612628937
test/next-item-mean-time-step: 0.8422585129737854
test/next-item-rmse: 1.0384626388549805
test/next-k-label-distribution-delta: 5.838091850280762
test/optimal-transport-distance: 6.950127124786377
test/sequence-labels-entropy: 0.5678408741950989
test/thinning_accepted: 43.04628372192383
val/T-mAP: 0.05430271849036217
val/T-mAP-micro: 0.2976173460483551
val/horizon-mean-time-step: 0.7711092233657837
val/loss: 2.65425705909729
val/loss_nhp: 2.65425705909729
val/mean-predicted-length: 9.211358070373535
val/mean-target-length: 9.149765014648438
val/next-item-accuracy: 0.35705381631851196
val/next-item-mae: 0.6938429474830627
val/next-item-map: 0.027661100029945374
val/next-item-map-micro: 0.24330806732177734
val/next-item-mean-time-step: 0.8426934480667114
val/next-item-rmse: 1.040374994277954
val/next-k-label-distribution-delta: 5.836195468902588
val/optimal-transport-distance: 6.949479103088379
val/sequence-labels-entropy: 0.5641634464263916
val/thinning_accepted: 43.40584945678711
