date: '2024-09-27 06:03:37'
test/T-mAP: 0.05754754692316055
test/T-mAP-micro: 0.375338613986969
test/horizon-mean-time-step: 1.225987434387207
test/loss: 2.6751761436462402
test/loss_nhp: 2.6751761436462402
test/mean-predicted-length: 6.289203643798828
test/mean-target-length: 9.136935234069824
test/next-item-accuracy: 0.1195152997970581
test/next-item-mae: 0.6945047974586487
test/next-item-map: 0.03303219750523567
test/next-item-map-micro: 0.2582484781742096
test/next-item-mean-time-step: 0.8422585129737854
test/next-item-rmse: 1.0384626388549805
test/next-k-label-distribution-delta: 7.1905646324157715
test/optimal-transport-distance: 8.682923316955566
test/sequence-labels-entropy: 3.0923261642456055
test/thinning_accepted: 43.04628372192383
val/T-mAP: 0.05673851817846298
val/T-mAP-micro: 0.376628041267395
val/horizon-mean-time-step: 1.2265723943710327
val/loss: 2.65425705909729
val/loss_nhp: 2.65425705909729
val/mean-predicted-length: 6.295828342437744
val/mean-target-length: 9.149765014648438
val/next-item-accuracy: 0.12173224240541458
val/next-item-mae: 0.6938429474830627
val/next-item-map: 0.03260200843214989
val/next-item-map-micro: 0.26109564304351807
val/next-item-mean-time-step: 0.8426934480667114
val/next-item-rmse: 1.040374994277954
val/next-k-label-distribution-delta: 7.168506145477295
val/optimal-transport-distance: 8.673515319824219
val/sequence-labels-entropy: 3.0846614837646484
val/thinning_accepted: 43.40584945678711
