date: '2024-09-27 16:08:38'
test/T-mAP: 0.05650123953819275
test/T-mAP-micro: 0.3343062698841095
test/horizon-mean-time-step: 0.8058952689170837
test/loss: 2.6751761436462402
test/loss_nhp: 2.6751761436462402
test/mean-predicted-length: 8.33972454071045
test/mean-target-length: 9.136935234069824
test/next-item-accuracy: 0.27094826102256775
test/next-item-mae: 0.6945047974586487
test/next-item-map: 0.032718922942876816
test/next-item-map-micro: 0.2664833068847656
test/next-item-mean-time-step: 0.8422585129737854
test/next-item-rmse: 1.0384626388549805
test/next-k-label-distribution-delta: 5.438154697418213
test/optimal-transport-distance: 7.204900741577148
test/sequence-labels-entropy: 1.4772909879684448
test/thinning_accepted: 43.04628372192383
val/T-mAP: 0.05832430347800255
val/T-mAP-micro: 0.33553430438041687
val/horizon-mean-time-step: 0.8054546117782593
val/loss: 2.65425705909729
val/loss_nhp: 2.65425705909729
val/mean-predicted-length: 8.349884986877441
val/mean-target-length: 9.149765014648438
val/next-item-accuracy: 0.27312740683555603
val/next-item-mae: 0.6938429474830627
val/next-item-map: 0.03186117857694626
val/next-item-map-micro: 0.26874592900276184
val/next-item-mean-time-step: 0.8426934480667114
val/next-item-rmse: 1.040374994277954
val/next-k-label-distribution-delta: 5.400473594665527
val/optimal-transport-distance: 7.190892219543457
val/sequence-labels-entropy: 1.4676878452301025
val/thinning_accepted: 43.40584945678711
