date: '2024-09-28 02:14:44'
test/T-mAP: 0.05385507643222809
test/T-mAP-micro: 0.3239363133907318
test/horizon-mean-time-step: 0.7647659182548523
test/loss: 2.6751761436462402
test/loss_nhp: 2.6751761436462402
test/mean-predicted-length: 9.035500526428223
test/mean-target-length: 9.136935234069824
test/next-item-accuracy: 0.3374191224575043
test/next-item-mae: 0.6945047974586487
test/next-item-map: 0.030255654826760292
test/next-item-map-micro: 0.2601988613605499
test/next-item-mean-time-step: 0.8422585129737854
test/next-item-rmse: 1.0384626388549805
test/next-k-label-distribution-delta: 5.577805995941162
test/optimal-transport-distance: 6.928922176361084
test/sequence-labels-entropy: 0.7697234153747559
test/thinning_accepted: 43.04628372192383
val/T-mAP: 0.05575164780020714
val/T-mAP-micro: 0.3261856138706207
val/horizon-mean-time-step: 0.7643486857414246
val/loss: 2.65425705909729
val/loss_nhp: 2.65425705909729
val/mean-predicted-length: 9.046019554138184
val/mean-target-length: 9.149765014648438
val/next-item-accuracy: 0.3387949764728546
val/next-item-mae: 0.6938429474830627
val/next-item-map: 0.029482759535312653
val/next-item-map-micro: 0.26244214177131653
val/next-item-mean-time-step: 0.8426934480667114
val/next-item-rmse: 1.040374994277954
val/next-k-label-distribution-delta: 5.570213794708252
val/optimal-transport-distance: 6.922893047332764
val/sequence-labels-entropy: 0.7645244002342224
val/thinning_accepted: 43.40584945678711
