date: '2024-09-28 22:24:44'
test/T-mAP: 0.05363645404577255
test/T-mAP-micro: 0.324166476726532
test/horizon-mean-time-step: 0.7706636786460876
test/loss: 2.6748740673065186
test/loss_nhp: 2.6748740673065186
test/mean-predicted-length: 9.208197593688965
test/mean-target-length: 9.136935234069824
test/next-item-accuracy: 0.3565889000892639
test/next-item-mae: 0.6945277452468872
test/next-item-map: 0.032731760293245316
test/next-item-map-micro: 0.2666069269180298
test/next-item-mean-time-step: 0.8423082828521729
test/next-item-rmse: 1.038516640663147
test/next-k-label-distribution-delta: 5.853974342346191
test/optimal-transport-distance: 6.954902648925781
test/sequence-labels-entropy: 0.5608097314834595
test/thinning_accepted: 43.06475067138672
val/T-mAP: 0.055537302047014236
val/T-mAP-micro: 0.32481569051742554
val/horizon-mean-time-step: 0.7703048586845398
val/loss: 2.654191732406616
val/loss_nhp: 2.654191732406616
val/mean-predicted-length: 9.220695495605469
val/mean-target-length: 9.149765014648438
val/next-item-accuracy: 0.3574604094028473
val/next-item-mae: 0.6938766241073608
val/next-item-map: 0.03185234218835831
val/next-item-map-micro: 0.26867154240608215
val/next-item-mean-time-step: 0.842665433883667
val/next-item-rmse: 1.0403501987457275
val/next-k-label-distribution-delta: 5.848867893218994
val/optimal-transport-distance: 6.948588848114014
val/sequence-labels-entropy: 0.5604611039161682
val/thinning_accepted: 43.42084884643555
