date: '2024-09-26 19:58:15'
test/T-mAP: 0.06766469776630402
test/T-mAP-micro: 0.42225441336631775
test/horizon-mean-time-step: 1.8258002996444702
test/loss: 2.6751761436462402
test/loss_nhp: 2.6751761436462402
test/mean-predicted-length: 4.775449752807617
test/mean-target-length: 9.136935234069824
test/next-item-accuracy: 0.010897905565798283
test/next-item-mae: 0.6945047974586487
test/next-item-map: 0.0317980982363224
test/next-item-map-micro: 0.24439378082752228
test/next-item-mean-time-step: 0.8422585129737854
test/next-item-rmse: 1.0384626388549805
test/next-k-label-distribution-delta: 9.644105911254883
test/optimal-transport-distance: 9.886874198913574
test/sequence-labels-entropy: 3.883363723754883
test/thinning_accepted: 43.04628372192383
val/T-mAP: 0.06601609289646149
val/T-mAP-micro: 0.42521554231643677
val/horizon-mean-time-step: 1.8316612243652344
val/loss: 2.65425705909729
val/loss_nhp: 2.65425705909729
val/mean-predicted-length: 4.777737140655518
val/mean-target-length: 9.149765014648438
val/next-item-accuracy: 0.011038477532565594
val/next-item-mae: 0.6938429474830627
val/next-item-map: 0.031535133719444275
val/next-item-map-micro: 0.247577965259552
val/next-item-mean-time-step: 0.8426934480667114
val/next-item-rmse: 1.040374994277954
val/next-k-label-distribution-delta: 9.636442184448242
val/optimal-transport-distance: 9.885250091552734
val/sequence-labels-entropy: 3.8827357292175293
val/thinning_accepted: 43.40584945678711
