date: '2024-09-30 08:35:01'
test/T-mAP: 0.07222224771976471
test/T-mAP-micro: 0.4261591136455536
test/horizon-mean-time-step: 1.011053204536438
test/loss: 3.3576526641845703
test/loss_labels: 2.4492692947387695
test/loss_timestamps: 0.9083830714225769
test/mean-predicted-length: 6.772158622741699
test/mean-target-length: 9.136935234069824
test/next-item-accuracy: 0.19905708730220795
test/next-item-mae: 0.7584599852561951
test/next-item-map: 0.03464727848768234
test/next-item-map-micro: 0.2599368095397949
test/next-item-mean-time-step: 0.8855132460594177
test/next-item-rmse: 1.087257981300354
test/next-k-label-distribution-delta: 5.658943176269531
test/optimal-transport-distance: 7.808960437774658
test/sequence-labels-entropy: 2.1989552974700928
test/timestamps-bias-mean: 0.10152588039636612
test/timestamps-current_influence: -0.044440485537052155
val/T-mAP: 0.07689633220434189
val/T-mAP-micro: 0.42739778757095337
val/horizon-mean-time-step: 1.010422706604004
val/loss: 3.3375303745269775
val/loss_labels: 2.4310901165008545
val/loss_timestamps: 0.9064399003982544
val/mean-predicted-length: 6.779237747192383
val/mean-target-length: 9.149765014648438
val/next-item-accuracy: 0.20094384253025055
val/next-item-mae: 0.7576218247413635
val/next-item-map: 0.03385065123438835
val/next-item-map-micro: 0.2627873420715332
val/next-item-mean-time-step: 0.8859264850616455
val/next-item-rmse: 1.0886350870132446
val/next-k-label-distribution-delta: 5.6212358474731445
val/optimal-transport-distance: 7.797421932220459
val/sequence-labels-entropy: 2.175342082977295
val/timestamps-bias-mean: 0.10179954767227173
val/timestamps-current_influence: -0.04444047808647156
