date: '2024-09-30 08:37:35'
test/T-mAP: 0.07142801582813263
test/T-mAP-micro: 0.4091060161590576
test/horizon-mean-time-step: 0.9528010487556458
test/loss: 3.3576526641845703
test/loss_labels: 2.4492692947387695
test/loss_timestamps: 0.9083830714225769
test/mean-predicted-length: 7.074867248535156
test/mean-target-length: 9.136935234069824
test/next-item-accuracy: 0.295927494764328
test/next-item-mae: 0.7584599852561951
test/next-item-map: 0.03324558585882187
test/next-item-map-micro: 0.2524145245552063
test/next-item-mean-time-step: 0.8855132460594177
test/next-item-rmse: 1.087257981300354
test/next-k-label-distribution-delta: 5.039784908294678
test/optimal-transport-distance: 7.062984943389893
test/sequence-labels-entropy: 1.2741954326629639
test/timestamps-bias-mean: 0.10152588039636612
test/timestamps-current_influence: -0.044440485537052155
val/T-mAP: 0.07679376751184464
val/T-mAP-micro: 0.4114368259906769
val/horizon-mean-time-step: 0.9542607665061951
val/loss: 3.3375303745269775
val/loss_labels: 2.4310901165008545
val/loss_timestamps: 0.9064399003982544
val/mean-predicted-length: 7.07816743850708
val/mean-target-length: 9.149765014648438
val/next-item-accuracy: 0.29702457785606384
val/next-item-mae: 0.7576218247413635
val/next-item-map: 0.03258493170142174
val/next-item-map-micro: 0.2549533545970917
val/next-item-mean-time-step: 0.8859264850616455
val/next-item-rmse: 1.0886350870132446
val/next-k-label-distribution-delta: 5.005902290344238
val/optimal-transport-distance: 7.048346042633057
val/sequence-labels-entropy: 1.2690588235855103
val/timestamps-bias-mean: 0.10179954767227173
val/timestamps-current_influence: -0.04444047808647156
