date: '2024-09-30 08:29:51'
test/T-mAP: 0.06553046405315399
test/T-mAP-micro: 0.399947851896286
test/horizon-mean-time-step: 1.2399377822875977
test/loss: 3.3576526641845703
test/loss_labels: 2.4492692947387695
test/loss_timestamps: 0.9083830714225769
test/mean-predicted-length: 6.21731424331665
test/mean-target-length: 9.136935234069824
test/next-item-accuracy: 0.010278957895934582
test/next-item-mae: 0.7584599852561951
test/next-item-map: 0.031246589496731758
test/next-item-map-micro: 0.23739001154899597
test/next-item-mean-time-step: 0.8855132460594177
test/next-item-rmse: 1.087257981300354
test/next-k-label-distribution-delta: 9.646195411682129
test/optimal-transport-distance: 9.869973182678223
test/sequence-labels-entropy: 4.077600479125977
test/timestamps-bias-mean: 0.10152588039636612
test/timestamps-current_influence: -0.044440485537052155
val/T-mAP: 0.06534590572118759
val/T-mAP-micro: 0.4033263623714447
val/horizon-mean-time-step: 1.2435983419418335
val/loss: 3.3375303745269775
val/loss_labels: 2.4310901165008545
val/loss_timestamps: 0.9064399003982544
val/mean-predicted-length: 6.208657264709473
val/mean-target-length: 9.149765014648438
val/next-item-accuracy: 0.010439547710120678
val/next-item-mae: 0.7576218247413635
val/next-item-map: 0.03036595694720745
val/next-item-map-micro: 0.24084419012069702
val/next-item-mean-time-step: 0.8859264850616455
val/next-item-rmse: 1.0886350870132446
val/next-k-label-distribution-delta: 9.64404582977295
val/optimal-transport-distance: 9.867452621459961
val/sequence-labels-entropy: 4.079484939575195
val/timestamps-bias-mean: 0.10179954767227173
val/timestamps-current_influence: -0.04444047808647156
