date: '2024-09-30 08:32:24'
test/T-mAP: 0.07006580382585526
test/T-mAP-micro: 0.41781195998191833
test/horizon-mean-time-step: 1.1507831811904907
test/loss: 3.3576526641845703
test/loss_labels: 2.4492692947387695
test/loss_timestamps: 0.9083830714225769
test/mean-predicted-length: 6.39745569229126
test/mean-target-length: 9.136935234069824
test/next-item-accuracy: 0.07771935313940048
test/next-item-mae: 0.7584599852561951
test/next-item-map: 0.03406567499041557
test/next-item-map-micro: 0.25458019971847534
test/next-item-mean-time-step: 0.8855132460594177
test/next-item-rmse: 1.087257981300354
test/next-k-label-distribution-delta: 7.85329532623291
test/optimal-transport-distance: 9.074254035949707
test/sequence-labels-entropy: 3.430119752883911
test/timestamps-bias-mean: 0.10152588039636612
test/timestamps-current_influence: -0.044440485537052155
val/T-mAP: 0.07147575914859772
val/T-mAP-micro: 0.4200657904148102
val/horizon-mean-time-step: 1.1511064767837524
val/loss: 3.3375303745269775
val/loss_labels: 2.4310901165008545
val/loss_timestamps: 0.9064399003982544
val/mean-predicted-length: 6.409077167510986
val/mean-target-length: 9.149765014648438
val/next-item-accuracy: 0.07891237735748291
val/next-item-mae: 0.7576218247413635
val/next-item-map: 0.033111199736595154
val/next-item-map-micro: 0.25771042704582214
val/next-item-mean-time-step: 0.8859264850616455
val/next-item-rmse: 1.0886350870132446
val/next-k-label-distribution-delta: 7.826658248901367
val/optimal-transport-distance: 9.05626392364502
val/sequence-labels-entropy: 3.420264482498169
val/timestamps-bias-mean: 0.10179954767227173
val/timestamps-current_influence: -0.04444047808647156
