date: '2024-09-30 08:40:17'
test/T-mAP: 0.06777747720479965
test/T-mAP-micro: 0.37830400466918945
test/horizon-mean-time-step: 0.9267387986183167
test/loss: 3.3576526641845703
test/loss_labels: 2.4492692947387695
test/loss_timestamps: 0.9083830714225769
test/mean-predicted-length: 7.290170192718506
test/mean-target-length: 9.136935234069824
test/next-item-accuracy: 0.3407157063484192
test/next-item-mae: 0.7584599852561951
test/next-item-map: 0.031525854021310806
test/next-item-map-micro: 0.23856353759765625
test/next-item-mean-time-step: 0.8855132460594177
test/next-item-rmse: 1.087257981300354
test/next-k-label-distribution-delta: 5.440244674682617
test/optimal-transport-distance: 6.879729747772217
test/sequence-labels-entropy: 0.7128496170043945
test/timestamps-bias-mean: 0.10152588039636612
test/timestamps-current_influence: -0.044440485537052155
val/T-mAP: 0.0737510621547699
val/T-mAP-micro: 0.38051503896713257
val/horizon-mean-time-step: 0.9291707277297974
val/loss: 3.3375303745269775
val/loss_labels: 2.4310901165008545
val/loss_timestamps: 0.9064399003982544
val/mean-predicted-length: 7.282588958740234
val/mean-target-length: 9.149765014648438
val/next-item-accuracy: 0.34158071875572205
val/next-item-mae: 0.7576218247413635
val/next-item-map: 0.030860884115099907
val/next-item-map-micro: 0.24012768268585205
val/next-item-mean-time-step: 0.8859264850616455
val/next-item-rmse: 1.0886350870132446
val/next-k-label-distribution-delta: 5.4306864738464355
val/optimal-transport-distance: 6.872955799102783
val/sequence-labels-entropy: 0.7112576961517334
val/timestamps-bias-mean: 0.10179954767227173
val/timestamps-current_influence: -0.04444047808647156
