date: '2024-09-28 21:45:03'
test/T-mAP: 0.06714330613613129
test/T-mAP-micro: 0.38568317890167236
test/horizon-mean-time-step: 0.9222245216369629
test/loss: 3.357131242752075
test/loss_labels: 2.4492692947387695
test/loss_timestamps: 0.9078626036643982
test/mean-predicted-length: 7.319662570953369
test/mean-target-length: 9.136935234069824
test/next-item-accuracy: 0.34257715940475464
test/next-item-mae: 0.7583715319633484
test/next-item-map: 0.03464727848768234
test/next-item-map-micro: 0.2599368095397949
test/next-item-mean-time-step: 0.885482132434845
test/next-item-rmse: 1.0871753692626953
test/next-k-label-distribution-delta: 5.530158519744873
test/optimal-transport-distance: 6.897251605987549
test/sequence-labels-entropy: 0.6753842234611511
test/timestamps-bias-mean: 0.10152588039636612
test/timestamps-current_influence: -0.044440485537052155
val/T-mAP: 0.07456931471824646
val/T-mAP-micro: 0.3881661593914032
val/horizon-mean-time-step: 0.9246544241905212
val/loss: 3.337649345397949
val/loss_labels: 2.4310901165008545
val/loss_timestamps: 0.9065588712692261
val/mean-predicted-length: 7.3007636070251465
val/mean-target-length: 9.149765014648438
val/next-item-accuracy: 0.3433364927768707
val/next-item-mae: 0.7575688362121582
val/next-item-map: 0.03385065123438835
val/next-item-map-micro: 0.2627873420715332
val/next-item-mean-time-step: 0.885875940322876
val/next-item-rmse: 1.0884628295898438
val/next-k-label-distribution-delta: 5.518857955932617
val/optimal-transport-distance: 6.882107734680176
val/sequence-labels-entropy: 0.6716676950454712
val/timestamps-bias-mean: 0.10179954767227173
val/timestamps-current_influence: -0.04444047808647156
