date: '2024-09-03 12:13:37'
test/T-mAP: 0.3351730406284332
test/horizon-mean-time-step: 0.39431044459342957
test/loss: 4.797516345977783
test/loss__presence: 0.23238173127174377
test/loss_labels: 0.15407997369766235
test/loss_next_item_labels: 1.1858129501342773
test/loss_next_item_timestamps: 2.106412887573242
test/loss_timestamps: 1.118829607963562
test/match_cost_mean: 1.1542904376983643
test/match_cost_std: 1.65046226978302
test/max_cost: 49.40182113647461
test/mean-predicted-length: 6.8847336769104
test/mean-target-length: 8.905867576599121
test/next-item-accuracy: 0.5734646320343018
test/next-item-mae: 26.92984390258789
test/next-item-mean-time-step: 28.290681838989258
test/next-item-rmse: 183.6066436767578
test/optimal-transport-distance: 14.399234771728516
test/prediction_match_rate: 0.10193061083555222
test/target_match_rate: 1.0
val/T-mAP: 0.3373677432537079
val/horizon-mean-time-step: 0.39419469237327576
val/loss: 4.77193546295166
val/loss__presence: 0.23346447944641113
val/loss_labels: 0.15120923519134521
val/loss_next_item_labels: 1.1833064556121826
val/loss_next_item_timestamps: 2.08918833732605
val/loss_timestamps: 1.1147664785385132
val/match_cost_mean: 1.1483895778656006
val/match_cost_std: 1.6482062339782715
val/max_cost: 49.34492874145508
val/mean-predicted-length: 6.903879642486572
val/mean-target-length: 8.920743942260742
val/next-item-accuracy: 0.5746220946311951
val/next-item-mae: 26.42623519897461
val/next-item-mean-time-step: 27.74612045288086
val/next-item-rmse: 180.127197265625
val/optimal-transport-distance: 14.415731430053711
val/prediction_match_rate: 0.10244452953338623
val/target_match_rate: 1.0
