date: '2024-09-24 11:40:23'
test/T-mAP: 0.1677318662405014
test/T-mAP-micro: 0.2231934517621994
test/horizon-mean-time-step: 1.499679446220398
test/loss: 0.7191044688224792
test/loss_hypro-bce: 0.7191044688224792
test/mean-noise-energy: 15.834053039550781
test/mean-predicted-length: 7.3928542137146
test/mean-target-energy: -12.807862281799316
test/mean-target-length: 8.947009086608887
test/next-item-accuracy: 0.5835201740264893
test/next-item-mae: 3.9516401290893555
test/next-item-map: 0.4545028805732727
test/next-item-map-micro: 0.5849272608757019
test/next-item-mean-time-step: 27.665868759155273
test/next-item-rmse: 8.986631393432617
test/next-k-label-distribution-delta: 5.365756034851074
test/optimal-transport-distance: 14.873931884765625
val/T-mAP: 0.16937750577926636
val/T-mAP-micro: 0.22420349717140198
val/horizon-mean-time-step: 1.4988662004470825
val/loss: 0.7281834483146667
val/loss_hypro-bce: 0.7281834483146667
val/mean-noise-energy: 15.781294822692871
val/mean-predicted-length: 7.402580738067627
val/mean-target-energy: -12.69775104522705
val/mean-target-length: 9.00789737701416
val/next-item-accuracy: 0.5842866897583008
val/next-item-mae: 3.9009668827056885
val/next-item-map: 0.4533398747444153
val/next-item-map-micro: 0.5849993228912354
val/next-item-mean-time-step: 26.952659606933594
val/next-item-rmse: 8.922481536865234
val/next-k-label-distribution-delta: 5.354813575744629
val/optimal-transport-distance: 14.819595336914062
