date: '2024-09-06 19:17:52'
test/T-mAP: 0.15922068059444427
test/horizon-mean-time-step: 3.30906343460083
test/loss: 13.251548767089844
test/loss_hypro-bce: 13.251548767089844
test/mean-noise-energy: 0.14582331478595734
test/mean-predicted-length: 8.819685935974121
test/mean-target-energy: 0.17174239456653595
test/mean-target-length: 8.905867576599121
test/next-item-accuracy: 0.5691373944282532
test/next-item-mae: 3.779895544052124
test/next-item-mean-time-step: 28.21432113647461
test/next-item-rmse: 8.67229175567627
test/next-k-label-distribution-delta: 4.963106632232666
test/optimal-transport-distance: 15.078142166137695
val/T-mAP: 0.1594254970550537
val/horizon-mean-time-step: 3.3175406455993652
val/loss: 13.250521659851074
val/loss_hypro-bce: 13.250521659851074
val/mean-noise-energy: 0.14594197273254395
val/mean-predicted-length: 8.728793144226074
val/mean-target-energy: 0.17186978459358215
val/mean-target-length: 8.920743942260742
val/next-item-accuracy: 0.570511519908905
val/next-item-mae: 3.736006259918213
val/next-item-mean-time-step: 27.682863235473633
val/next-item-rmse: 8.617401123046875
val/next-k-label-distribution-delta: 4.95497989654541
val/optimal-transport-distance: 15.131145477294922
