date: '2024-08-16 13:05:38'
test/T-mAP: 0.12389293313026428
test/horizon-mean-time-step: 1.592669129371643
test/loss: 0.15611544251441956
test/loss_hypro-bce: 0.15611544251441956
test/mean-noise-energy: 8.626229286193848
test/mean-predicted-length: 11.7179594039917
test/mean-target-energy: -9.112568855285645
test/mean-target-length: 8.905867576599121
test/next-item-accuracy: 0.5691373944282532
test/next-item-mae: 27.939146041870117
test/next-item-mean-time-step: 28.214468002319336
test/next-item-rmse: 183.963623046875
test/optimal-transport-distance: 14.962085723876953
val/T-mAP: 0.1249825730919838
val/horizon-mean-time-step: 1.59371817111969
val/loss: 0.14904151856899261
val/loss_hypro-bce: 0.14904151856899261
val/mean-noise-energy: 8.624981880187988
val/mean-predicted-length: 11.693037033081055
val/mean-target-energy: -9.118600845336914
val/mean-target-length: 8.920743942260742
val/next-item-accuracy: 0.570511519908905
val/next-item-mae: 27.42509651184082
val/next-item-mean-time-step: 27.684608459472656
val/next-item-rmse: 180.4855194091797
val/optimal-transport-distance: 14.93955135345459
