date: '2024-09-14 02:11:16'
test/T-mAP: 0.13889269530773163
test/T-mAP-micro: 0.18317459523677826
test/horizon-mean-time-step: 2.9813930988311768
test/loss: 13.234160423278809
test/loss_hypro-bce: 13.234160423278809
test/mean-noise-energy: 0.14820748567581177
test/mean-predicted-length: 9.631492614746094
test/mean-target-energy: 0.18093255162239075
test/mean-target-length: 8.905867576599121
test/next-item-accuracy: 0.5691373944282532
test/next-item-mae: 3.77888560295105
test/next-item-map: 0.43040019273757935
test/next-item-map-micro: 0.5606973767280579
test/next-item-mean-time-step: 28.214929580688477
test/next-item-rmse: 8.671680450439453
test/next-k-label-distribution-delta: 4.9830217361450195
test/optimal-transport-distance: 14.962056159973145
val/T-mAP: 0.13937236368656158
val/T-mAP-micro: 0.18409673869609833
val/horizon-mean-time-step: 2.982386350631714
val/loss: 13.235201835632324
val/loss_hypro-bce: 13.235201835632324
val/mean-noise-energy: 0.14809398353099823
val/mean-predicted-length: 9.447958946228027
val/mean-target-energy: 0.18093204498291016
val/mean-target-length: 8.920743942260742
val/next-item-accuracy: 0.570511519908905
val/next-item-mae: 3.735921621322632
val/next-item-map: 0.4302235245704651
val/next-item-map-micro: 0.5615009069442749
val/next-item-mean-time-step: 27.683658599853516
val/next-item-rmse: 8.618256568908691
val/next-k-label-distribution-delta: 4.960625648498535
val/optimal-transport-distance: 14.965947151184082
