date: '2025-02-22 14:18:59'
test/T-mAP: 0.16125322878360748
test/T-mAP-weighted: 0.2186765968799591
test/horizon-max-f-score: 0.2954876720905304
test/horizon-max-f-score-weighted: 0.365445613861084
test/horizon-mean-time-step: 1.463210105895996
test/loss: 0.7320332527160645
test/loss_hypro-bce: 0.7320332527160645
test/mean-noise-energy: 9.338047981262207
test/mean-predicted-length: 7.40836238861084
test/mean-target-energy: -16.920024871826172
test/mean-target-length: 8.947009086608887
test/next-item-accuracy: 0.45694682002067566
test/next-item-mae: 3.9754178524017334
test/next-item-map: 0.45538344979286194
test/next-item-map-weighted: 0.584554135799408
test/next-item-max-f-score: 0.48777803778648376
test/next-item-max-f-score-weighted: 0.5959208011627197
test/next-item-mean-time-step: 27.680952072143555
test/next-item-rmse: 9.003535270690918
test/next-k-label-distribution-delta: 5.249910831451416
test/optimal-transport-distance: 14.754907608032227
test/sequence-labels-entropy: 1.5061774253845215
val/T-mAP: 0.16405089199543
val/T-mAP-weighted: 0.22135423123836517
val/horizon-max-f-score: 0.3010241687297821
val/horizon-max-f-score-weighted: 0.36965465545654297
val/horizon-mean-time-step: 1.4476245641708374
val/loss: 0.7458054423332214
val/loss_hypro-bce: 0.7458054423332214
val/mean-noise-energy: 9.320263862609863
val/mean-predicted-length: 7.408056735992432
val/mean-target-energy: -16.7934627532959
val/mean-target-length: 9.00789737701416
val/next-item-accuracy: 0.4573107361793518
val/next-item-mae: 3.923093795776367
val/next-item-map: 0.45356762409210205
val/next-item-map-weighted: 0.5849765539169312
val/next-item-max-f-score: 0.4861814081668854
val/next-item-max-f-score-weighted: 0.5976020097732544
val/next-item-mean-time-step: 26.96775245666504
val/next-item-rmse: 8.939541816711426
val/next-k-label-distribution-delta: 5.2057342529296875
val/optimal-transport-distance: 14.683501243591309
val/sequence-labels-entropy: 1.508461594581604
