date: '2024-06-04 15:33:32'
test/detection-mAP: 0.007451607380062342
test/horizon-mean-time-step: 22.468795776367188
test/loss: 0.0
test/mean-predicted-length: 8.298301696777344
test/mean-target-length: 8.905867576599121
test/next-item-accuracy: 0.017917554825544357
test/next-item-mae: 11.233512878417969
test/next-item-mean-time-step: 2.648642063140869
test/next-item-rmse: 17.3861026763916
test/optimal-transport-distance: 19.88065528869629
val/detection-mAP: 0.00725554907694459
val/horizon-mean-time-step: 22.488100051879883
val/loss: 0.0
val/mean-predicted-length: 8.312897682189941
val/mean-target-length: 8.920743942260742
val/next-item-accuracy: 0.017782365903258324
val/next-item-mae: 11.101496696472168
val/next-item-mean-time-step: 2.6187939643859863
val/next-item-rmse: 17.27108383178711
val/optimal-transport-distance: 19.89019012451172
