date: '2025-02-20 13:22:18'
num_seeds: 5
test/T-mAP: 0.2230900377035141
test/T-mAP-std: 0.0015097372321110699
test/T-mAP-weighted: 0.28665462136268616
test/T-mAP-weighted-std: 0.00438856511818794
test/horizon-max-f-score: 0.39045641422271726
test/horizon-max-f-score-std: 0.007441068497484696
test/horizon-max-f-score-weighted: 0.47608662247657774
test/horizon-max-f-score-weighted-std: 0.010562206259403531
test/horizon-mean-time-step: 2.2644744873046876
test/horizon-mean-time-step-std: 0.12085881493276292
test/loss: 3.3723514080047607
test/loss-std: 0.013714842053169952
test/loss_labels: 1.1429601430892944
test/loss_labels-std: 0.0034280855284614525
test/loss_timestamps: 2.2293915271759035
test/loss_timestamps-std: 0.010392935338063293
test/mean-predicted-length: 12.437751007080077
test/mean-predicted-length-std: 0.6301461606785628
test/mean-target-length: 8.947009086608887
test/mean-target-length-std: 0.0
test/next-item-accuracy: 0.5852042675018311
test/next-item-accuracy-std: 0.000603445819872061
test/next-item-mae: 2.995411825180054
test/next-item-mae-std: 0.01957858914475308
test/next-item-map: 0.46039181351661684
test/next-item-map-std: 0.0026061450398646006
test/next-item-map-weighted: 0.5889136910438537
test/next-item-map-weighted-std: 0.0013600685923365905
test/next-item-max-f-score: 0.4893151938915253
test/next-item-max-f-score-std: 0.002654373837018438
test/next-item-max-f-score-weighted: 0.5978194952011109
test/next-item-max-f-score-weighted-std: 0.00048405606949531235
test/next-item-mean-time-step: 27.827904510498048
test/next-item-mean-time-step-std: 0.021294063719715685
test/next-item-rmse: 8.878518867492676
test/next-item-rmse-std: 0.034328252288553705
test/next-k-label-distribution-delta: 3.936268663406372
test/next-k-label-distribution-delta-std: 0.024318427642866524
test/optimal-transport-distance: 11.552120018005372
test/optimal-transport-distance-std: 0.030478887125824857
test/sequence-labels-entropy: 1.4851994276046754
test/sequence-labels-entropy-std: 0.009238701325797741
val/T-mAP: 0.2255808264017105
val/T-mAP-std: 0.0013345860743678153
val/T-mAP-weighted: 0.287914514541626
val/T-mAP-weighted-std: 0.004320479742769259
val/horizon-max-f-score: 0.39578127264976504
val/horizon-max-f-score-std: 0.007354340078348914
val/horizon-max-f-score-weighted: 0.479731547832489
val/horizon-max-f-score-weighted-std: 0.010830725349342282
val/horizon-mean-time-step: 2.2598917484283447
val/horizon-mean-time-step-std: 0.12001731017634375
val/loss: 3.339917516708374
val/loss-std: 0.013163594748212564
val/loss_labels: 1.1408178329467773
val/loss_labels-std: 0.0032748737220137762
val/loss_timestamps: 2.1991002559661865
val/loss_timestamps-std: 0.009987245702756652
val/mean-predicted-length: 12.456175804138184
val/mean-predicted-length-std: 0.6199868829433132
val/mean-target-length: 9.00789737701416
val/mean-target-length-std: 0.0
val/next-item-accuracy: 0.585992157459259
val/next-item-accuracy-std: 0.0006621570518505579
val/next-item-mae: 2.9540937423706053
val/next-item-mae-std: 0.019863789974994005
val/next-item-map: 0.45874722599983214
val/next-item-map-std: 0.001645987465907399
val/next-item-map-weighted: 0.5889994621276855
val/next-item-map-weighted-std: 0.0012972903355078066
val/next-item-max-f-score: 0.4886713743209839
val/next-item-max-f-score-std: 0.0008297946035595773
val/next-item-max-f-score-weighted: 0.5992390632629394
val/next-item-max-f-score-weighted-std: 0.000561084828129325
val/next-item-mean-time-step: 27.105352020263673
val/next-item-mean-time-step-std: 0.022199107604029218
val/next-item-rmse: 8.809633255004883
val/next-item-rmse-std: 0.0352307263052507
val/next-k-label-distribution-delta: 3.9139530181884767
val/next-k-label-distribution-delta-std: 0.023911473527607016
val/optimal-transport-distance: 11.527838325500488
val/optimal-transport-distance-std: 0.02529460024651983
val/sequence-labels-entropy: 1.489353895187378
val/sequence-labels-entropy-std: 0.009045300555383643
