date: '2025-02-23 05:30:55'
num_seeds: 5
test/T-mAP: 0.16191691160202026
test/T-mAP-std: 0.0074091913999240816
test/T-mAP-weighted: 0.19365224838256836
test/T-mAP-weighted-std: 0.010286275482185626
test/horizon-max-f-score: 0.26168047189712523
test/horizon-max-f-score-std: 0.0056778115665838845
test/horizon-max-f-score-weighted: 0.3100352883338928
test/horizon-max-f-score-weighted-std: 0.006031528116756126
test/horizon-mean-time-step: 2.7573839664459228
test/horizon-mean-time-step-std: 0.2770943711981079
test/loss: -1.7215491771697997
test/loss-std: 0.11128636022102621
test/loss_nhp: -1.7215491771697997
test/loss_nhp-std: 0.11128636022102621
test/mean-predicted-length: 11.566923332214355
test/mean-predicted-length-std: 0.9542429294835787
test/mean-target-length: 8.947009086608887
test/mean-target-length-std: 0.0
test/next-item-accuracy: 0.4416162073612213
test/next-item-accuracy-std: 0.007607607679544795
test/next-item-mae: 2.914488744735718
test/next-item-mae-std: 0.01497677962086271
test/next-item-map: 0.2747829556465149
test/next-item-map-std: 0.010360286976955265
test/next-item-map-weighted: 0.35794777870178224
test/next-item-map-weighted-std: 0.012488986170998629
test/next-item-max-f-score: 0.3541688024997711
test/next-item-max-f-score-std: 0.008477207430863826
test/next-item-max-f-score-weighted: 0.4556331098079681
test/next-item-max-f-score-weighted-std: 0.00926845164027554
test/next-item-mean-time-step: 27.501578903198244
test/next-item-mean-time-step-std: 0.008210772631472
test/next-item-rmse: 8.56342887878418
test/next-item-rmse-std: 0.007902549564817288
test/next-k-label-distribution-delta: 5.161037826538086
test/next-k-label-distribution-delta-std: 0.07602151301978317
test/optimal-transport-distance: 14.388519859313964
test/optimal-transport-distance-std: 0.20303564705087757
test/sequence-labels-entropy: 1.1549755573272704
test/sequence-labels-entropy-std: 0.027945008225535296
test/thinning_accepted: 41.51838989257813
test/thinning_accepted-std: 0.15653398034577323
val/T-mAP: 0.16373037099838256
val/T-mAP-std: 0.007536313841908974
val/T-mAP-weighted: 0.19489334225654603
val/T-mAP-weighted-std: 0.01035933060187127
val/horizon-max-f-score: 0.26427510380744934
val/horizon-max-f-score-std: 0.006111805328275746
val/horizon-max-f-score-weighted: 0.3115215599536896
val/horizon-max-f-score-weighted-std: 0.006285993842077796
val/horizon-mean-time-step: 2.758440637588501
val/horizon-mean-time-step-std: 0.27825236729086916
val/loss: -0.5941616296768188
val/loss-std: 0.258346021671443
val/loss_nhp: -0.5941616296768188
val/loss_nhp-std: 0.258346021671443
val/mean-predicted-length: 11.552574348449706
val/mean-predicted-length-std: 0.9638901609485159
val/mean-target-length: 9.00789737701416
val/mean-target-length-std: 0.0
val/next-item-accuracy: 0.44167148470878603
val/next-item-accuracy-std: 0.007620642901324351
val/next-item-mae: 2.8747880935668944
val/next-item-mae-std: 0.013583888727948674
val/next-item-map: 0.27551737427711487
val/next-item-map-std: 0.010169765923532617
val/next-item-map-weighted: 0.3592630088329315
val/next-item-map-weighted-std: 0.012314855053435422
val/next-item-max-f-score: 0.3547555983066559
val/next-item-max-f-score-std: 0.008337938553802536
val/next-item-max-f-score-weighted: 0.4563088119029999
val/next-item-max-f-score-weighted-std: 0.00903415463414109
val/next-item-mean-time-step: 26.78606414794922
val/next-item-mean-time-step-std: 0.0076449488394261566
val/next-item-rmse: 8.498087501525879
val/next-item-rmse-std: 0.006641280673506686
val/next-k-label-distribution-delta: 5.160619449615479
val/next-k-label-distribution-delta-std: 0.07396593713873659
val/optimal-transport-distance: 14.355959510803222
val/optimal-transport-distance-std: 0.20120997685871755
val/sequence-labels-entropy: 1.1591912508010864
val/sequence-labels-entropy-std: 0.027844929633059776
val/thinning_accepted: 41.65694351196289
val/thinning_accepted-std: 0.2203203951093337
