date: '2025-02-04 13:38:32'
num_seeds: 5
test/T-mAP: 0.23679710924625397
test/T-mAP-micro: 0.3004827857017517
test/T-mAP-micro-std: 0.004302127500586614
test/T-mAP-std: 0.0029225109766008012
test/horizon-max-accuracy-micro: 0.5525778770446778
test/horizon-max-accuracy-micro-std: 0.0037041322983164073
test/horizon-mean-time-step: 2.4933973789215087
test/horizon-mean-time-step-std: 0.06793682414516854
test/loss: 3.359840488433838
test/loss-std: 0.009576756450059547
test/loss_labels: 1.1402341604232789
test/loss_labels-std: 0.002675801346633559
test/loss_timestamps: 2.2196067333221436
test/loss_timestamps-std: 0.006959915194781913
test/mean-predicted-length: 11.710431098937988
test/mean-predicted-length-std: 0.26208091555541757
test/mean-target-length: 8.947009086608887
test/mean-target-length-std: 0.0
test/next-item-accuracy: 0.5857474088668824
test/next-item-accuracy-std: 0.0004235889157530055
test/next-item-mae: 3.0303184509277346
test/next-item-mae-std: 0.013878419129478218
test/next-item-map: 0.47964603900909425
test/next-item-map-micro: 0.5906893849372864
test/next-item-map-micro-std: 0.0011257594029953262
test/next-item-map-std: 0.01505909666284912
test/next-item-max-accuracy: 0.6276262879371644
test/next-item-max-accuracy-std: 0.0003992444960039157
test/next-item-mean-time-step: 27.873001480102538
test/next-item-mean-time-step-std: 0.01452507252693984
test/next-item-rmse: 8.956994819641114
test/next-item-rmse-std: 0.021235689440506963
test/next-k-label-distribution-delta: 3.9370578289031983
test/next-k-label-distribution-delta-std: 0.005135737308488733
test/optimal-transport-distance: 11.484103012084962
test/optimal-transport-distance-std: 0.02328702424751623
test/sequence-labels-entropy: 1.466257929801941
test/sequence-labels-entropy-std: 0.006198838649187216
val/T-mAP: 0.24067899882793425
val/T-mAP-micro: 0.3038641273975372
val/T-mAP-micro-std: 0.004541514164783521
val/T-mAP-std: 0.0031054890267495764
val/horizon-max-accuracy-micro: 0.5546750664710999
val/horizon-max-accuracy-micro-std: 0.0035786943642760584
val/horizon-mean-time-step: 2.4878853797912597
val/horizon-mean-time-step-std: 0.0667288465805777
val/loss: 3.3291187286376953
val/loss-std: 0.009538630775563965
val/loss_labels: 1.1380299568176269
val/loss_labels-std: 0.002909052033322925
val/loss_timestamps: 2.191088819503784
val/loss_timestamps-std: 0.006682414616201667
val/mean-predicted-length: 11.704510116577149
val/mean-predicted-length-std: 0.2659741311340328
val/mean-target-length: 9.00789737701416
val/mean-target-length-std: 0.0
val/next-item-accuracy: 0.5864834308624267
val/next-item-accuracy-std: 0.0006377426117198336
val/next-item-mae: 2.9895228862762453
val/next-item-mae-std: 0.013562155168324954
val/next-item-map: 0.46165119409561156
val/next-item-map-micro: 0.5907119035720825
val/next-item-map-micro-std: 0.001176317409606265
val/next-item-map-std: 0.0017499178504839289
val/next-item-max-accuracy: 0.6279538869857788
val/next-item-max-accuracy-std: 0.0005796034362035777
val/next-item-mean-time-step: 27.1509147644043
val/next-item-mean-time-step-std: 0.015185059824412699
val/next-item-rmse: 8.889551544189453
val/next-item-rmse-std: 0.021178490423495202
val/next-k-label-distribution-delta: 3.9189388275146486
val/next-k-label-distribution-delta-std: 0.007890644692238007
val/optimal-transport-distance: 11.464667510986327
val/optimal-transport-distance-std: 0.018721467730408045
val/sequence-labels-entropy: 1.4703538179397584
val/sequence-labels-entropy-std: 0.005998228307736411
