date: '2025-01-27 21:38:55'
num_seeds: 5
test/T-mAP: 0.13802273869514464
test/T-mAP-micro: 0.20361874401569366
test/T-mAP-micro-std: 0.017062591089391087
test/T-mAP-std: 0.014585311980571216
test/horizon-max-accuracy-micro: 0.5165679574012756
test/horizon-max-accuracy-micro-std: 0.006941322068648152
test/horizon-mean-time-step: 0.46511954814195633
test/horizon-mean-time-step-std: 0.27407202536994324
test/loss: 22.67374439239502
test/loss-std: 16.00988417979733
test/loss_decoder_labels: 0.0019458756811218335
test/loss_decoder_labels-std: 0.0009044754087915708
test/loss_decoder_timestamps: 0.060595392063260076
test/loss_decoder_timestamps-std: 0.018721087111359905
test/loss_diffusion: 22.60927734375
test/loss_diffusion-std: 15.996854323682413
test/loss_embedder_regularizer: 0.0019220080692321062
test/loss_embedder_regularizer-std: 0.001822471014215512
test/mean-predicted-length: 15.880565452575684
test/mean-predicted-length-std: 0.15467127612495923
test/mean-target-length: 8.947009086608887
test/mean-target-length-std: 0.0
test/next-item-accuracy: 0.27511607110500336
test/next-item-accuracy-std: 0.054304082183829705
test/next-item-mae: 3.134034585952759
test/next-item-mae-std: 0.12091786677198764
test/next-item-map: 0.1564661055803299
test/next-item-map-micro: 0.2331635683774948
test/next-item-map-micro-std: 0.035850927404253906
test/next-item-map-std: 0.015515713047590958
test/next-item-max-accuracy: 0.5333663344383239
test/next-item-max-accuracy-std: 0.011999430449803157
test/next-item-mean-time-step: 27.584915924072266
test/next-item-mean-time-step-std: 0.08460224104646523
test/next-item-rmse: 8.74813175201416
test/next-item-rmse-std: 0.13830949302003273
test/next-k-label-distribution-delta: 6.337386512756348
test/next-k-label-distribution-delta-std: 0.6641969784990573
test/optimal-transport-distance: 15.540827751159668
test/optimal-transport-distance-std: 0.8109340889412618
test/sequence-labels-entropy: 1.4513838768005372
test/sequence-labels-entropy-std: 0.11474777985739357
val/T-mAP: 0.1393007904291153
val/T-mAP-micro: 0.20397683680057527
val/T-mAP-micro-std: 0.017256037185968305
val/T-mAP-std: 0.014921218115175385
val/horizon-max-accuracy-micro: 0.5174129366874695
val/horizon-max-accuracy-micro-std: 0.007076483193716064
val/horizon-mean-time-step: 0.4650048166513443
val/horizon-mean-time-step-std: 0.2744559780740527
val/loss: 22.558945655822754
val/loss-std: 15.888766486510018
val/loss_decoder_labels: 0.001996988963219337
val/loss_decoder_labels-std: 0.0009513343385762104
val/loss_decoder_timestamps: 0.060505344346165654
val/loss_decoder_timestamps-std: 0.018547870069796014
val/loss_diffusion: 22.494528198242186
val/loss_diffusion-std: 15.876008184812424
val/loss_embedder_regularizer: 0.0019195190398022532
val/loss_embedder_regularizer-std: 0.0018201995999490698
val/mean-predicted-length: 15.883124732971192
val/mean-predicted-length-std: 0.15183521030451372
val/mean-target-length: 9.00789737701416
val/mean-target-length-std: 0.0
val/next-item-accuracy: 0.27531681656837464
val/next-item-accuracy-std: 0.05409180189268491
val/next-item-mae: 3.098980712890625
val/next-item-mae-std: 0.123142032340774
val/next-item-map: 0.15677973628044128
val/next-item-map-micro: 0.23283993899822236
val/next-item-map-micro-std: 0.03543336546664007
val/next-item-map-std: 0.015062300388169967
val/next-item-max-accuracy: 0.5333383321762085
val/next-item-max-accuracy-std: 0.011866090576416669
val/next-item-mean-time-step: 26.873442077636717
val/next-item-mean-time-step-std: 0.08616654507165751
val/next-item-rmse: 8.688031005859376
val/next-item-rmse-std: 0.146334195667131
val/next-k-label-distribution-delta: 6.315570831298828
val/next-k-label-distribution-delta-std: 0.6739252945873142
val/optimal-transport-distance: 15.511318588256836
val/optimal-transport-distance-std: 0.8209892052895581
val/sequence-labels-entropy: 1.455375599861145
val/sequence-labels-entropy-std: 0.11347478527676085
