date: '2025-02-12 17:04:15'
num_seeds: 1
test/T-mAP: 0.015605245716869831
test/T-mAP-std: 0.0
test/T-mAP-weighted: 0.02445468306541443
test/T-mAP-weighted-std: 0.0
test/horizon-max-f-score: 0.0764152929186821
test/horizon-max-f-score-std: 0.0
test/horizon-max-f-score-weighted: 0.11756276339292526
test/horizon-max-f-score-weighted-std: 0.0
test/horizon-mean-time-step: 27.479225158691406
test/horizon-mean-time-step-std: 0.0
test/loss: 0.0
test/loss-std: 0.0
test/mean-predicted-length: 2.717346668243408
test/mean-predicted-length-std: 0.0
test/mean-target-length: 8.919472694396973
test/mean-target-length-std: 0.0
test/next-item-accuracy: 0.04799312725663185
test/next-item-accuracy-std: 0.0
test/next-item-mae: 14.522637367248535
test/next-item-mae-std: 0.0
test/next-item-map: 0.027476569637656212
test/next-item-map-std: 0.0
test/next-item-map-weighted: 0.04312414675951004
test/next-item-map-weighted-std: 0.0
test/next-item-max-f-score: 0.054798346012830734
test/next-item-max-f-score-std: 0.0
test/next-item-max-f-score-weighted: 0.08713150769472122
test/next-item-max-f-score-weighted-std: 0.0
test/next-item-mean-time-step: 31.538888931274414
test/next-item-mean-time-step-std: 0.0
test/next-item-rmse: 19.87016487121582
test/next-item-rmse-std: 0.0
test/next-k-label-distribution-delta: 7.557936191558838
test/next-k-label-distribution-delta-std: 0.0
test/optimal-transport-distance: 19.751548767089844
test/optimal-transport-distance-std: 0.0
test/sequence-labels-entropy: 0.7412075400352478
test/sequence-labels-entropy-std: 0.0
val/T-mAP: 0.01628522388637066
val/T-mAP-std: 0.0
val/T-mAP-weighted: 0.025338413193821907
val/T-mAP-weighted-std: 0.0
val/horizon-max-f-score: 0.0779896154999733
val/horizon-max-f-score-std: 0.0
val/horizon-max-f-score-weighted: 0.11874421685934067
val/horizon-max-f-score-weighted-std: 0.0
val/horizon-mean-time-step: 26.878734588623047
val/horizon-mean-time-step-std: 0.0
val/loss: 0.0
val/loss-std: 0.0
val/mean-predicted-length: 2.776545763015747
val/mean-predicted-length-std: 0.0
val/mean-target-length: 9.000659942626953
val/mean-target-length-std: 0.0
val/next-item-accuracy: 0.04659300670027733
val/next-item-accuracy-std: 0.0
val/next-item-mae: 14.197744369506836
val/next-item-mae-std: 0.0
val/next-item-map: 0.027437346056103706
val/next-item-map-std: 0.0
val/next-item-map-weighted: 0.04283196106553078
val/next-item-map-weighted-std: 0.0
val/next-item-max-f-score: 0.054781168699264526
val/next-item-max-f-score-std: 0.0
val/next-item-max-f-score-weighted: 0.08670282363891602
val/next-item-max-f-score-weighted-std: 0.0
val/next-item-mean-time-step: 30.714635848999023
val/next-item-mean-time-step-std: 0.0
val/next-item-rmse: 19.606395721435547
val/next-item-rmse-std: 0.0
val/next-k-label-distribution-delta: 7.586329936981201
val/next-k-label-distribution-delta-std: 0.0
val/optimal-transport-distance: 19.74686050415039
val/optimal-transport-distance-std: 0.0
val/sequence-labels-entropy: 0.7555612921714783
val/sequence-labels-entropy-std: 0.0
