date: '2025-02-03 13:35:26'
num_seeds: 5
test/T-mAP: 0.22821373045444487
test/T-mAP-micro: 0.2817390561103821
test/T-mAP-micro-std: 0.0015422012151279582
test/T-mAP-std: 0.0011662934082806052
test/horizon-max-accuracy-micro: 0.5464062094688416
test/horizon-max-accuracy-micro-std: 0.000730409449088377
test/horizon-mean-time-step: 0.21114794611930848
test/horizon-mean-time-step-std: 0.010064524283977843
test/loss: 8.183230018615722
test/loss-std: 0.004544204643551321
test/loss_decoder_labels: 2.624523162841797
test/loss_decoder_labels-std: 0.001937322799689857
test/loss_decoder_timestamps: 2.8436115264892576
test/loss_decoder_timestamps-std: 0.0011414095926760342
test/loss_diffusion: 2.715094232559204
test/loss_diffusion-std: 0.0024981261463571376
test/loss_embedder_regularizer: 8.719500897313992e-07
test/loss_embedder_regularizer-std: 3.2054747803725215e-09
test/mean-predicted-length: 15.42875862121582
test/mean-predicted-length-std: 0.03633029018735866
test/mean-target-length: 8.919472694396973
test/mean-target-length-std: 0.0
test/next-item-accuracy: 0.46220276355743406
test/next-item-accuracy-std: 0.05308779062131961
test/next-item-mae: 2.9885051250457764
test/next-item-mae-std: 0.014556884262671752
test/next-item-map: 0.33672800064086916
test/next-item-map-micro: 0.4620102822780609
test/next-item-map-micro-std: 0.05214598422764695
test/next-item-map-std: 0.03659649737135575
test/next-item-max-accuracy: 0.5884662747383118
test/next-item-max-accuracy-std: 0.009864375177470104
test/next-item-mean-time-step: 27.659141540527344
test/next-item-mean-time-step-std: 0.016051332099624806
test/next-item-rmse: 8.752031898498535
test/next-item-rmse-std: 0.005122348073977467
test/next-k-label-distribution-delta: 4.727972030639648
test/next-k-label-distribution-delta-std: 0.12482105791328786
test/optimal-transport-distance: 13.281806182861327
test/optimal-transport-distance-std: 0.1413272364419841
test/sequence-labels-entropy: 1.1545676469802857
test/sequence-labels-entropy-std: 0.013484540346146092
val/T-mAP: 0.22901273369789124
val/T-mAP-micro: 0.28126360177993776
val/T-mAP-micro-std: 0.0011855015287782098
val/T-mAP-std: 0.0010337165204552905
val/horizon-max-accuracy-micro: 0.546615195274353
val/horizon-max-accuracy-micro-std: 0.000557508088593259
val/horizon-mean-time-step: 0.21540604531764984
val/horizon-mean-time-step-std: 0.01045397672693436
val/loss: 8.129665565490722
val/loss-std: 0.004996677736800332
val/loss_decoder_labels: 2.615045690536499
val/loss_decoder_labels-std: 0.0022818376641834852
val/loss_decoder_timestamps: 2.801746892929077
val/loss_decoder_timestamps-std: 0.0013631228539114685
val/loss_diffusion: 2.712871551513672
val/loss_diffusion-std: 0.002384438620513189
val/loss_embedder_regularizer: 8.7148110878843e-07
val/loss_embedder_regularizer-std: 3.194194875191984e-09
val/mean-predicted-length: 15.464942359924317
val/mean-predicted-length-std: 0.03610006931056006
val/mean-target-length: 9.000659942626953
val/mean-target-length-std: 0.0
val/next-item-accuracy: 0.4632692992687225
val/next-item-accuracy-std: 0.05345984837139474
val/next-item-mae: 2.934634208679199
val/next-item-mae-std: 0.014454844681105942
val/next-item-map: 0.33769317269325255
val/next-item-map-micro: 0.4626611053943634
val/next-item-map-micro-std: 0.05245349309778929
val/next-item-map-std: 0.03726021440427743
val/next-item-max-accuracy: 0.5890909790992737
val/next-item-max-accuracy-std: 0.009941865260390467
val/next-item-mean-time-step: 26.93780975341797
val/next-item-mean-time-step-std: 0.014257240120620686
val/next-item-rmse: 8.662972259521485
val/next-item-rmse-std: 0.004892453659162871
val/next-k-label-distribution-delta: 4.70971565246582
val/next-k-label-distribution-delta-std: 0.12991936702678908
val/optimal-transport-distance: 13.246597480773925
val/optimal-transport-distance-std: 0.1471051597041141
val/sequence-labels-entropy: 1.1609827280044556
val/sequence-labels-entropy-std: 0.014209855331059954
