date: '2025-02-13 13:36:55'
num_seeds: 1
test/T-mAP: 0.04193835332989693
test/T-mAP-std: 0.0
test/T-mAP-weighted: 0.06439319252967834
test/T-mAP-weighted-std: 0.0
test/horizon-max-f-score: 0.09259191900491714
test/horizon-max-f-score-std: 0.0
test/horizon-max-f-score-weighted: 0.14101074635982513
test/horizon-max-f-score-weighted-std: 0.0
test/horizon-mean-time-step: 0.12895271182060242
test/horizon-mean-time-step-std: 0.0
test/loss: 0.0
test/loss-std: 0.0
test/mean-predicted-length: 159.97300720214844
test/mean-predicted-length-std: 0.0
test/mean-target-length: 8.919472694396973
test/mean-target-length-std: 0.0
test/next-item-accuracy: 0.007393742445856333
test/next-item-accuracy-std: 0.0
test/next-item-mae: 3.2302215099334717
test/next-item-mae-std: 0.0
test/next-item-map: 0.026327818632125854
test/next-item-map-std: 0.0
test/next-item-map-weighted: 0.0411716029047966
test/next-item-map-weighted-std: 0.0
test/next-item-max-f-score: 0.054724451154470444
test/next-item-max-f-score-std: 0.0
test/next-item-max-f-score-weighted: 0.08711077272891998
test/next-item-max-f-score-weighted-std: 0.0
test/next-item-mean-time-step: 27.28261375427246
test/next-item-mean-time-step-std: 0.0
test/next-item-rmse: 8.754422187805176
test/next-item-rmse-std: 0.0
test/next-k-label-distribution-delta: 8.236128807067871
test/next-k-label-distribution-delta-std: 0.0
test/optimal-transport-distance: 18.92401695251465
test/optimal-transport-distance-std: 0.0
test/sequence-labels-entropy: 1.9538623094558716
test/sequence-labels-entropy-std: 0.0
val/T-mAP: 0.042494770139455795
val/T-mAP-std: 0.0
val/T-mAP-weighted: 0.06484207510948181
val/T-mAP-weighted-std: 0.0
val/horizon-max-f-score: 0.09305965900421143
val/horizon-max-f-score-std: 0.0
val/horizon-max-f-score-weighted: 0.1408289670944214
val/horizon-max-f-score-weighted-std: 0.0
val/horizon-mean-time-step: 0.12897847592830658
val/horizon-mean-time-step-std: 0.0
val/loss: 0.0
val/loss-std: 0.0
val/mean-predicted-length: 159.94125366210938
val/mean-predicted-length-std: 0.0
val/mean-target-length: 9.000659942626953
val/mean-target-length-std: 0.0
val/next-item-accuracy: 0.007431176956743002
val/next-item-accuracy-std: 0.0
val/next-item-mae: 3.186809778213501
val/next-item-mae-std: 0.0
val/next-item-map: 0.026340153068304062
val/next-item-map-std: 0.0
val/next-item-map-weighted: 0.04101322963833809
val/next-item-map-weighted-std: 0.0
val/next-item-max-f-score: 0.05472370982170105
val/next-item-max-f-score-std: 0.0
val/next-item-max-f-score-weighted: 0.08668165653944016
val/next-item-max-f-score-weighted-std: 0.0
val/next-item-mean-time-step: 26.574708938598633
val/next-item-mean-time-step-std: 0.0
val/next-item-rmse: 8.676207542419434
val/next-item-rmse-std: 0.0
val/next-k-label-distribution-delta: 8.258976936340332
val/next-k-label-distribution-delta-std: 0.0
val/optimal-transport-distance: 18.939800262451172
val/optimal-transport-distance-std: 0.0
val/sequence-labels-entropy: 1.9570825099945068
val/sequence-labels-entropy-std: 0.0
