date: '2025-02-21 08:42:34'
num_seeds: 5
test/T-mAP: 0.0980343222618103
test/T-mAP-std: 0.003755841943846234
test/T-mAP-weighted: 0.1517791837453842
test/T-mAP-weighted-std: 0.007293049399213055
test/horizon-max-f-score: 0.23418997526168822
test/horizon-max-f-score-std: 0.00910892540552779
test/horizon-max-f-score-weighted: 0.32091299295425413
test/horizon-max-f-score-weighted-std: 0.014388899549598166
test/horizon-mean-time-step: 9.00957374572754
test/horizon-mean-time-step-std: 1.2588168540222524
test/loss: -1.2692257165908813
test/loss-std: 0.3486003174705879
test/loss_nhp: -1.2692257165908813
test/loss_nhp-std: 0.3486003174705879
test/mean-predicted-length: 3.0115845680236815
test/mean-predicted-length-std: 0.5190568512957294
test/mean-target-length: 8.947009086608887
test/mean-target-length-std: 0.0
test/next-item-accuracy: 0.23186635375022888
test/next-item-accuracy-std: 0.006116376889590304
test/next-item-mae: 4.708992290496826
test/next-item-mae-std: 0.3143774899391254
test/next-item-map: 0.11668159365653992
test/next-item-map-std: 0.003914513920753248
test/next-item-map-weighted: 0.19417273998260498
test/next-item-map-weighted-std: 0.004032654482672335
test/next-item-max-f-score: 0.17633812129497528
test/next-item-max-f-score-std: 0.0022713022139164143
test/next-item-max-f-score-weighted: 0.26603899598121644
test/next-item-max-f-score-weighted-std: 0.0040480811002275175
test/next-item-mean-time-step: 29.032632446289064
test/next-item-mean-time-step-std: 0.24356307124490192
test/next-item-rmse: 11.477276611328126
test/next-item-rmse-std: 0.44529764169621
test/next-k-label-distribution-delta: 7.196558570861816
test/next-k-label-distribution-delta-std: 0.12886469243605564
test/optimal-transport-distance: 17.915551376342773
test/optimal-transport-distance-std: 0.33058250785806476
test/sequence-labels-entropy: 0.5152354001998901
test/sequence-labels-entropy-std: 0.08228113566636854
test/thinning_accepted: 22.596086502075195
test/thinning_accepted-std: 3.3644192111046447
val/T-mAP: 0.09763475507497787
val/T-mAP-std: 0.004056105638788876
val/T-mAP-weighted: 0.14971818029880524
val/T-mAP-weighted-std: 0.007195633668565643
val/horizon-max-f-score: 0.23554221987724305
val/horizon-max-f-score-std: 0.009284550698520308
val/horizon-max-f-score-weighted: 0.32030081152915957
val/horizon-max-f-score-weighted-std: 0.013942264807799204
val/horizon-mean-time-step: 9.001052761077881
val/horizon-mean-time-step-std: 1.2560285280915486
val/loss: -1.2113834977149964
val/loss-std: 0.350215342252095
val/loss_nhp: -1.2113834977149964
val/loss_nhp-std: 0.350215342252095
val/mean-predicted-length: 3.0136422634124758
val/mean-predicted-length-std: 0.5276826167325975
val/mean-target-length: 9.00789737701416
val/mean-target-length-std: 0.0
val/next-item-accuracy: 0.23125005662441253
val/next-item-accuracy-std: 0.006049702673078025
val/next-item-mae: 4.673957443237304
val/next-item-mae-std: 0.311121991726879
val/next-item-map: 0.1167366698384285
val/next-item-map-std: 0.003840842103560788
val/next-item-map-weighted: 0.19376566410064697
val/next-item-map-weighted-std: 0.0037340945847052364
val/next-item-max-f-score: 0.17634360492229462
val/next-item-max-f-score-std: 0.002063175922814768
val/next-item-max-f-score-weighted: 0.26551859378814696
val/next-item-max-f-score-weighted-std: 0.003884098145535207
val/next-item-mean-time-step: 28.3141788482666
val/next-item-mean-time-step-std: 0.2404944844874095
val/next-item-rmse: 11.430997848510742
val/next-item-rmse-std: 0.440421962124706
val/next-k-label-distribution-delta: 7.203774929046631
val/next-k-label-distribution-delta-std: 0.12859148976144846
val/optimal-transport-distance: 17.919717025756835
val/optimal-transport-distance-std: 0.34014111539668473
val/sequence-labels-entropy: 0.5176125705242157
val/sequence-labels-entropy-std: 0.08586683419103043
val/thinning_accepted: 22.159267044067384
val/thinning_accepted-std: 3.5477215917614444
