date: '2025-11-20 20:22:02'
num_seeds: 5
test/T-mAP: 0.02738812007009983
test/T-mAP-std: 0.0
test/T-mAP-weighted: 0.04360884800553322
test/T-mAP-weighted-std: 0.0
test/horizon-edit-distance: 0.9432331919670105
test/horizon-edit-distance-std: 0.0
test/horizon-f1-score-micro: 0.07442459464073181
test/horizon-f1-score-micro-std: 0.0
test/horizon-max-f-score: 0.07623518258333206
test/horizon-max-f-score-std: 0.0
test/horizon-max-f-score-weighted: 0.11907050013542175
test/horizon-max-f-score-weighted-std: 0.0
test/horizon-mean-time-step: 3.383317232131958
test/horizon-mean-time-step-std: 0.0
test/loss: 0.0
test/loss-std: 0.0
test/mean-predicted-length: 4.693262577056885
test/mean-predicted-length-std: 0.0
test/mean-target-length: 8.931282043457031
test/mean-target-length-std: 0.0
test/next-item-accuracy: 0.04776657745242119
test/next-item-accuracy-std: 0.0
test/next-item-mae: 5.663158416748047
test/next-item-mae-std: 0.0
test/next-item-map: 0.027455592527985573
test/next-item-map-std: 0.0
test/next-item-map-weighted: 0.0430920347571373
test/next-item-map-weighted-std: 0.0
test/next-item-max-f-score: 0.054781295359134674
test/next-item-max-f-score-std: 0.0
test/next-item-max-f-score-weighted: 0.08712104707956314
test/next-item-max-f-score-weighted-std: 0.0
test/next-item-mean-time-step: 27.855724334716797
test/next-item-mean-time-step-std: 0.0
test/next-item-rmse: 10.009842872619629
test/next-item-rmse-std: 0.0
test/next-k-label-distribution-delta: 7.568567276000977
test/next-k-label-distribution-delta-std: 0.0
test/optimal-transport-distance: 19.630367279052734
test/optimal-transport-distance-std: 0.0
test/sequence-labels-entropy: 0.9996393322944641
test/sequence-labels-entropy-std: 0.0
test/sequence-unique-labels: 9.847030639648438
test/sequence-unique-labels-std: 0.0
test/target-sequence-labels-entropy: 1.4284906387329102
test/target-sequence-labels-entropy-std: 0.0
test/target-sequence-unique-labels: 17.453502655029297
test/target-sequence-unique-labels-std: 0.0
val/T-mAP: 0.02724497951567173
val/T-mAP-std: 0.0
val/T-mAP-weighted: 0.04312673583626747
val/T-mAP-weighted-std: 0.0
val/horizon-edit-distance: 0.9432392120361328
val/horizon-edit-distance-std: 0.0
val/horizon-f1-score-micro: 0.07465934008359909
val/horizon-f1-score-micro-std: 0.0
val/horizon-max-f-score: 0.07696231454610825
val/horizon-max-f-score-std: 0.0
val/horizon-max-f-score-weighted: 0.1191803514957428
val/horizon-max-f-score-weighted-std: 0.0
val/horizon-mean-time-step: 3.3892364501953125
val/horizon-mean-time-step-std: 0.0
val/loss: 0.0
val/loss-std: 0.0
val/mean-predicted-length: 4.6888532638549805
val/mean-predicted-length-std: 0.0
val/mean-target-length: 9.00789737701416
val/mean-target-length-std: 0.0
val/next-item-accuracy: 0.04682115837931633
val/next-item-accuracy-std: 0.0
val/next-item-mae: 5.596755504608154
val/next-item-mae-std: 0.0
val/next-item-map: 0.027442466467618942
val/next-item-map-std: 0.0
val/next-item-map-weighted: 0.042837731540203094
val/next-item-map-weighted-std: 0.0
val/next-item-max-f-score: 0.054791830480098724
val/next-item-max-f-score-std: 0.0
val/next-item-max-f-score-weighted: 0.08667431771755219
val/next-item-max-f-score-weighted-std: 0.0
val/next-item-mean-time-step: 27.076282501220703
val/next-item-mean-time-step-std: 0.0
val/next-item-rmse: 9.929488182067871
val/next-item-rmse-std: 0.0
val/next-k-label-distribution-delta: 7.584789276123047
val/next-k-label-distribution-delta-std: 0.0
val/optimal-transport-distance: 19.632028579711914
val/optimal-transport-distance-std: 0.0
val/sequence-labels-entropy: 1.001344919204712
val/sequence-labels-entropy-std: 0.0
val/sequence-unique-labels: 9.836528778076172
val/sequence-unique-labels-std: 0.0
val/target-sequence-labels-entropy: 1.4387577772140503
val/target-sequence-labels-entropy-std: 0.0
val/target-sequence-unique-labels: 17.52985191345215
val/target-sequence-unique-labels-std: 0.0
