date: '2025-02-19 18:36:50'
num_seeds: 5
test/T-mAP: 0.21616272032260894
test/T-mAP-micro: 0.2664810121059418
test/T-mAP-micro-std: 0.004599158353291854
test/T-mAP-std: 0.0029115176442925657
test/horizon-max-accuracy-micro: 0.5381728172302246
test/horizon-max-accuracy-micro-std: 0.0013353544279153375
test/horizon-mean-time-step: 2.4154512882232666
test/horizon-mean-time-step-std: 0.07867309359751777
test/loss: 4.669810676574707
test/loss-std: 1.947479090787217
test/loss_labels: 1.1608601808547974
test/loss_labels-std: 0.01041023624102574
test/loss_timestamps: 3.5089498206973078
test/loss_timestamps-std: 1.9565672369303089
test/mean-predicted-length: 9.832950592041016
test/mean-predicted-length-std: 0.08404503149925208
test/mean-target-length: 8.947009086608887
test/mean-target-length-std: 0.0
test/next-item-accuracy: 0.5823521256446839
test/next-item-accuracy-std: 0.0013523450028002692
test/next-item-mae: 3.9308245182037354
test/next-item-mae-std: 0.034713594736635496
test/next-item-map: 0.45620580315589904
test/next-item-map-micro: 0.5818888306617737
test/next-item-map-micro-std: 0.0036616620527724214
test/next-item-map-std: 0.012808803430507634
test/next-item-max-accuracy: 0.6246186256408691
test/next-item-max-accuracy-std: 0.0013913552160863118
test/next-item-mean-time-step: 27.669182586669923
test/next-item-mean-time-step-std: 0.012537920140729268
test/next-item-rmse: 8.96884536743164
test/next-item-rmse-std: 0.022604892113301578
test/next-k-label-distribution-delta: 3.982135534286499
test/next-k-label-distribution-delta-std: 0.029980957461481498
test/optimal-transport-distance: 13.761879348754883
test/optimal-transport-distance-std: 0.05570925943911266
test/sequence-labels-entropy: 1.4606930494308472
test/sequence-labels-entropy-std: 0.004649687353831196
test/timestamps-bias-mean: 2.590049076080322
test/timestamps-bias-mean-std: 0.10762563017460285
test/timestamps-current_influence: -0.009343740902841092
test/timestamps-current_influence-std: 0.000822086463565954
val/T-mAP: 0.22004086673259735
val/T-mAP-micro: 0.2696462571620941
val/T-mAP-micro-std: 0.004581881001486055
val/T-mAP-std: 0.002819265518604433
val/horizon-max-accuracy-micro: 0.5390708327293396
val/horizon-max-accuracy-micro-std: 0.0011310780839342716
val/horizon-mean-time-step: 2.4120986461639404
val/horizon-mean-time-step-std: 0.07785952605371685
val/loss: 4.155394506454468
val/loss-std: 2.092006539259554
val/loss_labels: 1.1583678007125855
val/loss_labels-std: 0.010591701286795176
val/loss_timestamps: 2.997026187181473
val/loss_timestamps-std: 2.1011740457650476
val/mean-predicted-length: 9.831004524230957
val/mean-predicted-length-std: 0.08878131719224433
val/mean-target-length: 9.00789737701416
val/mean-target-length-std: 0.0
val/next-item-accuracy: 0.5831642985343933
val/next-item-accuracy-std: 0.0016072863113989573
val/next-item-mae: 3.8775935649871824
val/next-item-mae-std: 0.034710636182246575
val/next-item-map: 0.44975305199623106
val/next-item-map-micro: 0.5822368264198303
val/next-item-map-micro-std: 0.003656984261351522
val/next-item-map-std: 0.005008138531513721
val/next-item-max-accuracy: 0.6251345157623291
val/next-item-max-accuracy-std: 0.001205861937845877
val/next-item-mean-time-step: 26.956113815307617
val/next-item-mean-time-step-std: 0.011850467296402547
val/next-item-rmse: 8.903398704528808
val/next-item-rmse-std: 0.023358433409103038
val/next-k-label-distribution-delta: 3.9590566635131834
val/next-k-label-distribution-delta-std: 0.029751345531849493
val/optimal-transport-distance: 13.685492897033692
val/optimal-transport-distance-std: 0.05351254486785367
val/sequence-labels-entropy: 1.4673616886138916
val/sequence-labels-entropy-std: 0.005165784264362379
val/timestamps-bias-mean: 2.6192814826965334
val/timestamps-bias-mean-std: 0.1081336197892054
val/timestamps-current_influence: -0.009343739971518517
val/timestamps-current_influence-std: 0.0008220856765637993
