date: '2025-11-20 20:25:04'
num_seeds: 5
test/T-mAP: 0.04199137166142464
test/T-mAP-std: 0.0
test/T-mAP-weighted: 0.06438517570495605
test/T-mAP-weighted-std: 0.0
test/horizon-edit-distance: 0.9471357464790344
test/horizon-edit-distance-std: 0.0
test/horizon-f1-score-micro: 0.10011228173971176
test/horizon-f1-score-micro-std: 0.0
test/horizon-max-f-score: 0.09258925169706345
test/horizon-max-f-score-std: 0.0
test/horizon-max-f-score-weighted: 0.14090754091739655
test/horizon-max-f-score-weighted-std: 0.0
test/horizon-mean-time-step: 0.12957915663719177
test/horizon-mean-time-step-std: 0.0
test/loss: 0.0
test/loss-std: 0.0
test/mean-predicted-length: 159.20445251464844
test/mean-predicted-length-std: 0.0
test/mean-target-length: 8.931282043457031
test/mean-target-length-std: 0.0
test/next-item-accuracy: 0.007217210717499256
test/next-item-accuracy-std: 0.0
test/next-item-mae: 3.225145101547241
test/next-item-mae-std: 0.0
test/next-item-map: 0.026321306824684143
test/next-item-map-std: 0.0
test/next-item-map-weighted: 0.0411725714802742
test/next-item-map-weighted-std: 0.0
test/next-item-max-f-score: 0.054724618792533875
test/next-item-max-f-score-std: 0.0
test/next-item-max-f-score-weighted: 0.08709872514009476
test/next-item-max-f-score-weighted-std: 0.0
test/next-item-mean-time-step: 27.33283805847168
test/next-item-mean-time-step-std: 0.0
test/next-item-rmse: 8.743672370910645
test/next-item-rmse-std: 0.0
test/next-k-label-distribution-delta: 8.256623268127441
test/next-k-label-distribution-delta-std: 0.0
test/optimal-transport-distance: 18.93124008178711
test/optimal-transport-distance-std: 0.0
test/sequence-labels-entropy: 1.951219916343689
test/sequence-labels-entropy-std: 0.0
test/sequence-unique-labels: 31.84303855895996
test/sequence-unique-labels-std: 0.0
test/target-sequence-labels-entropy: 1.4284906387329102
test/target-sequence-labels-entropy-std: 0.0
test/target-sequence-unique-labels: 17.453502655029297
test/target-sequence-unique-labels-std: 0.0
val/T-mAP: 0.04286673665046692
val/T-mAP-std: 0.0
val/T-mAP-weighted: 0.06483027338981628
val/T-mAP-weighted-std: 0.0
val/horizon-edit-distance: 0.9467419981956482
val/horizon-edit-distance-std: 0.0
val/horizon-f1-score-micro: 0.10080935806035995
val/horizon-f1-score-micro-std: 0.0
val/horizon-max-f-score: 0.09398050606250763
val/horizon-max-f-score-std: 0.0
val/horizon-max-f-score-weighted: 0.14099808037281036
val/horizon-max-f-score-weighted-std: 0.0
val/horizon-mean-time-step: 0.12964268028736115
val/horizon-mean-time-step-std: 0.0
val/loss: 0.0
val/loss-std: 0.0
val/mean-predicted-length: 159.12692260742188
val/mean-predicted-length-std: 0.0
val/mean-target-length: 9.00789737701416
val/mean-target-length-std: 0.0
val/next-item-accuracy: 0.007271175738424063
val/next-item-accuracy-std: 0.0
val/next-item-mae: 3.18967866897583
val/next-item-mae-std: 0.0
val/next-item-map: 0.026340294629335403
val/next-item-map-std: 0.0
val/next-item-map-weighted: 0.04100213572382927
val/next-item-map-weighted-std: 0.0
val/next-item-max-f-score: 0.05473656579852104
val/next-item-max-f-score-std: 0.0
val/next-item-max-f-score-weighted: 0.08665095269680023
val/next-item-max-f-score-weighted-std: 0.0
val/next-item-mean-time-step: 26.56513214111328
val/next-item-mean-time-step-std: 0.0
val/next-item-rmse: 8.679254531860352
val/next-item-rmse-std: 0.0
val/next-k-label-distribution-delta: 8.266901016235352
val/next-k-label-distribution-delta-std: 0.0
val/optimal-transport-distance: 18.93962287902832
val/optimal-transport-distance-std: 0.0
val/sequence-labels-entropy: 1.9541175365447998
val/sequence-labels-entropy-std: 0.0
val/sequence-unique-labels: 31.821392059326172
val/sequence-unique-labels-std: 0.0
val/target-sequence-labels-entropy: 1.4387577772140503
val/target-sequence-labels-entropy-std: 0.0
val/target-sequence-unique-labels: 17.52985191345215
val/target-sequence-unique-labels-std: 0.0
