date: '2025-02-12 10:34:41'
num_seeds: 5
test/T-mAP: 0.23210159540176392
test/T-mAP-micro: 0.2839804351329803
test/T-mAP-micro-std: 0.0008530647800257415
test/T-mAP-std: 0.0007355905744203039
test/horizon-max-accuracy-micro: 0.548478651046753
test/horizon-max-accuracy-micro-std: 0.0008630740209499496
test/horizon-mean-time-step: 0.20719265043735505
test/horizon-mean-time-step-std: 0.013264334302407263
test/loss: 5.469027519226074
test/loss-std: 0.004985677291242601
test/loss_decoder_labels: 2.620592212677002
test/loss_decoder_labels-std: 0.003216993564351846
test/loss_decoder_timestamps: 2.833717203140259
test/loss_decoder_timestamps-std: 0.0013550294587879117
test/loss_diffusion: 0.014718104898929597
test/loss_diffusion-std: 0.0007454380226058356
test/loss_embedder_regularizer: 5.233711142423048e-13
test/loss_embedder_regularizer-std: 2.167331648338767e-13
test/mean-predicted-length: 15.330235290527344
test/mean-predicted-length-std: 0.14461404311866216
test/mean-target-length: 8.947009086608887
test/mean-target-length-std: 0.0
test/next-item-accuracy: 0.44397702217102053
test/next-item-accuracy-std: 0.05344086598610332
test/next-item-mae: 2.985915517807007
test/next-item-mae-std: 0.04567357279528876
test/next-item-map: 0.3325620710849762
test/next-item-map-micro: 0.4521935641765594
test/next-item-map-micro-std: 0.04614168979869296
test/next-item-map-std: 0.037976114969985444
test/next-item-max-accuracy: 0.5937321901321411
test/next-item-max-accuracy-std: 0.011766334701209368
test/next-item-mean-time-step: 27.71477928161621
test/next-item-mean-time-step-std: 0.05904113917926375
test/next-item-rmse: 8.798653602600098
test/next-item-rmse-std: 0.08140052093333038
test/next-k-label-distribution-delta: 4.6240074157714846
test/next-k-label-distribution-delta-std: 0.07661974053512376
test/optimal-transport-distance: 13.102712631225586
test/optimal-transport-distance-std: 0.07901765908630243
test/sequence-labels-entropy: 1.1339835405349732
test/sequence-labels-entropy-std: 0.01123782931207669
val/T-mAP: 0.23401460647583008
val/T-mAP-micro: 0.28404781222343445
val/T-mAP-micro-std: 0.0012249776115705456
val/T-mAP-std: 0.0008589399971606372
val/horizon-max-accuracy-micro: 0.5493934392929077
val/horizon-max-accuracy-micro-std: 0.0007677301461368896
val/horizon-mean-time-step: 0.20799185931682587
val/horizon-mean-time-step-std: 0.013307137299458285
val/loss: 5.43467607498169
val/loss-std: 0.004679584710160546
val/loss_decoder_labels: 2.612688398361206
val/loss_decoder_labels-std: 0.003034398268615086
val/loss_decoder_timestamps: 2.807313346862793
val/loss_decoder_timestamps-std: 0.0012369005846453289
val/loss_diffusion: 0.014673846960067748
val/loss_diffusion-std: 0.0007498816441291522
val/loss_embedder_regularizer: 5.23298282961368e-13
val/loss_embedder_regularizer-std: 2.1677131866609663e-13
val/mean-predicted-length: 15.348644638061524
val/mean-predicted-length-std: 0.14993755112438614
val/mean-target-length: 9.00789737701416
val/mean-target-length-std: 0.0
val/next-item-accuracy: 0.44333075881004336
val/next-item-accuracy-std: 0.05371130153586532
val/next-item-mae: 2.943395662307739
val/next-item-mae-std: 0.04531478232863289
val/next-item-map: 0.332415771484375
val/next-item-map-micro: 0.4515195071697235
val/next-item-map-micro-std: 0.046200722286097125
val/next-item-map-std: 0.03792038451642272
val/next-item-max-accuracy: 0.5938855528831481
val/next-item-max-accuracy-std: 0.011931140582129629
val/next-item-mean-time-step: 26.9905948638916
val/next-item-mean-time-step-std: 0.058159655110738985
val/next-item-rmse: 8.72768611907959
val/next-item-rmse-std: 0.07950650835172172
val/next-k-label-distribution-delta: 4.6056516647338865
val/next-k-label-distribution-delta-std: 0.07731578069266137
val/optimal-transport-distance: 13.0880277633667
val/optimal-transport-distance-std: 0.07894205628842872
val/sequence-labels-entropy: 1.1384552717208862
val/sequence-labels-entropy-std: 0.010878459848396466
