date: '2025-02-12 17:04:55'
num_seeds: 1
test/T-mAP: 0.053748369216918945
test/T-mAP-std: 0.0
test/T-mAP-weighted: 0.08304627239704132
test/T-mAP-weighted-std: 0.0
test/horizon-max-f-score: 0.10369221121072769
test/horizon-max-f-score-std: 0.0
test/horizon-max-f-score-weighted: 0.1502745896577835
test/horizon-max-f-score-weighted-std: 0.0
test/horizon-mean-time-step: 0.12971630692481995
test/horizon-mean-time-step-std: 0.0
test/loss: 0.0
test/loss-std: 0.0
test/mean-predicted-length: 159.0371856689453
test/mean-predicted-length-std: 0.0
test/mean-target-length: 8.919472694396973
test/mean-target-length-std: 0.0
test/next-item-accuracy: 0.04070236161351204
test/next-item-accuracy-std: 0.0
test/next-item-mae: 3.5681891441345215
test/next-item-mae-std: 0.0
test/next-item-map: 0.02775483950972557
test/next-item-map-std: 0.0
test/next-item-map-weighted: 0.04413805902004242
test/next-item-map-weighted-std: 0.0
test/next-item-max-f-score: 0.0547650046646595
test/next-item-max-f-score-std: 0.0
test/next-item-max-f-score-weighted: 0.08713345229625702
test/next-item-max-f-score-weighted-std: 0.0
test/next-item-mean-time-step: 27.354528427124023
test/next-item-mean-time-step-std: 0.0
test/next-item-rmse: 8.9054594039917
test/next-item-rmse-std: 0.0
test/next-k-label-distribution-delta: 8.507877349853516
test/next-k-label-distribution-delta-std: 0.0
test/optimal-transport-distance: 19.011545181274414
test/optimal-transport-distance-std: 0.0
test/sequence-labels-entropy: 1.9505531787872314
test/sequence-labels-entropy-std: 0.0
val/T-mAP: 0.054274339228868484
val/T-mAP-std: 0.0
val/T-mAP-weighted: 0.08349476009607315
val/T-mAP-weighted-std: 0.0
val/horizon-max-f-score: 0.10379615426063538
val/horizon-max-f-score-std: 0.0
val/horizon-max-f-score-weighted: 0.15046426653862
val/horizon-max-f-score-weighted-std: 0.0
val/horizon-mean-time-step: 0.12992699444293976
val/horizon-mean-time-step-std: 0.0
val/loss: 0.0
val/loss-std: 0.0
val/mean-predicted-length: 158.78091430664062
val/mean-predicted-length-std: 0.0
val/mean-target-length: 9.000659942626953
val/mean-target-length-std: 0.0
val/next-item-accuracy: 0.040077392011880875
val/next-item-accuracy-std: 0.0
val/next-item-mae: 3.5230343341827393
val/next-item-mae-std: 0.0
val/next-item-map: 0.027740389108657837
val/next-item-map-std: 0.0
val/next-item-map-weighted: 0.04390678182244301
val/next-item-map-weighted-std: 0.0
val/next-item-max-f-score: 0.054752130061388016
val/next-item-max-f-score-std: 0.0
val/next-item-max-f-score-weighted: 0.08669936656951904
val/next-item-max-f-score-weighted-std: 0.0
val/next-item-mean-time-step: 26.646175384521484
val/next-item-mean-time-step-std: 0.0
val/next-item-rmse: 8.829415321350098
val/next-item-rmse-std: 0.0
val/next-k-label-distribution-delta: 8.51366138458252
val/next-k-label-distribution-delta-std: 0.0
val/optimal-transport-distance: 19.009302139282227
val/optimal-transport-distance-std: 0.0
val/sequence-labels-entropy: 1.9529377222061157
val/sequence-labels-entropy-std: 0.0
