date: '2024-06-05 17:45:47'
test/detection-mAP: 0.08721279352903366
test/horizon-mean-time-step: 1.4168518781661987
test/loss: -0.10526926815509796
test/loss_nhp: -0.10526926815509796
test/mean-predicted-length: 12.369940757751465
test/mean-target-length: 8.905867576599121
test/next-item-accuracy: 0.23773425817489624
test/next-item-mae: 6.354874134063721
test/next-item-mean-time-step: 3.752479076385498
test/next-item-rmse: 10.09280776977539
test/optimal-transport-distance: 18.818513870239258
val/detection-mAP: 0.08655974268913269
val/horizon-mean-time-step: 1.4160672426223755
val/loss: -0.10766550153493881
val/loss_nhp: -0.10766550153493881
val/mean-predicted-length: 12.360306739807129
val/mean-target-length: 8.920743942260742
val/next-item-accuracy: 0.23875360190868378
val/next-item-mae: 6.308592796325684
val/next-item-mean-time-step: 3.7225594520568848
val/next-item-rmse: 10.041544914245605
val/optimal-transport-distance: 18.851232528686523
