date: '2024-06-04 15:33:06'
test/detection-mAP: 0.023810822516679764
test/horizon-mean-time-step: 24.701135635375977
test/loss: 0.0
test/mean-predicted-length: 4.173293113708496
test/mean-target-length: 8.905867576599121
test/next-item-accuracy: 0.0087663559243083
test/next-item-mae: 4.767778396606445
test/next-item-mean-time-step: 4.611569404602051
test/next-item-rmse: 11.143487930297852
test/optimal-transport-distance: 19.744173049926758
val/detection-mAP: 0.023147404193878174
val/horizon-mean-time-step: 24.624353408813477
val/loss: 0.0
val/mean-predicted-length: 4.167125225067139
val/mean-target-length: 8.920743942260742
val/next-item-accuracy: 0.008352460339665413
val/next-item-mae: 4.7350754737854
val/next-item-mean-time-step: 4.574811935424805
val/next-item-rmse: 11.111435890197754
val/optimal-transport-distance: 19.774545669555664
