date: '2024-06-04 15:32:44'
test/detection-mAP: 0.03208516165614128
test/horizon-mean-time-step: 16.807588577270508
test/loss: 0.0
test/mean-predicted-length: 11.648183822631836
test/mean-target-length: 8.905867576599121
test/next-item-accuracy: 0.015134157612919807
test/next-item-mae: 3.534777879714966
test/next-item-mean-time-step: 3.4211134910583496
test/next-item-rmse: 9.61881160736084
test/optimal-transport-distance: 18.724702835083008
val/detection-mAP: 0.03187374398112297
val/horizon-mean-time-step: 16.861099243164062
val/loss: 0.0
val/mean-predicted-length: 11.639041900634766
val/mean-target-length: 8.920743942260742
val/next-item-accuracy: 0.015595786273479462
val/next-item-mae: 3.5033767223358154
val/next-item-mean-time-step: 3.388270854949951
val/next-item-rmse: 9.584288597106934
val/optimal-transport-distance: 18.71540641784668
