date: '2024-08-16 14:14:18'
test/T-mAP: 0.21749477088451385
test/horizon-mean-time-step: 2.721958637237549
test/loss: 0.6796432137489319
test/loss_labels: 1.2186540365219116
test/loss_timestamps: -0.5390113592147827
test/mean-predicted-length: 9.004441261291504
test/mean-target-length: 8.905867576599121
test/next-item-accuracy: 0.5691373944282532
test/next-item-mae: 27.940128326416016
test/next-item-mean-time-step: 28.214754104614258
test/next-item-rmse: 183.97193908691406
test/optimal-transport-distance: 13.923310279846191
test/timestamps-bias-mean: 2.4770700931549072
test/timestamps-current_influence: -0.013001197949051857
val/T-mAP: 0.21761387586593628
val/horizon-mean-time-step: 2.72210955619812
val/loss: 1.1171706914901733
val/loss_labels: 1.2137136459350586
val/loss_timestamps: -0.09654351323843002
val/mean-predicted-length: 8.946149826049805
val/mean-target-length: 8.920743942260742
val/next-item-accuracy: 0.570511519908905
val/next-item-mae: 27.421714782714844
val/next-item-mean-time-step: 27.68296241760254
val/next-item-rmse: 180.48550415039062
val/optimal-transport-distance: 13.912054061889648
val/timestamps-bias-mean: 2.5037925243377686
val/timestamps-current_influence: -0.013001195155084133
