date: '2026-02-21 18:03:23'
test/T-mAP: 0.12662352621555328
test/T-mAP-weighted: 0.4303717017173767
test/horizon-max-f-score: 0.19162672758102417
test/horizon-max-f-score-weighted: 0.48969537019729614
test/horizon-mean-time-step: 0.5415945649147034
test/loss: 3.2694640159606934
test/loss_labels: 2.539332151412964
test/loss_timestamps: 0.7301318645477295
test/mean-predicted-length: 18.952104568481445
test/mean-target-length: 15.583646774291992
test/next-item-accuracy: 0.3557324707508087
test/next-item-mae: 0.7250082492828369
test/next-item-map: 0.084048792719841
test/next-item-map-weighted: 0.2889675498008728
test/next-item-max-f-score: 0.14410345256328583
test/next-item-max-f-score-weighted: 0.40536439418792725
test/next-item-mean-time-step: 0.9404089450836182
test/next-item-rmse: 1.1316221952438354
test/next-k-label-distribution-delta: 7.903523921966553
test/optimal-transport-distance: 13.447665214538574
test/sequence-labels-entropy: 0.9417936205863953
test/target-sequence-labels-entropy: 1.4227652549743652
val/T-mAP: 0.12540116906166077
val/T-mAP-weighted: 0.4256477952003479
val/horizon-max-f-score: 0.19110532104969025
val/horizon-max-f-score-weighted: 0.4795442223548889
val/horizon-mean-time-step: 0.5315901637077332
val/loss: 3.2022805213928223
val/loss_labels: 2.4607536792755127
val/loss_timestamps: 0.7415266633033752
val/mean-predicted-length: 19.20879554748535
val/mean-target-length: 15.263496398925781
val/next-item-accuracy: 0.3648972809314728
val/next-item-mae: 0.7346903085708618
val/next-item-map: 0.08520828187465668
val/next-item-map-weighted: 0.3009062707424164
val/next-item-max-f-score: 0.14283616840839386
val/next-item-max-f-score-weighted: 0.4190763831138611
val/next-item-mean-time-step: 0.9665930271148682
val/next-item-rmse: 1.149890422821045
val/next-k-label-distribution-delta: 7.7554521560668945
val/optimal-transport-distance: 13.33115291595459
val/sequence-labels-entropy: 0.8567483425140381
val/target-sequence-labels-entropy: 1.385812759399414
