date: '2025-12-14 20:15:43'
test/T-mAP: 0.11601350456476212
test/T-mAP-weighted: 0.33635932207107544
test/horizon-max-f-score: 0.180030956864357
test/horizon-max-f-score-weighted: 0.40655890107154846
test/horizon-mean-time-step: 0.439196914434433
test/loss: 2.4330174922943115
test/loss_labels: 1.7602910995483398
test/loss_timestamps: 0.6727262139320374
test/mean-predicted-length: 21.208690643310547
test/mean-target-length: 15.583646774291992
test/next-item-accuracy: 0.41882961988449097
test/next-item-mae: 0.6705942153930664
test/next-item-map: 0.11200900375843048
test/next-item-map-weighted: 0.3261144757270813
test/next-item-max-f-score: 0.17455768585205078
test/next-item-max-f-score-weighted: 0.4303295910358429
test/next-item-mean-time-step: 0.8981069326400757
test/next-item-rmse: 1.081266164779663
test/next-k-label-distribution-delta: 9.452617645263672
test/optimal-transport-distance: 13.434582710266113
test/sequence-labels-entropy: 0.39411503076553345
test/target-sequence-labels-entropy: 1.4227653741836548
val/T-mAP: 0.11356821656227112
val/T-mAP-weighted: 0.3367304801940918
val/horizon-max-f-score: 0.18329815566539764
val/horizon-max-f-score-weighted: 0.4034353494644165
val/horizon-mean-time-step: 0.43214404582977295
val/loss: 2.400695323944092
val/loss_labels: 1.717950701713562
val/loss_timestamps: 0.6827448606491089
val/mean-predicted-length: 21.847694396972656
val/mean-target-length: 15.263496398925781
val/next-item-accuracy: 0.43412649631500244
val/next-item-mae: 0.6786316633224487
val/next-item-map: 0.10910508036613464
val/next-item-map-weighted: 0.33976879715919495
val/next-item-max-f-score: 0.16845540702342987
val/next-item-max-f-score-weighted: 0.43948477506637573
val/next-item-mean-time-step: 0.9235043525695801
val/next-item-rmse: 1.099224328994751
val/next-k-label-distribution-delta: 9.256345748901367
val/optimal-transport-distance: 13.33858585357666
val/sequence-labels-entropy: 0.35302913188934326
val/target-sequence-labels-entropy: 1.3858129978179932
